sample_num	sample_time	sampling_interval	imaging_frame	frame_time	stimulus_epoch	stim_frame	epoch_time	stim_info1	stim_info2	stim_info3	
1	0.02	0.02	0	1.0	1	0.02	0	0	0	
2	0.035	0.015	0	1.0	2	0.035	0	0	0	
3	0.052	0.017	0	1.0	3	0.052	0	0	0	
4	0.069	0.016	0	1.0	4	0.069	0	0	0	
5	0.085	0.017	0	1.0	5	0.085	0	0	0	
6	0.102	0.017	0	1.0	6	0.102	0	0	0	
7	0.119	0.017	0	1.0	7	0.119	0	0	0	
8	0.135	0.017	0	1.0	8	0.135	0	0	0	
9	0.152	0.017	0	1.0	9	0.152	0	0	0	
10	0.169	0.017	0	1.0	10	0.169	0	0	0	
11	0.186	0.018	0	1.0	11	0.186	0	0	0	
12	0.202	0.016	0	1.0	12	0.202	0	0	0	
13	0.219	0.017	0	1.0	13	0.219	0	0	0	
14	0.235	0.017	0	1.0	14	0.235	0	0	0	
15	0.252	0.017	0	1.0	15	0.253	0	0	0	
16	0.268	0.016	0	1.0	16	0.268	0	0	0	
17	0.286	0.018	0	1.0	17	0.286	0	0	0	
18	0.302	0.016	0	1.0	18	0.302	0	0	0	
19	0.319	0.018	0	1.0	19	0.319	0	0	0	
20	0.335	0.016	0	1.0	20	0.335	0	0	0	
21	0.353	0.017	0	1.0	21	0.353	0	0	0	
22	0.368	0.016	0	1.0	22	0.368	0	0	0	
23	0.386	0.018	0	1.0	23	0.386	0	0	0	
24	0.402	0.016	0	1.0	24	0.402	0	0	0	
25	0.419	0.017	0	1.0	25	0.419	0	0	0	
26	0.436	0.017	0	1.0	26	0.436	0	0	0	
27	0.452	0.016	0	1.0	27	0.452	0	0	0	
28	0.469	0.017	0	1.0	28	0.469	0	0	0	
29	0.485	0.016	0	1.0	29	0.485	0	0	0	
30	0.503	0.018	0	1.0	30	0.503	0	0	0	
31	0.518	0.016	0	1.0	31	0.518	0	0	0	
32	0.536	0.018	0	1.0	32	0.536	0	0	0	
33	0.552	0.016	0	1.0	33	0.552	0	0	0	
34	0.569	0.017	0	1.0	34	0.569	0	0	0	
35	0.586	0.017	0	1.0	35	0.586	0	0	0	
36	0.602	0.016	0	1.0	36	0.602	0	0	0	
37	0.619	0.017	0	1.0	37	0.619	0	0	0	
38	0.636	0.017	0	1.0	38	0.636	0	0	0	
39	0.652	0.017	0	1.0	39	0.652	0	0	0	
40	0.669	0.017	0	1.0	40	0.669	0	0	0	
41	0.686	0.016	0	1.0	41	0.686	0	0	0	
42	0.703	0.017	0	1.0	42	0.703	0	0	0	
43	0.718	0.016	0	1.0	43	0.718	0	0	0	
44	0.736	0.018	0	1.0	44	0.736	0	0	0	
45	0.752	0.015	0	1.0	45	0.752	0	0	0	
46	0.769	0.018	0	1.0	46	0.769	0	0	0	
47	0.785	0.016	0	1.0	47	0.785	0	0	0	
48	0.803	0.018	0	1.0	48	0.803	0	0	0	
49	0.819	0.016	0	1.0	49	0.819	0	0	0	
50	0.837	0.018	0	1.0	50	0.837	0	0	0	
51	0.852	0.015	0	1.0	51	0.852	0	0	0	
52	0.869	0.017	0	1.0	52	0.869	0	0	0	
53	0.886	0.017	0	1.0	53	0.886	0	0	0	
54	0.902	0.016	0	1.0	54	0.902	0	0	0	
55	0.919	0.017	0	1.0	55	0.919	0	0	0	
56	0.936	0.017	0	1.0	56	0.936	0	0	0	
57	0.952	0.017	0	1.0	57	0.952	0	0	0	
58	0.969	0.017	0	1.0	58	0.969	0	0	0	
59	0.986	0.017	0	1.0	59	0.986	0	0	0	
60	1.003	0.017	0	1.0	60	1.003	0	0	0	
61	1.019	0.016	0	1.0	61	1.019	0	0	0	
62	1.036	0.017	0	1.0	62	1.036	0	0	0	
63	1.052	0.016	0	1.0	63	1.052	0	0	0	
64	1.071	0.019	0	1.0	64	1.071	0	0	0	
65	1.085	0.014	0	1.0	65	1.085	0	0	0	
66	1.102	0.017	0	1.0	66	1.102	0	0	0	
67	1.119	0.017	0	1.0	67	1.119	0	0	0	
68	1.135	0.016	0	1.0	68	1.135	0	0	0	
69	1.153	0.018	0	1.0	69	1.153	0	0	0	
70	1.169	0.016	0	1.0	70	1.169	0	0	0	
71	1.186	0.018	0	1.0	71	1.186	0	0	0	
72	1.202	0.016	0	1.0	72	1.202	0	0	0	
73	1.22	0.018	0	1.0	73	1.22	0	0	0	
74	1.235	0.016	0	1.0	74	1.235	0	0	0	
75	1.253	0.017	0	1.0	75	1.253	0	0	0	
76	1.269	0.016	0	1.0	76	1.269	0	0	0	
77	1.286	0.017	0	1.0	77	1.286	0	0	0	
78	1.302	0.017	0	1.0	78	1.302	0	0	0	
79	1.319	0.017	0	1.0	79	1.319	0	0	0	
80	1.336	0.017	0	1.0	80	1.336	0	0	0	
81	1.353	0.017	0	1.0	81	1.353	0	0	0	
82	1.369	0.016	0	1.0	82	1.369	0	0	0	
83	1.386	0.017	0	1.0	83	1.386	0	0	0	
84	1.402	0.017	0	1.0	84	1.402	0	0	0	
85	1.42	0.017	0	1.0	85	1.42	0	0	0	
86	1.435	0.016	0	1.0	86	1.435	0	0	0	
87	1.453	0.018	0	1.0	87	1.453	0	0	0	
88	1.469	0.016	0	1.0	88	1.469	0	0	0	
89	1.486	0.017	0	1.0	89	1.486	0	0	0	
90	1.502	0.016	0	1.0	90	1.502	0	0	0	
91	1.519	0.017	0	1.0	91	1.519	0	0	0	
92	1.536	0.017	0	1.0	92	1.536	0	0	0	
93	1.552	0.016	0	1.0	93	1.552	0	0	0	
94	1.57	0.018	0	1.0	94	1.57	0	0	0	
95	1.586	0.016	0	1.0	95	1.586	0	0	0	
96	1.602	0.017	0	1.0	96	1.602	0	0	0	
97	1.619	0.017	0	1.0	97	1.619	0	0	0	
98	1.636	0.017	0	1.0	98	1.636	0	0	0	
99	1.653	0.017	0	1.0	99	1.653	0	0	0	
100	1.669	0.017	0	1.0	100	1.669	0	0	0	
101	1.686	0.017	0	1.0	101	1.686	0	0	0	
102	1.702	0.016	0	1.0	102	1.702	0	0	0	
103	1.72	0.018	0	1.0	103	1.72	0	0	0	
104	1.735	0.016	0	1.0	104	1.735	0	0	0	
105	1.753	0.018	0	1.0	105	1.753	0	0	0	
106	1.769	0.016	0	1.0	106	1.769	0	0	0	
107	1.786	0.017	0	1.0	107	1.786	0	0	0	
108	1.803	0.017	0	1.0	108	1.803	0	0	0	
109	1.819	0.017	0	1.0	109	1.819	0	0	0	
110	1.836	0.017	0	1.0	110	1.836	0	0	0	
111	1.853	0.017	0	1.0	111	1.853	0	0	0	
112	1.87	0.017	0	1.0	112	1.87	0	0	0	
113	1.886	0.016	0	1.0	113	1.886	0	0	0	
114	1.904	0.018	0	1.0	114	1.904	0	0	0	
115	1.919	0.014	0	1.0	115	1.919	0	0	0	
116	1.937	0.018	0	1.0	116	1.937	0	0	0	
117	1.953	0.016	0	1.0	117	1.953	0	0	0	
118	1.969	0.017	0	1.0	118	1.969	0	0	0	
119	1.986	0.017	0	1.0	119	1.986	0	0	0	
120	2.003	0.017	0	1.0	120	2.003	0	0	0	
121	2.019	0.017	0	1.0	121	2.019	0	0	0	
122	2.037	0.017	0	1.0	122	2.037	0	0	0	
123	2.052	0.016	0	1.0	123	2.052	0	0	0	
124	2.07	0.018	0	1.0	124	2.07	0	0	0	
125	2.086	0.015	0	1.0	125	2.086	0	0	0	
126	2.103	0.018	0	1.0	126	2.103	0	0	0	
127	2.119	0.016	0	1.0	127	2.119	0	0	0	
128	2.137	0.017	0	1.0	128	2.137	0	0	0	
129	2.152	0.016	0	1.0	129	2.152	0	0	0	
130	2.17	0.018	0	1.0	130	2.17	0	0	0	
131	2.186	0.016	0	1.0	131	2.186	0	0	0	
132	2.203	0.017	0	1.0	132	2.203	0	0	0	
133	2.22	0.017	0	1.0	133	2.22	0	0	0	
134	2.236	0.017	0	1.0	134	2.236	0	0	0	
135	2.253	0.017	0	1.0	135	2.253	0	0	0	
136	2.269	0.017	0	1.0	136	2.269	0	0	0	
137	2.286	0.017	0	1.0	137	2.286	0	0	0	
138	2.303	0.017	0	1.0	138	2.303	0	0	0	
139	2.32	0.017	0	1.0	139	2.32	0	0	0	
140	2.336	0.017	0	1.0	140	2.336	0	0	0	
141	2.353	0.017	0	1.0	141	2.353	0	0	0	
142	2.369	0.016	0	1.0	142	2.369	0	0	0	
143	2.387	0.018	0	1.0	143	2.387	0	0	0	
144	2.402	0.016	0	1.0	144	2.402	0	0	0	
145	2.42	0.017	0	1.0	145	2.42	0	0	0	
146	2.436	0.016	0	1.0	146	2.436	0	0	0	
147	2.453	0.017	0	1.0	147	2.453	0	0	0	
148	2.47	0.017	0	1.0	148	2.47	0	0	0	
149	2.486	0.017	0	1.0	149	2.486	0	0	0	
150	2.503	0.016	0	1.0	150	2.503	0	0	0	
151	2.52	0.017	0	1.0	151	2.52	0	0	0	
152	2.536	0.016	0	1.0	152	2.536	0	0	0	
153	2.553	0.017	0	1.0	153	2.553	0	0	0	
154	2.57	0.017	0	1.0	154	2.57	0	0	0	
155	2.587	0.017	0	1.0	155	2.587	0	0	0	
156	2.602	0.016	0	1.0	156	2.602	0	0	0	
157	2.62	0.018	0	1.0	157	2.62	0	0	0	
158	2.636	0.016	0	1.0	158	2.636	0	0	0	
159	2.653	0.017	0	1.0	159	2.653	0	0	0	
160	2.67	0.017	0	1.0	160	2.67	0	0	0	
161	2.686	0.016	0	1.0	161	2.686	0	0	0	
162	2.703	0.017	0	1.0	162	2.703	0	0	0	
163	2.72	0.016	0	1.0	163	2.72	0	0	0	
164	2.736	0.017	0	1.0	164	2.736	0	0	0	
165	2.754	0.018	0	1.0	165	2.754	0	0	0	
166	2.769	0.016	0	1.0	166	2.769	0	0	0	
167	2.787	0.018	0	1.0	167	2.787	0	0	0	
168	2.803	0.016	0	1.0	168	2.803	0	0	0	
169	2.82	0.017	0	1.0	169	2.82	0	0	0	
170	2.836	0.017	0	1.0	170	2.836	0	0	0	
171	2.854	0.017	0	1.0	171	2.854	0	0	0	
172	2.87	0.016	0	1.0	172	2.87	0	0	0	
173	2.887	0.017	0	1.0	173	2.887	0	0	0	
174	2.903	0.016	0	1.0	174	2.903	0	0	0	
175	2.92	0.017	0	1.0	175	2.92	0	0	0	
176	2.936	0.016	0	1.0	176	2.936	0	0	0	
177	2.954	0.018	0	1.0	177	2.954	0	0	0	
178	2.97	0.016	0	1.0	178	2.97	0	0	0	
179	2.986	0.016	0	1.0	179	2.986	0	0	0	
180	3.003	0.017	0	1.0	180	3.003	0	0	0	
181	3.02	0.017	0	1.0	181	3.02	0	0	0	
182	3.036	0.016	0	1.0	182	3.036	0	0	0	
183	3.053	0.017	0	1.0	183	3.053	0	0	0	
184	3.07	0.017	0	1.0	184	3.07	0	0	0	
185	3.087	0.017	0	1.0	185	3.087	0	0	0	
186	3.103	0.016	0	1.0	186	3.103	0	0	0	
187	3.12	0.017	0	1.0	187	3.12	0	0	0	
188	3.136	0.016	0	1.0	188	3.136	0	0	0	
189	3.154	0.017	0	1.0	189	3.154	0	0	0	
190	3.169	0.016	0	1.0	190	3.169	0	0	0	
191	3.187	0.018	0	1.0	191	3.187	0	0	0	
192	3.203	0.016	0	1.0	192	3.203	0	0	0	
193	3.22	0.017	0	1.0	193	3.22	0	0	0	
194	3.236	0.016	0	1.0	194	3.236	0	0	0	
195	3.253	0.017	0	1.0	195	3.253	0	0	0	
196	3.27	0.017	0	1.0	196	3.27	0	0	0	
197	3.286	0.017	0	1.0	197	3.286	0	0	0	
198	3.304	0.017	0	1.0	198	3.304	0	0	0	
199	3.319	0.016	0	1.0	199	3.319	0	0	0	
200	3.337	0.017	0	1.0	200	3.337	0	0	0	
201	3.353	0.017	0	1.0	201	3.353	0	0	0	
202	3.37	0.017	0	1.0	202	3.37	0	0	0	
203	3.386	0.016	0	1.0	203	3.386	0	0	0	
204	3.403	0.017	0	1.0	204	3.403	0	0	0	
205	3.42	0.017	0	1.0	205	3.42	0	0	0	
206	3.436	0.016	0	1.0	206	3.436	0	0	0	
207	3.453	0.017	0	1.0	207	3.453	0	0	0	
208	3.47	0.017	0	1.0	208	3.47	0	0	0	
209	3.486	0.016	0	1.0	209	3.486	0	0	0	
210	3.504	0.018	0	1.0	210	3.504	0	0	0	
211	3.52	0.016	0	1.0	211	3.52	0	0	0	
212	3.536	0.017	0	1.0	212	3.537	0	0	0	
213	3.554	0.017	0	1.0	213	3.554	0	0	0	
214	3.57	0.016	0	1.0	214	3.57	0	0	0	
215	3.587	0.018	0	1.0	215	3.587	0	0	0	
216	3.603	0.016	0	1.0	216	3.603	0	0	0	
217	3.62	0.017	0	1.0	217	3.62	0	0	0	
218	3.637	0.017	0	1.0	218	3.637	0	0	0	
219	3.653	0.017	0	1.0	219	3.653	0	0	0	
220	3.67	0.017	0	1.0	220	3.67	0	0	0	
221	3.687	0.017	0	1.0	221	3.687	0	0	0	
222	3.704	0.017	0	1.0	222	3.704	0	0	0	
223	3.72	0.016	0	1.0	223	3.72	0	0	0	
224	3.737	0.017	0	1.0	224	3.737	0	0	0	
225	3.753	0.017	0	1.0	225	3.753	0	0	0	
226	3.77	0.017	0	1.0	226	3.77	0	0	0	
227	3.787	0.016	0	1.0	227	3.787	0	0	0	
228	3.803	0.017	0	1.0	228	3.803	0	0	0	
229	3.821	0.017	0	1.0	229	3.821	0	0	0	
230	3.837	0.016	0	1.0	230	3.837	0	0	0	
231	3.853	0.017	0	1.0	231	3.853	0	0	0	
232	3.87	0.017	0	1.0	232	3.87	0	0	0	
233	3.887	0.017	0	1.0	233	3.887	0	0	0	
234	3.903	0.017	0	1.0	234	3.903	0	0	0	
235	3.92	0.017	0	1.0	235	3.92	0	0	0	
236	3.937	0.016	0	1.0	236	3.937	0	0	0	
237	3.953	0.017	0	1.0	237	3.953	0	0	0	
238	3.97	0.017	0	1.0	238	3.97	0	0	0	
239	3.987	0.016	0	1.0	239	3.987	0	0	0	
240	4.004	0.017	0	1.0	240	4.004	0	0	0	
241	4.021	0.018	0	2.0	1	0.017	0	0	0	
242	4.037	0.016	0	2.0	2	0.033	0	0	0	
243	4.054	0.017	0	2.0	3	0.05	0	0	0	
244	4.07	0.016	0	2.0	4	0.066	0	0	0	
245	4.087	0.017	0	2.0	5	0.084	1	0	0	
246	4.103	0.016	0	2.0	6	0.099	1	0	0	
247	4.121	0.018	0	2.0	7	0.117	1	0	0	
248	4.137	0.016	0	2.0	8	0.133	1	0	0	
249	4.154	0.017	0	2.0	9	0.15	2	0	0	
250	4.17	0.016	0	2.0	10	0.166	2	0	0	
251	4.188	0.018	0	2.0	11	0.184	2	0	0	
252	4.204	0.016	0	2.0	12	0.2	2	0	0	
253	4.22	0.016	0	2.0	13	0.216	3	0	0	
254	4.238	0.018	0	2.0	14	0.234	3	0	0	
255	4.253	0.015	0	2.0	15	0.249	3	0	0	
256	4.271	0.018	0	2.0	16	0.267	3	0	0	
257	4.287	0.016	0	2.0	17	0.283	4	0	0	
258	4.304	0.017	0	2.0	18	0.3	4	0	0	
259	4.32	0.016	0	2.0	19	0.316	4	0	0	
260	4.337	0.017	0	2.0	20	0.334	4	0	0	
261	4.353	0.016	0	2.0	21	0.35	5	0	0	
262	4.37	0.017	0	2.0	22	0.366	5	0	0	
263	4.387	0.017	0	2.0	23	0.384	5	0	0	
264	4.403	0.016	0	2.0	24	0.399	5	0	0	
265	4.42	0.017	0	2.0	25	0.416	6	0	0	
266	4.437	0.017	0	2.0	26	0.434	6	0	0	
267	4.453	0.016	0	2.0	27	0.449	6	0	0	
268	4.471	0.018	0	2.0	28	0.467	6	0	0	
269	4.486	0.015	0	2.0	29	0.483	7	0	0	
270	4.504	0.018	0	2.0	30	0.5	7	0	0	
271	4.52	0.016	0	2.0	31	0.516	7	0	0	
272	4.538	0.018	0	2.0	32	0.534	7	0	0	
273	4.554	0.016	0	2.0	33	0.55	8	0	0	
274	4.571	0.017	0	2.0	34	0.567	8	0	0	
275	4.587	0.016	0	2.0	35	0.583	8	0	0	
276	4.604	0.017	0	2.0	36	0.601	8	0	0	
277	4.62	0.016	0	2.0	37	0.616	9	0	0	
278	4.638	0.018	0	2.0	38	0.634	9	0	0	
279	4.653	0.016	0	2.0	39	0.65	9	0	0	
280	4.671	0.018	0	2.0	40	0.667	9	0	0	
281	4.688	0.017	0	2.0	41	0.684	10	0	0	
282	4.704	0.016	0	2.0	42	0.7	10	0	0	
283	4.72	0.017	0	2.0	43	0.717	10	0	0	
284	4.738	0.017	0	2.0	44	0.734	10	0	0	
285	4.754	0.016	0	2.0	45	0.75	11	0	0	
286	4.771	0.017	0	2.0	46	0.767	11	0	0	
287	4.787	0.016	0	2.0	47	0.783	11	0	0	
288	4.804	0.017	0	2.0	48	0.801	11	0	0	
289	4.82	0.016	0	2.0	49	0.816	12	0	0	
290	4.839	0.019	0	2.0	50	0.836	12	0	0	
291	4.855	0.016	0	2.0	51	0.852	12	0	0	
292	4.873	0.017	0	2.0	52	0.869	12	0	0	
293	4.889	0.016	0	2.0	53	0.885	13	0	0	
294	4.906	0.017	0	2.0	54	0.902	13	0	0	
295	4.922	0.016	0	2.0	55	0.918	13	0	0	
296	4.939	0.017	0	2.0	56	0.935	13	0	0	
297	4.956	0.017	0	2.0	57	0.952	14	0	0	
298	4.972	0.016	0	2.0	58	0.968	14	0	0	
299	4.989	0.017	0	2.0	59	0.985	14	0	0	
300	5.006	0.017	0	2.0	60	1.002	14	0	0	
301	5.023	0.017	0	2.0	61	1.019	15	0	0	
302	5.039	0.016	0	2.0	62	1.035	15	0	0	
303	5.056	0.017	0	2.0	63	1.052	15	0	0	
304	5.072	0.016	0	2.0	64	1.068	15	0	0	
305	5.089	0.018	0	2.0	65	1.086	16	0	0	
306	5.106	0.016	0	2.0	66	1.102	16	0	0	
307	5.122	0.016	0	2.0	67	1.118	16	0	0	
308	5.139	0.017	0	2.0	68	1.135	16	0	0	
309	5.155	0.016	0	2.0	69	1.152	17	0	0	
310	5.173	0.017	0	2.0	70	1.169	17	0	0	
311	5.189	0.016	0	2.0	71	1.185	17	0	0	
312	5.206	0.017	0	2.0	72	1.202	17	0	0	
313	5.222	0.016	0	2.0	73	1.218	18	0	0	
314	5.239	0.017	0	2.0	74	1.235	18	0	0	
315	5.255	0.016	0	2.0	75	1.251	18	0	0	
316	5.273	0.018	0	2.0	76	1.269	18	0	0	
317	5.289	0.015	0	2.0	77	1.285	19	0	0	
318	5.306	0.017	0	2.0	78	1.302	19	0	0	
319	5.322	0.016	0	2.0	79	1.318	19	0	0	
320	5.339	0.017	0	2.0	80	1.335	19	0	0	
321	5.355	0.016	0	2.0	81	1.351	20	0	0	
322	5.373	0.018	0	2.0	82	1.369	20	0	0	
323	5.389	0.016	0	2.0	83	1.385	20	0	0	
324	5.406	0.017	0	2.0	84	1.402	20	0	0	
325	5.422	0.016	0	2.0	85	1.418	21	0	0	
326	5.439	0.017	0	2.0	86	1.435	21	0	0	
327	5.455	0.016	0	2.0	87	1.451	21	0	0	
328	5.473	0.018	0	2.0	88	1.469	21	0	0	
329	5.489	0.016	0	2.0	89	1.485	22	0	0	
330	5.506	0.017	0	2.0	90	1.502	22	0	0	
331	5.522	0.016	0	2.0	91	1.518	22	0	0	
332	5.539	0.017	0	2.0	92	1.535	22	0	0	
333	5.556	0.017	0	2.0	93	1.552	23	0	0	
334	5.573	0.017	0	2.0	94	1.569	23	0	0	
335	5.589	0.016	0	2.0	95	1.585	23	0	0	
336	5.606	0.017	0	2.0	96	1.602	23	0	0	
337	5.622	0.016	0	2.0	97	1.619	24	0	0	
338	5.639	0.017	0	2.0	98	1.635	24	0	0	
339	5.656	0.017	0	2.0	99	1.652	24	0	0	
340	5.672	0.016	0	2.0	100	1.669	24	0	0	
341	5.689	0.017	0	2.0	101	1.685	25	0	0	
342	5.706	0.017	0	2.0	102	1.703	25	0	0	
343	5.722	0.016	0	2.0	103	1.718	25	0	0	
344	5.739	0.017	0	2.0	104	1.736	25	0	0	
345	5.756	0.016	0	2.0	105	1.752	26	0	0	
346	5.773	0.017	0	2.0	106	1.769	26	0	0	
347	5.789	0.016	0	2.0	107	1.785	26	0	0	
348	5.806	0.017	0	2.0	108	1.802	26	0	0	
349	5.822	0.016	0	2.0	109	1.818	27	0	0	
350	5.839	0.017	0	2.0	110	1.836	27	0	0	
351	5.856	0.016	0	2.0	111	1.852	27	0	0	
352	5.873	0.017	0	2.0	112	1.869	27	0	0	
353	5.889	0.016	0	2.0	113	1.886	28	0	0	
354	5.906	0.016	0	2.0	114	1.902	28	0	0	
355	5.923	0.017	0	2.0	115	1.919	28	0	0	
356	5.939	0.016	0	2.0	116	1.935	28	0	0	
357	5.956	0.017	0	2.0	117	1.952	29	0	0	
358	5.973	0.017	0	2.0	118	1.969	29	0	0	
359	5.989	0.016	0	2.0	119	1.985	29	0	0	
360	6.006	0.018	0	2.0	120	2.002	29	0	0	
361	6.022	0.016	0	2.0	121	2.018	30	0	0	
362	6.039	0.017	0	2.0	122	2.035	30	0	0	
363	6.056	0.017	0	2.0	123	2.053	30	0	0	
364	6.072	0.016	0	2.0	124	2.069	30	0	0	
365	6.09	0.017	0	2.0	125	2.086	31	0	0	
366	6.106	0.016	0	2.0	126	2.102	31	0	0	
367	6.123	0.017	0	2.0	127	2.119	31	0	0	
368	6.139	0.016	0	2.0	128	2.135	31	0	0	
369	6.156	0.017	0	2.0	129	2.153	32	0	0	
370	6.172	0.016	0	2.0	130	2.168	32	0	0	
371	6.191	0.019	0	2.0	131	2.187	32	0	0	
372	6.206	0.015	0	2.0	132	2.202	32	0	0	
373	6.223	0.018	0	2.0	133	2.219	33	0	0	
374	6.239	0.016	0	2.0	134	2.235	33	0	0	
375	6.256	0.017	0	2.0	135	2.253	33	0	0	
376	6.272	0.016	0	2.0	136	2.268	33	0	0	
377	6.29	0.018	0	2.0	137	2.286	34	0	0	
378	6.306	0.016	0	2.0	138	2.302	34	0	0	
379	6.323	0.017	0	2.0	139	2.319	34	0	0	
380	6.339	0.016	0	2.0	140	2.335	34	0	0	
381	6.357	0.018	0	2.0	141	2.353	35	0	0	
382	6.372	0.016	0	2.0	142	2.369	35	0	0	
383	6.39	0.017	0	2.0	143	2.386	35	0	0	
384	6.406	0.016	0	2.0	144	2.402	35	0	0	
385	6.423	0.018	0	2.0	145	2.419	36	0	0	
386	6.439	0.016	0	2.0	146	2.435	36	0	0	
387	6.457	0.018	0	2.0	147	2.453	36	0	0	
388	6.473	0.016	0	2.0	148	2.469	36	0	0	
389	6.49	0.017	0	2.0	149	2.486	37	0	0	
390	6.506	0.016	0	2.0	150	2.502	37	0	0	
391	6.523	0.017	0	2.0	151	2.519	37	0	0	
392	6.539	0.016	0	2.0	152	2.535	37	0	0	
393	6.556	0.017	0	2.0	153	2.553	38	0	0	
394	6.573	0.016	0	2.0	154	2.569	38	0	0	
395	6.59	0.017	0	2.0	155	2.586	38	0	0	
396	6.606	0.016	0	2.0	156	2.602	38	0	0	
397	6.623	0.017	0	2.0	157	2.619	39	0	0	
398	6.64	0.017	0	2.0	158	2.636	39	0	0	
399	6.657	0.017	0	2.0	159	2.653	39	0	0	
400	6.673	0.016	0	2.0	160	2.669	39	0	0	
401	6.69	0.017	0	2.0	161	2.686	40	0	0	
402	6.706	0.016	0	2.0	162	2.702	40	0	0	
403	6.723	0.017	0	2.0	163	2.719	40	0	0	
404	6.739	0.016	0	2.0	164	2.736	40	0	0	
405	6.757	0.017	0	2.0	165	2.753	41	0	0	
406	6.773	0.016	0	2.0	166	2.769	41	0	0	
407	6.79	0.017	0	2.0	167	2.786	41	0	0	
408	6.806	0.016	0	2.0	168	2.802	41	0	0	
409	6.823	0.017	0	2.0	169	2.819	42	0	0	
410	6.839	0.017	0	2.0	170	2.836	42	0	0	
411	6.856	0.017	0	2.0	171	2.853	42	0	0	
412	6.873	0.016	0	2.0	172	2.869	42	0	0	
413	6.89	0.017	0	2.0	173	2.886	43	0	0	
414	6.906	0.016	0	2.0	174	2.902	43	0	0	
415	6.923	0.017	0	2.0	175	2.919	43	0	0	
416	6.939	0.016	0	2.0	176	2.936	43	0	0	
417	6.956	0.017	0	2.0	177	2.952	44	0	0	
418	6.973	0.017	0	2.0	178	2.969	44	0	0	
419	6.99	0.017	0	2.0	179	2.986	44	0	0	
420	7.006	0.016	0	2.0	180	3.002	44	0	0	
421	7.023	0.017	0	2.0	181	3.02	45	0	0	
422	7.04	0.016	0	2.0	182	3.036	45	0	0	
423	7.057	0.017	0	2.0	183	3.053	45	0	0	
424	7.073	0.016	0	2.0	184	3.069	45	0	0	
425	7.09	0.017	0	2.0	185	3.086	46	0	0	
426	7.106	0.016	0	2.0	186	3.103	46	0	0	
427	7.123	0.017	0	2.0	187	3.119	46	0	0	
428	7.14	0.017	0	2.0	188	3.136	46	0	0	
429	7.157	0.017	0	2.0	189	3.153	47	0	0	
430	7.173	0.016	0	2.0	190	3.169	47	0	0	
431	7.19	0.017	0	2.0	191	3.186	47	0	0	
432	7.206	0.016	0	2.0	192	3.202	47	0	0	
433	7.223	0.018	0	2.0	193	3.22	48	0	0	
434	7.24	0.016	0	2.0	194	3.236	48	0	0	
435	7.257	0.018	0	2.0	195	3.254	48	0	0	
436	7.272	0.015	0	2.0	196	3.269	48	0	0	
437	7.29	0.018	0	2.0	197	3.286	49	0	0	
438	7.306	0.016	0	2.0	198	3.302	49	0	0	
439	7.324	0.018	0	2.0	199	3.32	49	0	0	
440	7.34	0.016	0	2.0	200	3.336	49	0	0	
441	7.357	0.017	0	2.0	201	3.353	50	0	0	
442	7.373	0.016	0	2.0	202	3.369	50	0	0	
443	7.39	0.016	0	2.0	203	3.386	50	0	0	
444	7.407	0.017	0	2.0	204	3.403	50	0	0	
445	7.423	0.017	0	2.0	205	3.42	51	0	0	
446	7.44	0.016	0	2.0	206	3.436	51	0	0	
447	7.457	0.017	0	2.0	207	3.453	51	0	0	
448	7.473	0.016	0	2.0	208	3.47	51	0	0	
449	7.49	0.016	0	2.0	209	3.486	52	0	0	
450	7.507	0.017	0	2.0	210	3.503	52	0	0	
451	7.523	0.016	0	2.0	211	3.519	52	0	0	
452	7.54	0.016	0	2.0	212	3.536	52	0	0	
453	7.557	0.017	0	2.0	213	3.553	53	0	0	
454	7.573	0.016	0	2.0	214	3.569	53	0	0	
455	7.59	0.017	0	2.0	215	3.587	53	0	0	
456	7.607	0.016	0	2.0	216	3.603	53	0	0	
457	7.623	0.017	0	2.0	217	3.619	54	0	0	
458	7.64	0.017	0	2.0	218	3.637	54	0	0	
459	7.656	0.016	0	2.0	219	3.652	54	0	0	
460	7.674	0.018	0	2.0	220	3.67	54	0	0	
461	7.69	0.016	0	2.0	221	3.686	55	0	0	
462	7.707	0.017	0	2.0	222	3.703	55	0	0	
463	7.723	0.016	0	2.0	223	3.719	55	0	0	
464	7.74	0.017	0	2.0	224	3.737	55	0	0	
465	7.756	0.016	0	2.0	225	3.752	56	0	0	
466	7.774	0.018	0	2.0	226	3.77	56	0	0	
467	7.789	0.015	0	2.0	227	3.786	56	0	0	
468	7.807	0.018	0	2.0	228	3.803	56	0	0	
469	7.823	0.016	0	2.0	229	3.82	57	0	0	
470	7.84	0.017	0	2.0	230	3.836	57	0	0	
471	7.857	0.017	0	2.0	231	3.853	57	0	0	
472	7.873	0.016	0	2.0	232	3.869	57	0	0	
473	7.89	0.017	0	2.0	233	3.887	58	0	0	
474	7.907	0.016	0	2.0	234	3.903	58	0	0	
475	7.923	0.017	0	2.0	235	3.919	58	0	0	
476	7.94	0.017	0	2.0	236	3.937	58	0	0	
477	7.956	0.016	0	2.0	237	3.953	59	0	0	
478	7.974	0.017	0	2.0	238	3.97	59	0	0	
479	7.99	0.016	0	2.0	239	3.986	59	0	0	
480	8.007	0.017	0	2.0	240	4.003	59	0	0	
481	8.023	0.016	0	2.0	241	4.019	60	0	0	
482	8.04	0.017	0	2.0	242	4.037	60	0	0	
483	8.057	0.016	0	2.0	243	4.053	60	0	0	
484	8.074	0.017	0	2.0	244	4.07	60	0	0	
485	8.09	0.016	0	2.0	245	4.086	61	0	0	
486	8.107	0.018	0	2.0	246	4.104	61	0	0	
487	8.123	0.016	0	2.0	247	4.119	61	0	0	
488	8.14	0.018	0	2.0	248	4.137	61	0	0	
489	8.156	0.016	0	2.0	249	4.152	62	0	0	
490	8.174	0.018	0	2.0	250	4.17	62	0	0	
491	8.19	0.016	0	2.0	251	4.186	62	0	0	
492	8.207	0.018	0	2.0	252	4.203	62	0	0	
493	8.223	0.016	0	2.0	253	4.219	63	0	0	
494	8.24	0.017	0	2.0	254	4.237	63	0	0	
495	8.256	0.016	0	2.0	255	4.252	63	0	0	
496	8.274	0.018	0	2.0	256	4.27	63	0	0	
497	8.29	0.016	0	2.0	257	4.286	64	0	0	
498	8.307	0.017	0	2.0	258	4.303	64	0	0	
499	8.324	0.017	0	2.0	259	4.32	64	0	0	
500	8.34	0.016	0	2.0	260	4.336	64	0	0	
501	8.357	0.017	0	2.0	261	4.354	65	0	0	
502	8.373	0.016	0	2.0	262	4.369	65	0	0	
503	8.39	0.017	0	2.0	263	4.387	65	0	0	
504	8.407	0.016	0	2.0	264	4.403	65	0	0	
505	8.424	0.017	0	2.0	265	4.42	66	0	0	
506	8.44	0.016	0	2.0	266	4.436	66	0	0	
507	8.457	0.017	0	2.0	267	4.453	66	0	0	
508	8.473	0.016	0	2.0	268	4.469	66	0	0	
509	8.491	0.018	0	2.0	269	4.487	67	0	0	
510	8.506	0.015	0	2.0	270	4.503	67	0	0	
511	8.524	0.018	0	2.0	271	4.52	67	0	0	
512	8.54	0.016	0	2.0	272	4.536	67	0	0	
513	8.557	0.017	0	2.0	273	4.553	68	0	0	
514	8.574	0.017	0	2.0	274	4.57	68	0	0	
515	8.59	0.016	0	2.0	275	4.586	68	0	0	
516	8.607	0.017	0	2.0	276	4.603	68	0	0	
517	8.623	0.016	0	2.0	277	4.619	69	0	0	
518	8.641	0.018	0	2.0	278	4.637	69	0	0	
519	8.657	0.016	0	2.0	279	4.653	69	0	0	
520	8.674	0.017	0	2.0	280	4.67	69	0	0	
521	8.69	0.016	0	2.0	281	4.687	70	0	0	
522	8.707	0.017	0	2.0	282	4.703	70	0	0	
523	8.724	0.017	0	2.0	283	4.72	70	0	0	
524	8.741	0.017	0	2.0	284	4.737	70	0	0	
525	8.757	0.016	0	2.0	285	4.753	71	0	0	
526	8.774	0.017	0	2.0	286	4.77	71	0	0	
527	8.79	0.016	0	2.0	287	4.787	71	0	0	
528	8.807	0.017	0	2.0	288	4.804	71	0	0	
529	8.824	0.016	0	2.0	289	4.82	72	0	0	
530	8.841	0.017	0	2.0	290	4.837	72	0	0	
531	8.857	0.016	0	2.0	291	4.853	72	0	0	
532	8.874	0.017	0	2.0	292	4.87	72	0	0	
533	8.891	0.016	0	2.0	293	4.887	73	0	0	
534	8.907	0.017	0	2.0	294	4.903	73	0	0	
535	8.924	0.016	0	2.0	295	4.92	73	0	0	
536	8.941	0.017	0	2.0	296	4.937	73	0	0	
537	8.957	0.016	0	2.0	297	4.953	74	0	0	
538	8.974	0.017	0	2.0	298	4.97	74	0	0	
539	8.991	0.017	0	2.0	299	4.987	74	0	0	
540	9.007	0.016	0	2.0	300	5.003	74	0	0	
541	9.024	0.018	0	2.0	301	5.021	75	0	0	
542	9.04	0.016	0	2.0	302	5.036	75	0	0	
543	9.057	0.018	0	2.0	303	5.054	75	0	0	
544	9.073	0.016	0	2.0	304	5.07	75	0	0	
545	9.091	0.017	0	2.0	305	5.087	76	0	0	
546	9.107	0.016	0	2.0	306	5.103	76	0	0	
547	9.124	0.017	0	2.0	307	5.12	76	0	0	
548	9.14	0.016	0	2.0	308	5.136	76	0	0	
549	9.157	0.018	0	2.0	309	5.154	77	0	0	
550	9.174	0.016	0	2.0	310	5.17	77	0	0	
551	9.191	0.017	0	2.0	311	5.187	77	0	0	
552	9.207	0.016	0	2.0	312	5.203	77	0	0	
553	9.224	0.018	0	2.0	313	5.221	78	0	0	
554	9.24	0.015	0	2.0	314	5.236	78	0	0	
555	9.258	0.018	0	2.0	315	5.254	78	0	0	
556	9.273	0.015	0	2.0	316	5.269	78	0	0	
557	9.291	0.018	0	2.0	317	5.287	79	0	0	
558	9.307	0.016	0	2.0	318	5.303	79	0	0	
559	9.324	0.017	0	2.0	319	5.32	79	0	0	
560	9.34	0.016	0	2.0	320	5.337	79	0	0	
561	9.357	0.017	0	2.0	321	5.353	80	0	0	
562	9.374	0.017	0	2.0	322	5.371	80	0	0	
563	9.391	0.017	0	2.0	323	5.387	80	0	0	
564	9.407	0.016	0	2.0	324	5.403	80	0	0	
565	9.424	0.017	0	2.0	325	5.421	81	0	0	
566	9.44	0.016	0	2.0	326	5.436	81	0	0	
567	9.457	0.017	0	2.0	327	5.453	81	0	0	
568	9.474	0.016	0	2.0	328	5.47	81	0	0	
569	9.491	0.017	0	2.0	329	5.487	82	0	0	
570	9.507	0.016	0	2.0	330	5.503	82	0	0	
571	9.524	0.017	0	2.0	331	5.52	82	0	0	
572	9.541	0.017	0	2.0	332	5.537	82	0	0	
573	9.557	0.016	0	2.0	333	5.554	83	0	0	
574	9.574	0.016	0	2.0	334	5.57	83	0	0	
575	9.591	0.017	0	2.0	335	5.587	83	0	0	
576	9.607	0.016	0	2.0	336	5.603	83	0	0	
577	9.624	0.017	0	2.0	337	5.62	84	0	0	
578	9.64	0.016	0	2.0	338	5.636	84	0	0	
579	9.658	0.018	0	2.0	339	5.654	84	0	0	
580	9.674	0.016	0	2.0	340	5.67	84	0	0	
581	9.692	0.018	0	2.0	341	5.688	85	0	0	
582	9.707	0.015	0	2.0	342	5.703	85	0	0	
583	9.724	0.018	0	2.0	343	5.721	85	0	0	
584	9.74	0.016	0	2.0	344	5.736	85	0	0	
585	9.758	0.018	0	2.0	345	5.754	86	0	0	
586	9.774	0.016	0	2.0	346	5.77	86	0	0	
587	9.791	0.017	0	2.0	347	5.787	86	0	0	
588	9.807	0.016	0	2.0	348	5.803	86	0	0	
589	9.824	0.017	0	2.0	349	5.821	87	0	0	
590	9.843	0.019	0	2.0	350	5.839	87	0	0	
591	9.859	0.016	0	2.0	351	5.855	87	0	0	
592	9.876	0.016	0	2.0	352	5.872	87	0	0	
593	9.893	0.017	0	2.0	353	5.889	88	0	0	
594	9.909	0.016	0	2.0	354	5.905	88	0	0	
595	9.926	0.018	0	2.0	355	5.922	88	0	0	
596	9.943	0.016	0	2.0	356	5.939	88	0	0	
597	9.959	0.016	0	2.0	357	5.955	89	0	0	
598	9.976	0.017	0	2.0	358	5.972	89	0	0	
599	9.992	0.016	0	2.0	359	5.988	89	0	0	
600	10.009	0.017	0	2.0	360	6.006	89	0	0	
601	10.025	0.016	0	2.0	361	6.021	90	0	0	
602	10.043	0.018	0	2.0	362	6.039	90	0	0	
603	10.059	0.016	0	2.0	363	6.055	90	0	0	
604	10.076	0.017	0	2.0	364	6.072	90	0	0	
605	10.092	0.016	0	2.0	365	6.088	91	0	0	
606	10.109	0.017	0	2.0	366	6.106	91	0	0	
607	10.126	0.016	0	2.0	367	6.122	91	0	0	
608	10.143	0.017	0	2.0	368	6.139	91	0	0	
609	10.159	0.016	0	2.0	369	6.155	92	0	0	
610	10.176	0.017	0	2.0	370	6.172	92	0	0	
611	10.192	0.016	0	2.0	371	6.188	92	0	0	
612	10.21	0.018	0	2.0	372	6.206	92	0	0	
613	10.225	0.016	0	2.0	373	6.221	93	0	0	
614	10.243	0.018	0	2.0	374	6.239	93	0	0	
615	10.259	0.016	0	2.0	375	6.255	93	0	0	
616	10.276	0.017	0	2.0	376	6.272	93	0	0	
617	10.292	0.016	0	2.0	377	6.288	94	0	0	
618	10.309	0.017	0	2.0	378	6.306	94	0	0	
619	10.325	0.016	0	2.0	379	6.322	94	0	0	
620	10.343	0.018	0	2.0	380	6.339	94	0	0	
621	10.359	0.016	0	2.0	381	6.355	95	0	0	
622	10.376	0.017	0	2.0	382	6.372	95	0	0	
623	10.393	0.017	0	2.0	383	6.389	95	0	0	
624	10.409	0.016	0	2.0	384	6.405	95	0	0	
625	10.426	0.017	0	2.0	385	6.423	96	0	0	
626	10.442	0.016	0	2.0	386	6.439	96	0	0	
627	10.46	0.018	0	2.0	387	6.457	96	0	0	
628	10.475	0.015	0	2.0	388	6.472	96	0	0	
629	10.493	0.018	0	2.0	389	6.489	97	0	0	
630	10.509	0.016	0	2.0	390	6.505	97	0	0	
631	10.526	0.017	0	2.0	391	6.523	97	0	0	
632	10.542	0.016	0	2.0	392	6.539	97	0	0	
633	10.559	0.017	0	2.0	393	6.556	98	0	0	
634	10.576	0.016	0	2.0	394	6.572	98	0	0	
635	10.593	0.017	0	2.0	395	6.589	98	0	0	
636	10.609	0.016	0	2.0	396	6.605	98	0	0	
637	10.626	0.017	0	2.0	397	6.622	99	0	0	
638	10.643	0.017	0	2.0	398	6.639	99	0	0	
639	10.659	0.016	0	2.0	399	6.655	99	0	0	
640	10.676	0.017	0	2.0	400	6.673	99	0	0	
641	10.692	0.016	0	2.0	401	6.688	100	0	0	
642	10.71	0.017	0	2.0	402	6.706	100	0	0	
643	10.726	0.016	0	2.0	403	6.722	100	0	0	
644	10.743	0.018	0	2.0	404	6.74	100	0	0	
645	10.759	0.015	0	2.0	405	6.755	101	0	0	
646	10.776	0.018	0	2.0	406	6.773	101	0	0	
647	10.792	0.016	0	2.0	407	6.788	101	0	0	
648	10.81	0.018	0	2.0	408	6.806	101	0	0	
649	10.826	0.016	0	2.0	409	6.822	102	0	0	
650	10.843	0.018	0	2.0	410	6.839	102	0	0	
651	10.859	0.016	0	2.0	411	6.855	102	0	0	
652	10.876	0.018	0	2.0	412	6.873	102	0	0	
653	10.892	0.016	0	2.0	413	6.889	103	0	0	
654	10.91	0.017	0	2.0	414	6.906	103	0	0	
655	10.926	0.016	0	2.0	415	6.922	103	0	0	
656	10.943	0.017	0	2.0	416	6.939	103	0	0	
657	10.959	0.016	0	2.0	417	6.955	104	0	0	
658	10.976	0.017	0	2.0	418	6.973	104	0	0	
659	10.993	0.016	0	2.0	419	6.989	104	0	0	
660	11.01	0.017	0	2.0	420	7.006	104	0	0	
661	11.026	0.016	0	2.0	421	7.022	105	0	0	
662	11.043	0.017	0	2.0	422	7.039	105	0	0	
663	11.059	0.017	0	2.0	423	7.055	105	0	0	
664	11.076	0.017	0	2.0	424	7.073	105	0	0	
665	11.093	0.016	0	2.0	425	7.089	106	0	0	
666	11.11	0.017	0	2.0	426	7.106	106	0	0	
667	11.126	0.016	0	2.0	427	7.122	106	0	0	
668	11.143	0.017	0	2.0	428	7.139	106	0	0	
669	11.159	0.016	0	2.0	429	7.155	107	0	0	
670	11.177	0.017	0	2.0	430	7.173	107	0	0	
671	11.193	0.016	0	2.0	431	7.189	107	0	0	
672	11.21	0.017	0	2.0	432	7.206	107	0	0	
673	11.226	0.016	0	2.0	433	7.222	108	0	0	
674	11.243	0.017	0	2.0	434	7.239	108	0	0	
675	11.259	0.016	0	2.0	435	7.255	108	0	0	
676	11.276	0.017	0	2.0	436	7.272	108	0	0	
677	11.293	0.017	0	2.0	437	7.289	109	0	0	
678	11.31	0.017	0	2.0	438	7.306	109	0	0	
679	11.326	0.016	0	2.0	439	7.322	109	0	0	
680	11.343	0.017	0	2.0	440	7.34	109	0	0	
681	11.359	0.016	0	2.0	441	7.355	110	0	0	
682	11.376	0.017	0	2.0	442	7.373	110	0	0	
683	11.392	0.016	0	2.0	443	7.389	110	0	0	
684	11.41	0.018	0	2.0	444	7.406	110	0	0	
685	11.426	0.016	0	2.0	445	7.422	111	0	0	
686	11.443	0.017	0	2.0	446	7.439	111	0	0	
687	11.46	0.017	0	2.0	447	7.456	111	0	0	
688	11.476	0.016	0	2.0	448	7.473	111	0	0	
689	11.493	0.017	0	2.0	449	7.49	112	0	0	
690	11.51	0.016	0	2.0	450	7.506	112	0	0	
691	11.527	0.017	0	2.0	451	7.523	112	0	0	
692	11.543	0.016	0	2.0	452	7.539	112	0	0	
693	11.56	0.017	0	2.0	453	7.556	113	0	0	
694	11.576	0.016	0	2.0	454	7.572	113	0	0	
695	11.593	0.017	0	2.0	455	7.589	113	0	0	
696	11.61	0.017	0	2.0	456	7.606	113	0	0	
697	11.626	0.016	0	2.0	457	7.622	114	0	0	
698	11.643	0.017	0	2.0	458	7.639	114	0	0	
699	11.66	0.017	0	2.0	459	7.656	114	0	0	
700	11.676	0.016	0	2.0	460	7.672	114	0	0	
701	11.694	0.017	0	2.0	461	7.69	115	0	0	
702	11.709	0.016	0	2.0	462	7.706	115	0	0	
703	11.727	0.017	0	2.0	463	7.723	115	0	0	
704	11.743	0.016	0	2.0	464	7.739	115	0	0	
705	11.76	0.017	0	2.0	465	7.756	116	0	0	
706	11.776	0.016	0	2.0	466	7.772	116	0	0	
707	11.793	0.017	0	2.0	467	7.79	116	0	0	
708	11.809	0.016	0	2.0	468	7.806	116	0	0	
709	11.826	0.017	0	2.0	469	7.822	117	0	0	
710	11.843	0.017	0	2.0	470	7.84	117	0	0	
711	11.859	0.016	0	2.0	471	7.856	117	0	0	
712	11.877	0.017	0	2.0	472	7.873	117	0	0	
713	11.893	0.016	0	2.0	473	7.889	118	0	0	
714	11.91	0.017	0	2.0	474	7.906	118	0	0	
715	11.926	0.016	0	2.0	475	7.922	118	0	0	
716	11.943	0.018	0	2.0	476	7.94	118	0	0	
717	11.959	0.016	0	2.0	477	7.956	119	0	0	
718	11.977	0.018	0	2.0	478	7.973	119	0	0	
719	11.993	0.016	0	2.0	479	7.989	119	0	0	
720	12.01	0.017	0	2.0	480	8.007	119	0	0	
721	12.026	0.016	0	2.0	481	8.023	120	0	0	
722	12.043	0.017	0	2.0	482	8.039	120	0	0	
723	12.06	0.017	0	2.0	483	8.057	120	0	0	
724	12.076	0.016	0	2.0	484	8.072	120	0	0	
725	12.094	0.017	0	2.0	485	8.09	121	0	0	
726	12.11	0.016	0	2.0	486	8.106	121	0	0	
727	12.127	0.017	0	2.0	487	8.123	121	0	0	
728	12.143	0.016	0	2.0	488	8.139	121	0	0	
729	12.16	0.018	0	2.0	489	8.157	122	0	0	
730	12.176	0.016	0	2.0	490	8.173	122	0	0	
731	12.194	0.017	0	2.0	491	8.19	122	0	0	
732	12.21	0.016	0	2.0	492	8.206	122	0	0	
733	12.227	0.017	0	2.0	493	8.223	123	0	0	
734	12.243	0.016	0	2.0	494	8.239	123	0	0	
735	12.26	0.016	0	2.0	495	8.256	123	0	0	
736	12.277	0.017	0	2.0	496	8.273	123	0	0	
737	12.293	0.016	0	2.0	497	8.289	124	0	0	
738	12.31	0.017	0	2.0	498	8.306	124	0	0	
739	12.326	0.016	0	2.0	499	8.322	124	0	0	
740	12.343	0.017	0	2.0	500	8.34	124	0	0	
741	12.36	0.016	0	2.0	501	8.356	125	0	0	
742	12.377	0.017	0	2.0	502	8.373	125	0	0	
743	12.393	0.016	0	2.0	503	8.389	125	0	0	
744	12.41	0.017	0	2.0	504	8.407	125	0	0	
745	12.427	0.016	0	2.0	505	8.423	126	0	0	
746	12.443	0.017	0	2.0	506	8.44	126	0	0	
747	12.46	0.017	0	2.0	507	8.456	126	0	0	
748	12.477	0.017	0	2.0	508	8.473	126	0	0	
749	12.493	0.017	0	2.0	509	8.49	127	0	0	
750	12.51	0.016	0	2.0	510	8.506	127	0	0	
751	12.527	0.017	0	2.0	511	8.523	127	0	0	
752	12.543	0.016	0	2.0	512	8.54	127	0	0	
753	12.56	0.016	0	2.0	513	8.556	128	0	0	
754	12.577	0.018	0	2.0	514	8.574	128	0	0	
755	12.593	0.016	0	2.0	515	8.589	128	0	0	
756	12.611	0.018	0	2.0	516	8.608	128	0	0	
757	12.626	0.015	0	2.0	517	8.622	129	0	0	
758	12.644	0.018	0	2.0	518	8.64	129	0	0	
759	12.659	0.016	0	2.0	519	8.656	129	0	0	
760	12.677	0.017	0	2.0	520	8.673	129	0	0	
761	12.693	0.016	0	2.0	521	8.689	130	0	0	
762	12.71	0.017	0	2.0	522	8.706	130	0	0	
763	12.727	0.017	0	2.0	523	8.723	130	0	0	
764	12.743	0.016	0	2.0	524	8.74	130	0	0	
765	12.76	0.016	0	2.0	525	8.756	131	0	0	
766	12.777	0.018	0	2.0	526	8.774	131	0	0	
767	12.793	0.016	0	2.0	527	8.789	131	0	0	
768	12.81	0.017	0	2.0	528	8.807	131	0	0	
769	12.827	0.016	0	2.0	529	8.823	132	0	0	
770	12.844	0.017	0	2.0	530	8.84	132	0	0	
771	12.86	0.016	0	2.0	531	8.856	132	0	0	
772	12.877	0.017	0	2.0	532	8.874	132	0	0	
773	12.893	0.016	0	2.0	533	8.89	133	0	0	
774	12.91	0.017	0	2.0	534	8.907	133	0	0	
775	12.927	0.016	0	2.0	535	8.923	133	0	0	
776	12.944	0.017	0	2.0	536	8.94	133	0	0	
777	12.96	0.016	0	2.0	537	8.956	134	0	0	
778	12.977	0.017	0	2.0	538	8.973	134	0	0	
779	12.993	0.016	0	2.0	539	8.989	134	0	0	
780	13.01	0.017	0	2.0	540	9.007	134	0	0	
781	13.027	0.016	0	2.0	541	9.023	135	0	0	
782	13.044	0.017	0	2.0	542	9.04	135	0	0	
783	13.06	0.016	0	2.0	543	9.056	135	0	0	
784	13.077	0.017	0	2.0	544	9.073	135	0	0	
785	13.093	0.016	0	2.0	545	9.09	136	0	0	
786	13.11	0.017	0	2.0	546	9.106	136	0	0	
787	13.127	0.017	0	2.0	547	9.124	136	0	0	
788	13.143	0.016	0	2.0	548	9.139	136	0	0	
789	13.161	0.018	0	2.0	549	9.157	137	0	0	
790	13.177	0.016	0	2.0	550	9.173	137	0	0	
791	13.194	0.017	0	2.0	551	9.19	137	0	0	
792	13.21	0.016	0	2.0	552	9.206	137	0	0	
793	13.227	0.017	0	2.0	553	9.224	138	0	0	
794	13.243	0.016	0	2.0	554	9.24	138	0	0	
795	13.261	0.017	0	2.0	555	9.257	138	0	0	
796	13.277	0.016	0	2.0	556	9.273	138	0	0	
797	13.294	0.017	0	2.0	557	9.29	139	0	0	
798	13.31	0.016	0	2.0	558	9.306	139	0	0	
799	13.327	0.017	0	2.0	559	9.323	139	0	0	
800	13.343	0.016	0	2.0	560	9.339	139	0	0	
801	13.36	0.017	0	2.0	561	9.357	140	0	0	
802	13.377	0.016	0	2.0	562	9.373	140	0	0	
803	13.394	0.017	0	2.0	563	9.39	140	0	0	
804	13.41	0.016	0	2.0	564	9.406	140	0	0	
805	13.427	0.017	0	2.0	565	9.424	141	0	0	
806	13.443	0.016	0	2.0	566	9.439	141	0	0	
807	13.461	0.018	0	2.0	567	9.457	141	0	0	
808	13.477	0.016	0	2.0	568	9.473	141	0	0	
809	13.494	0.017	0	2.0	569	9.49	142	0	0	
810	13.51	0.016	0	2.0	570	9.507	142	0	0	
811	13.527	0.017	0	2.0	571	9.524	142	0	0	
812	13.543	0.016	0	2.0	572	9.539	142	0	0	
813	13.561	0.018	0	2.0	573	9.557	143	0	0	
814	13.577	0.016	0	2.0	574	9.573	143	0	0	
815	13.594	0.017	0	2.0	575	9.59	143	0	0	
816	13.61	0.016	0	2.0	576	9.606	143	0	0	
817	13.627	0.017	0	2.0	577	9.624	144	0	0	
818	13.643	0.016	0	2.0	578	9.64	144	0	0	
819	13.661	0.017	0	2.0	579	9.657	144	0	0	
820	13.677	0.016	0	2.0	580	9.673	144	0	0	
821	13.694	0.017	0	2.0	581	9.69	145	0	0	
822	13.71	0.016	0	2.0	582	9.707	145	0	0	
823	13.727	0.017	0	2.0	583	9.723	145	0	0	
824	13.744	0.017	0	2.0	584	9.74	145	0	0	
825	13.76	0.016	0	2.0	585	9.756	146	0	0	
826	13.777	0.017	0	2.0	586	9.773	146	0	0	
827	13.794	0.017	0	2.0	587	9.79	146	0	0	
828	13.81	0.016	0	2.0	588	9.806	146	0	0	
829	13.827	0.016	0	2.0	589	9.823	147	0	0	
830	13.844	0.018	0	2.0	590	9.841	147	0	0	
831	13.86	0.015	0	2.0	591	9.856	147	0	0	
832	13.877	0.018	0	2.0	592	9.874	147	0	0	
833	13.894	0.016	0	2.0	593	9.89	148	0	0	
834	13.911	0.017	0	2.0	594	9.907	148	0	0	
835	13.927	0.016	0	2.0	595	9.923	148	0	0	
836	13.944	0.017	0	2.0	596	9.94	148	0	0	
837	13.96	0.016	0	2.0	597	9.956	149	0	0	
838	13.977	0.018	0	2.0	598	9.974	149	0	0	
839	13.993	0.016	0	2.0	599	9.989	149	0	0	
840	14.011	0.018	0	2.0	600	10.007	149	0	0	
841	14.027	0.016	0	2.0	601	10.023	150	0	0	
842	14.044	0.017	0	2.0	602	10.04	150	0	0	
843	14.06	0.016	0	2.0	603	10.057	150	0	0	
844	14.078	0.018	0	2.0	604	10.074	150	0	0	
845	14.094	0.016	0	2.0	605	10.09	151	0	0	
846	14.111	0.017	0	2.0	606	10.107	151	0	0	
847	14.127	0.016	0	2.0	607	10.123	151	0	0	
848	14.144	0.017	0	2.0	608	10.14	151	0	0	
849	14.161	0.017	0	2.0	609	10.157	152	0	0	
850	14.177	0.016	0	2.0	610	10.173	152	0	0	
851	14.194	0.017	0	2.0	611	10.19	152	0	0	
852	14.21	0.016	0	2.0	612	10.206	152	0	0	
853	14.228	0.018	0	2.0	613	10.224	153	0	0	
854	14.243	0.016	0	2.0	614	10.239	153	0	0	
855	14.261	0.018	0	2.0	615	10.257	153	0	0	
856	14.277	0.016	0	2.0	616	10.273	153	0	0	
857	14.294	0.017	0	2.0	617	10.29	154	0	0	
858	14.31	0.016	0	2.0	618	10.306	154	0	0	
859	14.327	0.018	0	2.0	619	10.324	154	0	0	
860	14.344	0.016	0	2.0	620	10.34	154	0	0	
861	14.361	0.017	0	2.0	621	10.357	155	0	0	
862	14.377	0.016	0	2.0	622	10.373	155	0	0	
863	14.394	0.017	0	2.0	623	10.39	155	0	0	
864	14.41	0.016	0	2.0	624	10.406	155	0	0	
865	14.427	0.017	0	2.0	625	10.424	156	0	0	
866	14.444	0.016	0	2.0	626	10.44	156	0	0	
867	14.461	0.017	0	2.0	627	10.457	156	0	0	
868	14.477	0.016	0	2.0	628	10.473	156	0	0	
869	14.494	0.017	0	2.0	629	10.49	157	0	0	
870	14.51	0.016	0	2.0	630	10.506	157	0	0	
871	14.528	0.018	0	2.0	631	10.524	157	0	0	
872	14.544	0.016	0	2.0	632	10.54	157	0	0	
873	14.561	0.017	0	2.0	633	10.557	158	0	0	
874	14.577	0.016	0	2.0	634	10.573	158	0	0	
875	14.594	0.017	0	2.0	635	10.591	158	0	0	
876	14.611	0.016	0	2.0	636	10.607	158	0	0	
877	14.627	0.017	0	2.0	637	10.623	159	0	0	
878	14.645	0.018	0	2.0	638	10.641	159	0	0	
879	14.66	0.016	0	2.0	639	10.657	159	0	0	
880	14.678	0.018	0	2.0	640	10.675	159	0	0	
881	14.693	0.015	0	2.0	641	10.69	160	0	0	
882	14.711	0.018	0	2.0	642	10.707	160	0	0	
883	14.727	0.016	0	2.0	643	10.723	160	0	0	
884	14.744	0.017	0	2.0	644	10.741	160	0	0	
885	14.76	0.016	0	2.0	645	10.756	161	0	0	
886	14.778	0.017	0	2.0	646	10.774	161	0	0	
887	14.794	0.016	0	2.0	647	10.79	161	0	0	
888	14.811	0.017	0	2.0	648	10.807	161	0	0	
889	14.827	0.016	0	2.0	649	10.823	162	0	0	
890	14.846	0.019	0	2.0	650	10.843	162	0	0	
891	14.862	0.016	0	2.0	651	10.858	162	0	0	
892	14.879	0.018	0	2.0	652	10.876	162	0	0	
893	14.895	0.016	0	2.0	653	10.891	163	0	0	
894	14.913	0.018	0	2.0	654	10.909	163	0	0	
895	14.929	0.016	0	2.0	655	10.925	163	0	0	
896	14.946	0.017	0	2.0	656	10.943	163	0	0	
897	14.962	0.016	0	2.0	657	10.958	164	0	0	
898	14.979	0.017	0	2.0	658	10.975	164	0	0	
899	14.996	0.017	0	2.0	659	10.993	164	0	0	
900	15.013	0.016	0	2.0	660	11.009	164	0	0	
901	15.029	0.017	0	2.0	661	11.025	165	0	0	
902	15.046	0.017	0	2.0	662	11.042	165	0	0	
903	15.063	0.017	0	2.0	663	11.059	165	0	0	
904	15.079	0.016	0	2.0	664	11.075	165	0	0	
905	15.096	0.017	0	2.0	665	11.093	166	0	0	
906	15.112	0.016	0	2.0	666	11.108	166	0	0	
907	15.129	0.017	0	2.0	667	11.125	166	0	0	
908	15.146	0.017	0	2.0	668	11.143	166	0	0	
909	15.162	0.016	0	2.0	669	11.159	167	0	0	
910	15.179	0.017	0	2.0	670	11.176	167	0	0	
911	15.196	0.016	0	2.0	671	11.192	167	0	0	
912	15.212	0.017	0	2.0	672	11.209	167	0	0	
913	15.229	0.017	0	2.0	673	11.225	168	0	0	
914	15.246	0.017	0	2.0	674	11.242	168	0	0	
915	15.263	0.017	0	2.0	675	11.259	168	0	0	
916	15.279	0.016	0	2.0	676	11.275	168	0	0	
917	15.296	0.017	0	2.0	677	11.293	169	0	0	
918	15.313	0.016	0	2.0	678	11.309	169	0	0	
919	15.329	0.017	0	2.0	679	11.325	169	0	0	
920	15.346	0.017	0	2.0	680	11.343	169	0	0	
921	15.362	0.016	0	2.0	681	11.358	170	0	0	
922	15.379	0.017	0	2.0	682	11.376	170	0	0	
923	15.396	0.017	0	2.0	683	11.392	170	0	0	
924	15.413	0.016	0	2.0	684	11.409	170	0	0	
925	15.429	0.017	0	2.0	685	11.425	171	0	0	
926	15.446	0.017	0	2.0	686	11.443	171	0	0	
927	15.462	0.016	0	2.0	687	11.458	171	0	0	
928	15.48	0.017	0	2.0	688	11.476	171	0	0	
929	15.496	0.016	0	2.0	689	11.492	172	0	0	
930	15.513	0.017	0	2.0	690	11.509	172	0	0	
931	15.529	0.016	0	2.0	691	11.525	172	0	0	
932	15.546	0.017	0	2.0	692	11.542	172	0	0	
933	15.563	0.016	0	2.0	693	11.559	173	0	0	
934	15.58	0.017	0	2.0	694	11.576	173	0	0	
935	15.596	0.016	0	2.0	695	11.592	173	0	0	
936	15.613	0.017	0	2.0	696	11.609	173	0	0	
937	15.63	0.017	0	2.0	697	11.626	174	0	0	
938	15.646	0.016	0	2.0	698	11.643	174	0	0	
939	15.663	0.017	0	2.0	699	11.659	174	0	0	
940	15.68	0.017	0	2.0	700	11.676	174	0	0	
941	15.696	0.016	0	2.0	701	11.692	175	0	0	
942	15.713	0.017	0	2.0	702	11.709	175	0	0	
943	15.73	0.018	0	2.0	703	11.726	175	0	0	
944	15.746	0.015	0	2.0	704	11.742	175	0	0	
945	15.763	0.018	0	2.0	705	11.759	176	0	0	
946	15.779	0.016	0	2.0	706	11.775	176	0	0	
947	15.796	0.017	0	2.0	707	11.793	176	0	0	
948	15.813	0.016	0	2.0	708	11.809	176	0	0	
949	15.83	0.017	0	2.0	709	11.826	177	0	0	
950	15.846	0.016	0	2.0	710	11.842	177	0	0	
951	15.863	0.017	0	2.0	711	11.86	177	0	0	
952	15.879	0.016	0	2.0	712	11.876	177	0	0	
953	15.897	0.018	0	2.0	713	11.893	178	0	0	
954	15.913	0.016	0	2.0	714	11.909	178	0	0	
955	15.93	0.017	0	2.0	715	11.926	178	0	0	
956	15.946	0.016	0	2.0	716	11.942	178	0	0	
957	15.963	0.017	0	2.0	717	11.959	179	0	0	
958	15.979	0.016	0	2.0	718	11.975	179	0	0	
959	15.996	0.017	0	2.0	719	11.993	179	0	0	
960	16.013	0.016	0	2.0	720	12.009	179	0	0	
961	16.03	0.017	0	2.0	721	12.026	180	0	0	
962	16.046	0.016	0	2.0	722	12.042	180	0	0	
963	16.063	0.017	0	2.0	723	12.06	180	0	0	
964	16.08	0.016	0	2.0	724	12.076	180	0	0	
965	16.097	0.017	0	2.0	725	12.093	181	0	0	
966	16.113	0.016	0	2.0	726	12.109	181	0	0	
967	16.129	0.017	0	2.0	727	12.126	181	0	0	
968	16.146	0.017	0	2.0	728	12.142	181	0	0	
969	16.164	0.017	0	2.0	729	12.16	182	0	0	
970	16.179	0.016	0	2.0	730	12.175	182	0	0	
971	16.197	0.017	0	2.0	731	12.193	182	0	0	
972	16.213	0.016	0	2.0	732	12.209	182	0	0	
973	16.229	0.017	0	2.0	733	12.226	183	0	0	
974	16.247	0.018	0	2.0	734	12.243	183	0	0	
975	16.263	0.016	0	2.0	735	12.259	183	0	0	
976	16.28	0.017	0	2.0	736	12.276	183	0	0	
977	16.296	0.016	0	2.0	737	12.292	184	0	0	
978	16.314	0.018	0	2.0	738	12.31	184	0	0	
979	16.33	0.016	0	2.0	739	12.326	184	0	0	
980	16.346	0.017	0	2.0	740	12.342	184	0	0	
981	16.363	0.017	0	2.0	741	12.36	185	0	0	
982	16.38	0.016	0	2.0	742	12.376	185	0	0	
983	16.397	0.017	0	2.0	743	12.393	185	0	0	
984	16.413	0.016	0	2.0	744	12.409	185	0	0	
985	16.43	0.016	0	2.0	745	12.426	186	0	0	
986	16.447	0.017	0	2.0	746	12.443	186	0	0	
987	16.463	0.016	0	2.0	747	12.459	186	0	0	
988	16.48	0.017	0	2.0	748	12.476	186	0	0	
989	16.496	0.016	0	2.0	749	12.492	187	0	0	
990	16.513	0.018	0	2.0	750	12.51	187	0	0	
991	16.529	0.016	0	2.0	751	12.526	187	0	0	
992	16.547	0.018	0	2.0	752	12.543	187	0	0	
993	16.563	0.016	0	2.0	753	12.559	188	0	0	
994	16.58	0.017	0	2.0	754	12.576	188	0	0	
995	16.596	0.016	0	2.0	755	12.592	188	0	0	
996	16.614	0.018	0	2.0	756	12.61	188	0	0	
997	16.63	0.016	0	2.0	757	12.626	189	0	0	
998	16.647	0.017	0	2.0	758	12.643	189	0	0	
999	16.663	0.016	0	2.0	759	12.659	189	0	0	
1000	16.68	0.017	0	2.0	760	12.676	189	0	0	
1001	16.697	0.017	0	2.0	761	12.693	190	0	0	
1002	16.713	0.016	0	2.0	762	12.709	190	0	0	
1003	16.731	0.017	0	2.0	763	12.727	190	0	0	
1004	16.747	0.016	0	2.0	764	12.743	190	0	0	
1005	16.763	0.017	0	2.0	765	12.759	191	0	0	
1006	16.78	0.017	0	2.0	766	12.777	191	0	0	
1007	16.796	0.016	0	2.0	767	12.793	191	0	0	
1008	16.813	0.017	0	2.0	768	12.809	191	0	0	
1009	16.83	0.017	0	2.0	769	12.827	192	0	0	
1010	16.846	0.016	0	2.0	770	12.842	192	0	0	
1011	16.863	0.018	0	2.0	771	12.86	192	0	0	
1012	16.88	0.016	0	2.0	772	12.876	192	0	0	
1013	16.897	0.017	0	2.0	773	12.893	193	0	0	
1014	16.914	0.017	0	2.0	774	12.91	193	0	0	
1015	16.93	0.016	0	2.0	775	12.926	193	0	0	
1016	16.947	0.017	0	2.0	776	12.943	193	0	0	
1017	16.963	0.016	0	2.0	777	12.96	194	0	0	
1018	16.98	0.016	0	2.0	778	12.976	194	0	0	
1019	16.997	0.017	0	2.0	779	12.993	194	0	0	
1020	17.013	0.016	0	2.0	780	13.009	194	0	0	
1021	17.03	0.017	0	2.0	781	13.027	195	0	0	
1022	17.047	0.016	0	2.0	782	13.043	195	0	0	
1023	17.063	0.017	0	2.0	783	13.06	195	0	0	
1024	17.08	0.017	0	2.0	784	13.076	195	0	0	
1025	17.097	0.017	0	2.0	785	13.093	196	0	0	
1026	17.113	0.016	0	2.0	786	13.109	196	0	0	
1027	17.13	0.017	0	2.0	787	13.127	196	0	0	
1028	17.146	0.016	0	2.0	788	13.143	196	0	0	
1029	17.164	0.017	0	2.0	789	13.16	197	0	0	
1030	17.18	0.016	0	2.0	790	13.176	197	0	0	
1031	17.197	0.017	0	2.0	791	13.193	197	0	0	
1032	17.213	0.016	0	2.0	792	13.209	197	0	0	
1033	17.23	0.017	0	2.0	793	13.227	198	0	0	
1034	17.246	0.016	0	2.0	794	13.242	198	0	0	
1035	17.264	0.018	0	2.0	795	13.26	198	0	0	
1036	17.28	0.016	0	2.0	796	13.276	198	0	0	
1037	17.297	0.017	0	2.0	797	13.293	199	0	0	
1038	17.313	0.016	0	2.0	798	13.309	199	0	0	
1039	17.331	0.017	0	2.0	799	13.327	199	0	0	
1040	17.346	0.015	0	2.0	800	13.342	199	0	0	
1041	17.364	0.018	0	2.0	801	13.36	200	0	0	
1042	17.38	0.016	0	2.0	802	13.376	200	0	0	
1043	17.397	0.017	0	2.0	803	13.393	200	0	0	
1044	17.413	0.016	0	2.0	804	13.409	200	0	0	
1045	17.43	0.017	0	2.0	805	13.427	201	0	0	
1046	17.447	0.016	0	2.0	806	13.443	201	0	0	
1047	17.464	0.017	0	2.0	807	13.46	201	0	0	
1048	17.48	0.016	0	2.0	808	13.476	201	0	0	
1049	17.497	0.017	0	2.0	809	13.494	202	0	0	
1050	17.513	0.016	0	2.0	810	13.509	202	0	0	
1051	17.53	0.017	0	2.0	811	13.526	202	0	0	
1052	17.547	0.017	0	2.0	812	13.543	202	0	0	
1053	17.564	0.017	0	2.0	813	13.56	203	0	0	
1054	17.58	0.016	0	2.0	814	13.576	203	0	0	
1055	17.597	0.017	0	2.0	815	13.593	203	0	0	
1056	17.614	0.017	0	2.0	816	13.61	203	0	0	
1057	17.63	0.016	0	2.0	817	13.626	204	0	0	
1058	17.647	0.017	0	2.0	818	13.643	204	0	0	
1059	17.663	0.016	0	2.0	819	13.66	204	0	0	
1060	17.68	0.016	0	2.0	820	13.676	204	0	0	
1061	17.697	0.017	0	2.0	821	13.693	205	0	0	
1062	17.713	0.016	0	2.0	822	13.71	205	0	0	
1063	17.73	0.017	0	2.0	823	13.727	205	0	0	
1064	17.746	0.016	0	2.0	824	13.742	205	0	0	
1065	17.764	0.018	0	2.0	825	13.76	206	0	0	
1066	17.78	0.016	0	2.0	826	13.776	206	0	0	
1067	17.798	0.018	0	2.0	827	13.794	206	0	0	
1068	17.814	0.016	0	2.0	828	13.81	206	0	0	
1069	17.83	0.016	0	2.0	829	13.826	207	0	0	
1070	17.847	0.017	0	2.0	830	13.843	207	0	0	
1071	17.864	0.017	0	2.0	831	13.86	207	0	0	
1072	17.88	0.016	0	2.0	832	13.876	207	0	0	
1073	17.897	0.017	0	2.0	833	13.893	208	0	0	
1074	17.913	0.016	0	2.0	834	13.91	208	0	0	
1075	17.93	0.017	0	2.0	835	13.926	208	0	0	
1076	17.947	0.017	0	2.0	836	13.943	208	0	0	
1077	17.964	0.017	0	2.0	837	13.96	209	0	0	
1078	17.98	0.017	0	2.0	838	13.977	209	0	0	
1079	17.997	0.016	0	2.0	839	13.993	209	0	0	
1080	18.014	0.017	0	2.0	840	14.01	209	0	0	
1081	18.03	0.016	0	2.0	841	14.026	210	0	0	
1082	18.047	0.017	0	2.0	842	14.044	210	0	0	
1083	18.064	0.016	0	2.0	843	14.06	210	0	0	
1084	18.081	0.017	0	2.0	844	14.077	210	0	0	
1085	18.097	0.016	0	2.0	845	14.093	211	0	0	
1086	18.114	0.017	0	2.0	846	14.11	211	0	0	
1087	18.13	0.016	0	2.0	847	14.126	211	0	0	
1088	18.147	0.018	0	2.0	848	14.144	211	0	0	
1089	18.163	0.016	0	2.0	849	14.159	212	0	0	
1090	18.181	0.017	0	2.0	850	14.177	212	0	0	
1091	18.197	0.016	0	2.0	851	14.193	212	0	0	
1092	18.214	0.017	0	2.0	852	14.21	212	0	0	
1093	18.23	0.016	0	2.0	853	14.227	213	0	0	
1094	18.247	0.017	0	2.0	854	14.244	213	0	0	
1095	18.263	0.016	0	2.0	855	14.259	213	0	0	
1096	18.281	0.018	0	2.0	856	14.277	213	0	0	
1097	18.297	0.016	0	2.0	857	14.293	214	0	0	
1098	18.314	0.017	0	2.0	858	14.31	214	0	0	
1099	18.33	0.016	0	2.0	859	14.326	214	0	0	
1100	18.347	0.017	0	2.0	860	14.344	214	0	0	
1101	18.363	0.016	0	2.0	861	14.359	215	0	0	
1102	18.381	0.018	0	2.0	862	14.377	215	0	0	
1103	18.397	0.016	0	2.0	863	14.394	215	0	0	
1104	18.414	0.016	0	2.0	864	14.41	215	0	0	
1105	18.431	0.017	0	2.0	865	14.427	216	0	0	
1106	18.447	0.017	0	2.0	866	14.443	216	0	0	
1107	18.464	0.017	0	2.0	867	14.46	216	0	0	
1108	18.48	0.016	0	2.0	868	14.476	216	0	0	
1109	18.497	0.017	0	2.0	869	14.494	217	0	0	
1110	18.514	0.016	0	2.0	870	14.51	217	0	0	
1111	18.53	0.017	0	2.0	871	14.526	217	0	0	
1112	18.548	0.018	0	2.0	872	14.544	217	0	0	
1113	18.563	0.016	0	2.0	873	14.56	218	0	0	
1114	18.581	0.018	0	2.0	874	14.577	218	0	0	
1115	18.597	0.016	0	2.0	875	14.593	218	0	0	
1116	18.614	0.017	0	2.0	876	14.61	218	0	0	
1117	18.63	0.016	0	2.0	877	14.627	219	0	0	
1118	18.647	0.017	0	2.0	878	14.643	219	0	0	
1119	18.664	0.017	0	2.0	879	14.661	219	0	0	
1120	18.68	0.016	0	2.0	880	14.677	219	0	0	
1121	18.698	0.017	0	2.0	881	14.694	220	0	0	
1122	18.714	0.016	0	2.0	882	14.71	220	0	0	
1123	18.731	0.017	0	2.0	883	14.727	220	0	0	
1124	18.747	0.016	0	2.0	884	14.743	220	0	0	
1125	18.764	0.017	0	2.0	885	14.76	221	0	0	
1126	18.781	0.017	0	2.0	886	14.777	221	0	0	
1127	18.797	0.016	0	2.0	887	14.793	221	0	0	
1128	18.814	0.017	0	2.0	888	14.811	221	0	0	
1129	18.831	0.016	0	2.0	889	14.827	222	0	0	
1130	18.847	0.017	0	2.0	890	14.843	222	0	0	
1131	18.865	0.017	0	2.0	891	14.861	222	0	0	
1132	18.881	0.016	0	2.0	892	14.877	222	0	0	
1133	18.897	0.016	0	2.0	893	14.893	223	0	0	
1134	18.914	0.017	0	2.0	894	14.911	223	0	0	
1135	18.93	0.016	0	2.0	895	14.926	223	0	0	
1136	18.948	0.017	0	2.0	896	14.944	223	0	0	
1137	18.964	0.016	0	2.0	897	14.96	224	0	0	
1138	18.981	0.017	0	2.0	898	14.977	224	0	0	
1139	18.997	0.016	0	2.0	899	14.993	224	0	0	
1140	19.014	0.017	0	2.0	900	15.01	224	0	0	
1141	19.03	0.016	0	2.0	901	15.026	225	0	0	
1142	19.047	0.017	0	2.0	902	15.044	225	0	0	
1143	19.064	0.016	0	2.0	903	15.06	225	0	0	
1144	19.081	0.017	0	2.0	904	15.077	225	0	0	
1145	19.097	0.016	0	2.0	905	15.094	226	0	0	
1146	19.114	0.017	0	2.0	906	15.111	226	0	0	
1147	19.13	0.016	0	2.0	907	15.127	226	0	0	
1148	19.147	0.017	0	2.0	908	15.143	226	0	0	
1149	19.164	0.017	0	2.0	909	15.161	227	0	0	
1150	19.18	0.016	0	2.0	910	15.176	227	0	0	
1151	19.198	0.018	0	2.0	911	15.194	227	0	0	
1152	19.214	0.016	0	2.0	912	15.21	227	0	0	
1153	19.231	0.016	0	2.0	913	15.227	228	0	0	
1154	19.247	0.017	0	2.0	914	15.243	228	0	0	
1155	19.264	0.017	0	2.0	915	15.261	228	0	0	
1156	19.28	0.016	0	2.0	916	15.276	228	0	0	
1157	19.297	0.017	0	2.0	917	15.293	229	0	0	
1158	19.314	0.017	0	2.0	918	15.311	229	0	0	
1159	19.33	0.016	0	2.0	919	15.326	229	0	0	
1160	19.347	0.017	0	2.0	920	15.343	229	0	0	
1161	19.364	0.017	0	2.0	921	15.36	230	0	0	
1162	19.381	0.017	0	2.0	922	15.377	230	0	0	
1163	19.397	0.016	0	2.0	923	15.393	230	0	0	
1164	19.414	0.017	0	2.0	924	15.411	230	0	0	
1165	19.431	0.016	0	2.0	925	15.427	231	0	0	
1166	19.448	0.017	0	2.0	926	15.444	231	0	0	
1167	19.463	0.016	0	2.0	927	15.46	231	0	0	
1168	19.481	0.018	0	2.0	928	15.478	231	0	0	
1169	19.497	0.015	0	2.0	929	15.493	232	0	0	
1170	19.514	0.018	0	2.0	930	15.511	232	0	0	
1171	19.531	0.016	0	2.0	931	15.527	232	0	0	
1172	19.547	0.017	0	2.0	932	15.543	232	0	0	
1173	19.564	0.017	0	2.0	933	15.56	233	0	0	
1174	19.581	0.017	0	2.0	934	15.577	233	0	0	
1175	19.597	0.016	0	2.0	935	15.593	233	0	0	
1176	19.614	0.017	0	2.0	936	15.611	233	0	0	
1177	19.63	0.016	0	2.0	937	15.626	234	0	0	
1178	19.648	0.018	0	2.0	938	15.644	234	0	0	
1179	19.664	0.016	0	2.0	939	15.66	234	0	0	
1180	19.681	0.017	0	2.0	940	15.677	234	0	0	
1181	19.698	0.017	0	2.0	941	15.694	235	0	0	
1182	19.714	0.016	0	2.0	942	15.71	235	0	0	
1183	19.731	0.017	0	2.0	943	15.727	235	0	0	
1184	19.747	0.016	0	2.0	944	15.744	235	0	0	
1185	19.764	0.017	0	2.0	945	15.76	236	0	0	
1186	19.781	0.017	0	2.0	946	15.777	236	0	0	
1187	19.797	0.016	0	2.0	947	15.793	236	0	0	
1188	19.815	0.018	0	2.0	948	15.811	236	0	0	
1189	19.831	0.016	0	2.0	949	15.827	237	0	0	
1190	19.85	0.019	0	2.0	950	15.846	237	0	0	
1191	19.865	0.015	0	2.0	951	15.862	237	0	0	
1192	19.883	0.018	0	2.0	952	15.879	237	0	0	
1193	19.899	0.016	0	2.0	953	15.895	238	0	0	
1194	19.916	0.017	0	2.0	954	15.912	238	0	0	
1195	19.933	0.018	0	2.0	955	15.93	238	0	0	
1196	19.949	0.016	0	2.0	956	15.946	238	0	0	
1197	19.966	0.017	0	2.0	957	15.963	239	0	0	
1198	19.982	0.016	0	2.0	958	15.978	239	0	0	
1199	20.0	0.018	0	2.0	959	15.996	239	0	0	
1200	20.016	0.016	0	2.0	960	16.012	239	0	0	
1201	20.033	0.017	0	2.0	961	16.029	240	0	0	
1202	20.049	0.016	0	2.0	962	16.046	240	0	0	
1203	20.066	0.017	0	2.0	963	16.063	240	0	0	
1204	20.083	0.016	0	2.0	964	16.079	240	0	0	
1205	20.1	0.017	0	2.0	965	16.096	241	0	0	
1206	20.116	0.017	0	2.0	966	16.112	241	0	0	
1207	20.133	0.016	0	2.0	967	16.129	241	0	0	
1208	20.149	0.017	0	2.0	968	16.146	241	0	0	
1209	20.166	0.016	0	2.0	969	16.162	242	0	0	
1210	20.184	0.018	0	2.0	970	16.18	242	0	0	
1211	20.199	0.015	0	2.0	971	16.195	242	0	0	
1212	20.217	0.018	0	2.0	972	16.213	242	0	0	
1213	20.232	0.015	0	2.0	973	16.228	243	0	0	
1214	20.25	0.018	0	2.0	974	16.246	243	0	0	
1215	20.266	0.016	0	2.0	975	16.262	243	0	0	
1216	20.283	0.017	0	2.0	976	16.279	243	0	0	
1217	20.299	0.017	0	2.0	977	16.296	244	0	0	
1218	20.316	0.017	0	2.0	978	16.313	244	0	0	
1219	20.332	0.016	0	2.0	979	16.328	244	0	0	
1220	20.35	0.018	0	2.0	980	16.346	244	0	0	
1221	20.366	0.016	0	2.0	981	16.362	245	0	0	
1222	20.383	0.017	0	2.0	982	16.38	245	0	0	
1223	20.399	0.016	0	2.0	983	16.395	245	0	0	
1224	20.416	0.017	0	2.0	984	16.413	245	0	0	
1225	20.432	0.016	0	2.0	985	16.429	246	0	0	
1226	20.45	0.018	0	2.0	986	16.446	246	0	0	
1227	20.466	0.016	0	2.0	987	16.462	246	0	0	
1228	20.483	0.018	0	2.0	988	16.48	246	0	0	
1229	20.499	0.016	0	2.0	989	16.495	247	0	0	
1230	20.516	0.017	0	2.0	990	16.513	247	0	0	
1231	20.533	0.016	0	2.0	991	16.529	247	0	0	
1232	20.55	0.018	0	2.0	992	16.546	247	0	0	
1233	20.566	0.016	0	2.0	993	16.562	248	0	0	
1234	20.583	0.017	0	2.0	994	16.579	248	0	0	
1235	20.599	0.016	0	2.0	995	16.595	248	0	0	
1236	20.617	0.018	0	2.0	996	16.613	248	0	0	
1237	20.633	0.016	0	2.0	997	16.629	249	0	0	
1238	20.65	0.017	0	2.0	998	16.646	249	0	0	
1239	20.666	0.016	0	2.0	999	16.662	249	0	0	
1240	20.683	0.017	0	2.0	1000	16.679	249	0	0	
1241	20.7	0.017	0	2.0	1001	16.696	250	0	0	
1242	20.716	0.016	0	2.0	1002	16.712	250	0	0	
1243	20.733	0.017	0	2.0	1003	16.729	250	0	0	
1244	20.749	0.016	0	2.0	1004	16.746	250	0	0	
1245	20.767	0.017	0	2.0	1005	16.763	251	0	0	
1246	20.783	0.016	0	2.0	1006	16.779	251	0	0	
1247	20.8	0.017	0	2.0	1007	16.796	251	0	0	
1248	20.816	0.016	0	2.0	1008	16.812	251	0	0	
1249	20.833	0.017	0	2.0	1009	16.83	252	0	0	
1250	20.849	0.016	0	2.0	1010	16.845	252	0	0	
1251	20.866	0.017	0	2.0	1011	16.862	252	0	0	
1252	20.884	0.017	0	2.0	1012	16.88	252	0	0	
1253	20.899	0.016	0	2.0	1013	16.895	253	0	0	
1254	20.916	0.017	0	2.0	1014	16.912	253	0	0	
1255	20.933	0.017	0	2.0	1015	16.93	253	0	0	
1256	20.949	0.016	0	2.0	1016	16.945	253	0	0	
1257	20.967	0.018	0	2.0	1017	16.963	254	0	0	
1258	20.983	0.016	0	2.0	1018	16.979	254	0	0	
1259	21.0	0.018	0	2.0	1019	16.997	254	0	0	
1260	21.016	0.016	0	2.0	1020	17.013	254	0	0	
1261	21.034	0.017	0	2.0	1021	17.03	255	0	0	
1262	21.049	0.016	0	2.0	1022	17.045	255	0	0	
1263	21.067	0.018	0	2.0	1023	17.063	255	0	0	
1264	21.082	0.016	0	2.0	1024	17.079	255	0	0	
1265	21.1	0.018	0	2.0	1025	17.096	256	0	0	
1266	21.116	0.016	0	2.0	1026	17.112	256	0	0	
1267	21.133	0.017	0	2.0	1027	17.13	256	0	0	
1268	21.15	0.016	0	2.0	1028	17.146	256	0	0	
1269	21.166	0.017	0	2.0	1029	17.162	257	0	0	
1270	21.184	0.018	0	2.0	1030	17.18	257	0	0	
1271	21.199	0.015	0	2.0	1031	17.195	257	0	0	
1272	21.217	0.018	0	2.0	1032	17.213	257	0	0	
1273	21.233	0.016	0	2.0	1033	17.229	258	0	0	
1274	21.25	0.017	0	2.0	1034	17.246	258	0	0	
1275	21.266	0.016	0	2.0	1035	17.263	258	0	0	
1276	21.284	0.017	0	2.0	1036	17.28	258	0	0	
1277	21.299	0.016	0	2.0	1037	17.296	259	0	0	
1278	21.317	0.018	0	2.0	1038	17.313	259	0	0	
1279	21.333	0.016	0	2.0	1039	17.329	259	0	0	
1280	21.35	0.017	0	2.0	1040	17.346	259	0	0	
1281	21.366	0.016	0	2.0	1041	17.363	260	0	0	
1282	21.384	0.017	0	2.0	1042	17.38	260	0	0	
1283	21.399	0.016	0	2.0	1043	17.396	260	0	0	
1284	21.417	0.018	0	2.0	1044	17.413	260	0	0	
1285	21.433	0.016	0	2.0	1045	17.429	261	0	0	
1286	21.45	0.017	0	2.0	1046	17.446	261	0	0	
1287	21.466	0.016	0	2.0	1047	17.462	261	0	0	
1288	21.484	0.018	0	2.0	1048	17.48	261	0	0	
1289	21.5	0.016	0	2.0	1049	17.496	262	0	0	
1290	21.517	0.017	0	2.0	1050	17.513	262	0	0	
1291	21.533	0.016	0	2.0	1051	17.529	262	0	0	
1292	21.55	0.017	0	2.0	1052	17.546	262	0	0	
1293	21.566	0.016	0	2.0	1053	17.562	263	0	0	
1294	21.584	0.018	0	2.0	1054	17.58	263	0	0	
1295	21.599	0.016	0	2.0	1055	17.596	263	0	0	
1296	21.617	0.018	0	2.0	1056	17.613	263	0	0	
1297	21.633	0.016	0	2.0	1057	17.629	264	0	0	
1298	21.651	0.018	0	2.0	1058	17.647	264	0	0	
1299	21.666	0.015	0	2.0	1059	17.662	264	0	0	
1300	21.684	0.017	0	2.0	1060	17.68	264	0	0	
1301	21.7	0.016	0	2.0	1061	17.696	265	0	0	
1302	21.717	0.017	0	2.0	1062	17.713	265	0	0	
1303	21.733	0.016	0	2.0	1063	17.729	265	0	0	
1304	21.75	0.017	0	2.0	1064	17.747	265	0	0	
1305	21.766	0.016	0	2.0	1065	17.762	266	0	0	
1306	21.784	0.018	0	2.0	1066	17.78	266	0	0	
1307	21.799	0.015	0	2.0	1067	17.796	266	0	0	
1308	21.817	0.018	0	2.0	1068	17.813	266	0	0	
1309	21.833	0.016	0	2.0	1069	17.83	267	0	0	
1310	21.85	0.017	0	2.0	1070	17.847	267	0	0	
1311	21.867	0.016	0	2.0	1071	17.863	267	0	0	
1312	21.883	0.017	0	2.0	1072	17.879	267	0	0	
1313	21.9	0.017	0	2.0	1073	17.897	268	0	0	
1314	21.916	0.016	0	2.0	1074	17.913	268	0	0	
1315	21.933	0.017	0	2.0	1075	17.93	268	0	0	
1316	21.95	0.016	0	2.0	1076	17.946	268	0	0	
1317	21.967	0.017	0	2.0	1077	17.963	269	0	0	
1318	21.984	0.017	0	2.0	1078	17.98	269	0	0	
1319	22.0	0.017	0	2.0	1079	17.997	269	0	0	
1320	22.016	0.016	0	2.0	1080	18.012	269	0	0	
1321	22.033	0.017	0	2.0	1081	18.029	270	0	0	
1322	22.05	0.017	0	2.0	1082	18.047	270	0	0	
1323	22.067	0.016	0	2.0	1083	18.063	270	0	0	
1324	22.084	0.017	0	2.0	1084	18.08	270	0	0	
1325	22.1	0.016	0	2.0	1085	18.096	271	0	0	
1326	22.117	0.017	0	2.0	1086	18.113	271	0	0	
1327	22.133	0.016	0	2.0	1087	18.129	271	0	0	
1328	22.15	0.017	0	2.0	1088	18.146	271	0	0	
1329	22.167	0.017	0	2.0	1089	18.163	272	0	0	
1330	22.183	0.016	0	2.0	1090	18.179	272	0	0	
1331	22.2	0.017	0	2.0	1091	18.196	272	0	0	
1332	22.217	0.016	0	2.0	1092	18.213	272	0	0	
1333	22.234	0.017	0	2.0	1093	18.23	273	0	0	
1334	22.25	0.016	0	2.0	1094	18.246	273	0	0	
1335	22.267	0.017	0	2.0	1095	18.263	273	0	0	
1336	22.283	0.016	0	2.0	1096	18.28	273	0	0	
1337	22.3	0.016	0	2.0	1097	18.296	274	0	0	
1338	22.317	0.017	0	2.0	1098	18.313	274	0	0	
1339	22.333	0.016	0	2.0	1099	18.329	274	0	0	
1340	22.351	0.017	0	2.0	1100	18.347	274	0	0	
1341	22.366	0.016	0	2.0	1101	18.363	275	0	0	
1342	22.384	0.018	0	2.0	1102	18.38	275	0	0	
1343	22.4	0.016	0	2.0	1103	18.396	275	0	0	
1344	22.417	0.017	0	2.0	1104	18.414	275	0	0	
1345	22.433	0.016	0	2.0	1105	18.429	276	0	0	
1346	22.451	0.018	0	2.0	1106	18.447	276	0	0	
1347	22.466	0.015	0	2.0	1107	18.463	276	0	0	
1348	22.484	0.018	0	2.0	1108	18.48	276	0	0	
1349	22.5	0.016	0	2.0	1109	18.496	277	0	0	
1350	22.517	0.017	0	2.0	1110	18.514	277	0	0	
1351	22.533	0.016	0	2.0	1111	18.53	277	0	0	
1352	22.55	0.017	0	2.0	1112	18.546	277	0	0	
1353	22.568	0.017	0	2.0	1113	18.564	278	0	0	
1354	22.583	0.015	0	2.0	1114	18.579	278	0	0	
1355	22.601	0.018	0	2.0	1115	18.597	278	0	0	
1356	22.617	0.016	0	2.0	1116	18.613	278	0	0	
1357	22.634	0.017	0	2.0	1117	18.63	279	0	0	
1358	22.65	0.016	0	2.0	1118	18.646	279	0	0	
1359	22.668	0.018	0	2.0	1119	18.664	279	0	0	
1360	22.683	0.015	0	2.0	1120	18.679	279	0	0	
1361	22.701	0.017	0	2.0	1121	18.697	280	0	0	
1362	22.716	0.016	0	2.0	1122	18.713	280	0	0	
1363	22.734	0.018	0	2.0	1123	18.73	280	0	0	
1364	22.75	0.016	0	2.0	1124	18.747	280	0	0	
1365	22.767	0.016	0	2.0	1125	18.763	281	0	0	
1366	22.784	0.017	0	2.0	1126	18.78	281	0	0	
1367	22.8	0.016	0	2.0	1127	18.797	281	0	0	
1368	22.817	0.017	0	2.0	1128	18.814	281	0	0	
1369	22.833	0.016	0	2.0	1129	18.829	282	0	0	
1370	22.851	0.018	0	2.0	1130	18.847	282	0	0	
1371	22.867	0.016	0	2.0	1131	18.863	282	0	0	
1372	22.884	0.017	0	2.0	1132	18.88	282	0	0	
1373	22.9	0.016	0	2.0	1133	18.897	283	0	0	
1374	22.917	0.017	0	2.0	1134	18.914	283	0	0	
1375	22.934	0.016	0	2.0	1135	18.93	283	0	0	
1376	22.951	0.017	0	2.0	1136	18.947	283	0	0	
1377	22.967	0.016	0	2.0	1137	18.963	284	0	0	
1378	22.984	0.016	0	2.0	1138	18.98	284	0	0	
1379	23.0	0.017	0	2.0	1139	18.997	284	0	0	
1380	23.017	0.017	0	2.0	1140	19.014	284	0	0	
1381	23.033	0.016	0	2.0	1141	19.029	285	0	0	
1382	23.051	0.018	0	2.0	1142	19.047	285	0	0	
1383	23.067	0.016	0	2.0	1143	19.063	285	0	0	
1384	23.084	0.017	0	2.0	1144	19.081	285	0	0	
1385	23.1	0.015	0	2.0	1145	19.096	286	0	0	
1386	23.118	0.018	0	2.0	1146	19.114	286	0	0	
1387	23.134	0.016	0	2.0	1147	19.13	286	0	0	
1388	23.151	0.017	0	2.0	1148	19.147	286	0	0	
1389	23.167	0.016	0	2.0	1149	19.163	287	0	0	
1390	23.184	0.017	0	2.0	1150	19.18	287	0	0	
1391	23.201	0.017	0	2.0	1151	19.197	287	0	0	
1392	23.217	0.016	0	2.0	1152	19.213	287	0	0	
1393	23.234	0.017	0	2.0	1153	19.23	288	0	0	
1394	23.25	0.016	0	2.0	1154	19.247	288	0	0	
1395	23.267	0.016	0	2.0	1155	19.263	288	0	0	
1396	23.284	0.017	0	2.0	1156	19.28	288	0	0	
1397	23.3	0.016	0	2.0	1157	19.297	289	0	0	
1398	23.317	0.016	0	2.0	1158	19.313	289	0	0	
1399	23.334	0.017	0	2.0	1159	19.33	289	0	0	
1400	23.35	0.016	0	2.0	1160	19.346	289	0	0	
1401	23.368	0.017	0	2.0	1161	19.364	290	0	0	
1402	23.383	0.016	0	2.0	1162	19.38	290	0	0	
1403	23.401	0.018	0	2.0	1163	19.397	290	0	0	
1404	23.417	0.016	0	2.0	1164	19.413	290	0	0	
1405	23.434	0.017	0	2.0	1165	19.43	291	0	0	
1406	23.451	0.016	0	2.0	1166	19.447	291	0	0	
1407	23.468	0.017	0	2.0	1167	19.464	291	0	0	
1408	23.484	0.016	0	2.0	1168	19.48	291	0	0	
1409	23.501	0.017	0	2.0	1169	19.497	292	0	0	
1410	23.517	0.016	0	2.0	1170	19.513	292	0	0	
1411	23.534	0.017	0	2.0	1171	19.531	292	0	0	
1412	23.55	0.016	0	2.0	1172	19.547	292	0	0	
1413	23.567	0.017	0	2.0	1173	19.563	293	0	0	
1414	23.584	0.017	0	2.0	1174	19.581	293	0	0	
1415	23.6	0.016	0	2.0	1175	19.596	293	0	0	
1416	23.618	0.018	0	2.0	1176	19.614	293	0	0	
1417	23.634	0.016	0	2.0	1177	19.63	294	0	0	
1418	23.651	0.017	0	2.0	1178	19.647	294	0	0	
1419	23.667	0.016	0	2.0	1179	19.663	294	0	0	
1420	23.684	0.017	0	2.0	1180	19.681	294	0	0	
1421	23.7	0.016	0	2.0	1181	19.696	295	0	0	
1422	23.717	0.017	0	2.0	1182	19.714	295	0	0	
1423	23.734	0.017	0	2.0	1183	19.731	295	0	0	
1424	23.75	0.016	0	2.0	1184	19.746	295	0	0	
1425	23.768	0.018	0	2.0	1185	19.764	296	0	0	
1426	23.784	0.016	0	2.0	1186	19.78	296	0	0	
1427	23.801	0.017	0	2.0	1187	19.797	296	0	0	
1428	23.817	0.016	0	2.0	1188	19.813	296	0	0	
1429	23.834	0.017	0	2.0	1189	19.83	297	0	0	
1430	23.851	0.017	0	2.0	1190	19.847	297	0	0	
1431	23.867	0.016	0	2.0	1191	19.864	297	0	0	
1432	23.885	0.017	0	2.0	1192	19.881	297	0	0	
1433	23.901	0.016	0	2.0	1193	19.897	298	0	0	
1434	23.918	0.017	0	2.0	1194	19.914	298	0	0	
1435	23.934	0.016	0	2.0	1195	19.93	298	0	0	
1436	23.951	0.017	0	2.0	1196	19.947	298	0	0	
1437	23.967	0.016	0	2.0	1197	19.964	299	0	0	
1438	23.985	0.018	0	2.0	1198	19.981	299	0	0	
1439	24.0	0.016	0	2.0	1199	19.997	299	0	0	
1440	24.017	0.017	0	2.0	1200	20.013	299	0	0	
