sample_num	sample_time	sampling_interval	imaging_frame	frame_time	stimulus_epoch	stim_frame	epoch_time	stim_info1	stim_info2	stim_info3	
1	0.026	0.026	0	1.0	1	0.026	0	0	0	
2	0.042	0.016	0	1.0	2	0.042	0	0	0	
3	0.057	0.015	0	1.0	3	0.057	0	0	0	
4	0.074	0.017	0	1.0	4	0.074	0	0	0	
5	0.091	0.016	0	1.0	5	0.091	0	0	0	
6	0.11	0.019	0	1.0	6	0.11	0	0	0	
7	0.124	0.014	0	1.0	7	0.124	0	0	0	
8	0.141	0.017	0	1.0	8	0.141	0	0	0	
9	0.158	0.017	0	1.0	9	0.158	0	0	0	
10	0.174	0.016	0	1.0	10	0.174	0	0	0	
11	0.191	0.017	0	1.0	11	0.191	0	0	0	
12	0.21	0.019	0	1.0	12	0.21	0	0	0	
13	0.224	0.014	0	1.0	13	0.224	0	0	0	
14	0.241	0.017	0	1.0	14	0.241	0	0	0	
15	0.258	0.017	0	1.0	15	0.258	0	0	0	
16	0.274	0.016	0	1.0	16	0.274	0	0	0	
17	0.291	0.017	0	1.0	17	0.291	0	0	0	
18	0.308	0.017	0	1.0	18	0.308	0	0	0	
19	0.326	0.019	0	1.0	19	0.326	0	0	0	
20	0.34	0.014	0	1.0	20	0.34	0	0	0	
21	0.358	0.017	0	1.0	21	0.358	0	0	0	
22	0.374	0.016	0	1.0	22	0.374	0	0	0	
23	0.391	0.017	0	1.0	23	0.391	0	0	0	
24	0.408	0.017	0	1.0	24	0.408	0	0	0	
25	0.427	0.019	0	1.0	25	0.427	0	0	0	
26	0.441	0.014	0	1.0	26	0.441	0	0	0	
27	0.458	0.017	0	1.0	27	0.458	0	0	0	
28	0.474	0.016	0	1.0	28	0.474	0	0	0	
29	0.491	0.017	0	1.0	29	0.491	0	0	0	
30	0.508	0.017	0	1.0	30	0.508	0	0	0	
31	0.527	0.019	0	1.0	31	0.527	0	0	0	
32	0.541	0.014	0	1.0	32	0.541	0	0	0	
33	0.558	0.017	0	1.0	33	0.558	0	0	0	
34	0.574	0.016	0	1.0	34	0.574	0	0	0	
35	0.591	0.017	0	1.0	35	0.591	0	0	0	
36	0.608	0.017	0	1.0	36	0.608	0	0	0	
37	0.626	0.019	0	1.0	37	0.626	0	0	0	
38	0.641	0.014	0	1.0	38	0.641	0	0	0	
39	0.658	0.017	0	1.0	39	0.658	0	0	0	
40	0.674	0.017	0	1.0	40	0.674	0	0	0	
41	0.691	0.016	0	1.0	41	0.691	0	0	0	
42	0.708	0.017	0	1.0	42	0.708	0	0	0	
43	0.726	0.018	0	1.0	43	0.726	0	0	0	
44	0.741	0.015	0	1.0	44	0.741	0	0	0	
45	0.758	0.017	0	1.0	45	0.758	0	0	0	
46	0.774	0.017	0	1.0	46	0.775	0	0	0	
47	0.791	0.016	0	1.0	47	0.791	0	0	0	
48	0.808	0.017	0	1.0	48	0.808	0	0	0	
49	0.829	0.021	0	1.0	49	0.829	0	0	0	
50	0.841	0.011	0	1.0	50	0.841	0	0	0	
51	0.858	0.017	0	1.0	51	0.858	0	0	0	
52	0.874	0.016	0	1.0	52	0.874	0	0	0	
53	0.891	0.017	0	1.0	53	0.891	0	0	0	
54	0.908	0.016	0	1.0	54	0.908	0	0	0	
55	0.924	0.017	0	1.0	55	0.924	0	0	0	
56	0.944	0.019	0	1.0	56	0.944	0	0	0	
57	0.957	0.014	0	1.0	57	0.957	0	0	0	
58	0.974	0.017	0	1.0	58	0.975	0	0	0	
59	0.991	0.016	0	1.0	59	0.991	0	0	0	
60	1.008	0.018	0	1.0	60	1.008	0	0	0	
61	1.024	0.016	0	1.0	61	1.024	0	0	0	
62	1.044	0.02	0	1.0	62	1.044	0	0	0	
63	1.057	0.013	0	1.0	63	1.057	0	0	0	
64	1.075	0.017	0	1.0	64	1.075	0	0	0	
65	1.092	0.018	0	1.0	65	1.092	0	0	0	
66	1.107	0.015	0	1.0	66	1.107	0	0	0	
67	1.125	0.017	0	1.0	67	1.125	0	0	0	
68	1.143	0.019	0	1.0	68	1.143	0	0	0	
69	1.157	0.014	0	1.0	69	1.158	0	0	0	
70	1.175	0.017	0	1.0	70	1.175	0	0	0	
71	1.191	0.016	0	1.0	71	1.191	0	0	0	
72	1.208	0.018	0	1.0	72	1.208	0	0	0	
73	1.224	0.016	0	1.0	73	1.224	0	0	0	
74	1.244	0.02	0	1.0	74	1.244	0	0	0	
75	1.258	0.014	0	1.0	75	1.258	0	0	0	
76	1.275	0.017	0	1.0	76	1.275	0	0	0	
77	1.291	0.016	0	1.0	77	1.291	0	0	0	
78	1.308	0.017	0	1.0	78	1.308	0	0	0	
79	1.324	0.016	0	1.0	79	1.324	0	0	0	
80	1.343	0.019	0	1.0	80	1.343	0	0	0	
81	1.357	0.014	0	1.0	81	1.357	0	0	0	
82	1.375	0.017	0	1.0	82	1.375	0	0	0	
83	1.391	0.017	0	1.0	83	1.391	0	0	0	
84	1.408	0.017	0	1.0	84	1.408	0	0	0	
85	1.424	0.016	0	1.0	85	1.424	0	0	0	
86	1.445	0.021	0	1.0	86	1.445	0	0	0	
87	1.458	0.013	0	1.0	87	1.458	0	0	0	
88	1.475	0.017	0	1.0	88	1.475	0	0	0	
89	1.491	0.017	0	1.0	89	1.491	0	0	0	
90	1.508	0.016	0	1.0	90	1.508	0	0	0	
91	1.525	0.017	0	1.0	91	1.525	0	0	0	
92	1.541	0.016	0	1.0	92	1.541	0	0	0	
93	1.56	0.019	0	1.0	93	1.56	0	0	0	
94	1.574	0.014	0	1.0	94	1.574	0	0	0	
95	1.592	0.017	0	1.0	95	1.592	0	0	0	
96	1.608	0.016	0	1.0	96	1.608	0	0	0	
97	1.625	0.017	0	1.0	97	1.625	0	0	0	
98	1.641	0.016	0	1.0	98	1.641	0	0	0	
99	1.66	0.019	0	1.0	99	1.66	0	0	0	
100	1.674	0.014	0	1.0	100	1.674	0	0	0	
101	1.691	0.017	0	1.0	101	1.691	0	0	0	
102	1.708	0.016	0	1.0	102	1.708	0	0	0	
103	1.725	0.017	0	1.0	103	1.725	0	0	0	
104	1.741	0.016	0	1.0	104	1.741	0	0	0	
105	1.761	0.02	0	1.0	105	1.761	0	0	0	
106	1.774	0.013	0	1.0	106	1.774	0	0	0	
107	1.791	0.017	0	1.0	107	1.791	0	0	0	
108	1.808	0.016	0	1.0	108	1.808	0	0	0	
109	1.825	0.018	0	1.0	109	1.825	0	0	0	
110	1.841	0.016	0	1.0	110	1.841	0	0	0	
111	1.86	0.019	0	1.0	111	1.86	0	0	0	
112	1.874	0.014	0	1.0	112	1.874	0	0	0	
113	1.891	0.017	0	1.0	113	1.891	0	0	0	
114	1.908	0.016	0	1.0	114	1.908	0	0	0	
115	1.925	0.017	0	1.0	115	1.925	0	0	0	
116	1.941	0.016	0	1.0	116	1.941	0	0	0	
117	1.96	0.019	0	1.0	117	1.96	0	0	0	
118	1.975	0.015	0	1.0	118	1.975	0	0	0	
119	1.992	0.017	0	1.0	119	1.992	0	0	0	
120	2.008	0.016	0	1.0	120	2.008	0	0	0	
121	2.025	0.018	0	2.0	1	0.017	[-41.83333333   0.        ]	0	0	
122	2.042	0.017	0	2.0	2	0.034	[-41.66666667   0.        ]	0	0	
123	2.061	0.018	0	2.0	3	0.052	[-41.5   0. ]	0	0	
124	2.077	0.016	0	2.0	4	0.069	[-41.33333333   0.        ]	0	0	
125	2.093	0.016	0	2.0	5	0.085	[-41.16666667   0.        ]	0	0	
126	2.11	0.017	0	2.0	6	0.102	[-41.   0.]	0	0	
127	2.126	0.016	0	2.0	7	0.118	[-40.83333333   0.        ]	0	0	
128	2.143	0.017	0	2.0	8	0.135	[-40.66666667   0.        ]	0	0	
129	2.16	0.017	0	2.0	9	0.152	[-40.5   0. ]	0	0	
130	2.178	0.018	0	2.0	10	0.17	[-40.33333333   0.        ]	0	0	
131	2.194	0.016	0	2.0	11	0.185	[-40.16666667   0.        ]	0	0	
132	2.21	0.016	0	2.0	12	0.202	[-40.   0.]	0	0	
133	2.227	0.017	0	2.0	13	0.219	[-39.83333333   0.        ]	0	0	
134	2.243	0.016	0	2.0	14	0.235	[-39.66666667   0.        ]	0	0	
135	2.26	0.016	0	2.0	15	0.251	[-39.5   0. ]	0	0	
136	2.278	0.019	0	2.0	16	0.27	[-39.33333333   0.        ]	0	0	
137	2.293	0.015	0	2.0	17	0.285	[-39.16666667   0.        ]	0	0	
138	2.31	0.017	0	2.0	18	0.302	[-39.   0.]	0	0	
139	2.327	0.016	0	2.0	19	0.319	[-38.83333333   0.        ]	0	0	
140	2.343	0.017	0	2.0	20	0.335	[-38.66666667   0.        ]	0	0	
141	2.36	0.017	0	2.0	21	0.352	[-38.5   0. ]	0	0	
142	2.379	0.019	0	2.0	22	0.371	[-38.33333333   0.        ]	0	0	
143	2.393	0.014	0	2.0	23	0.385	[-38.16666667   0.        ]	0	0	
144	2.41	0.017	0	2.0	24	0.402	[-38.   0.]	0	0	
145	2.426	0.017	0	2.0	25	0.418	[-37.83333333   0.        ]	0	0	
146	2.444	0.017	0	2.0	26	0.435	[-37.66666667   0.        ]	0	0	
147	2.46	0.017	0	2.0	27	0.452	[-37.5   0. ]	0	0	
148	2.479	0.019	0	2.0	28	0.471	[-37.33333333   0.        ]	0	0	
149	2.493	0.014	0	2.0	29	0.485	[-37.16666667   0.        ]	0	0	
150	2.511	0.017	0	2.0	30	0.503	[-37.   0.]	0	0	
151	2.527	0.017	0	2.0	31	0.519	[-36.83333333   0.        ]	0	0	
152	2.544	0.016	0	2.0	32	0.535	[-36.66666667   0.        ]	0	0	
153	2.56	0.017	0	2.0	33	0.552	[-36.5   0. ]	0	0	
154	2.579	0.019	0	2.0	34	0.571	[-36.33333333   0.        ]	0	0	
155	2.594	0.014	0	2.0	35	0.585	[-36.16666667   0.        ]	0	0	
156	2.61	0.017	0	2.0	36	0.602	[-36.   0.]	0	0	
157	2.627	0.017	0	2.0	37	0.619	[-35.83333333   0.        ]	0	0	
158	2.644	0.016	0	2.0	38	0.636	[-35.66666667   0.        ]	0	0	
159	2.66	0.017	0	2.0	39	0.652	[-35.5   0. ]	0	0	
160	2.679	0.018	0	2.0	40	0.67	[-35.33333333   0.        ]	0	0	
161	2.693	0.015	0	2.0	41	0.685	[-35.16666667   0.        ]	0	0	
162	2.71	0.017	0	2.0	42	0.702	[-35.   0.]	0	0	
163	2.727	0.017	0	2.0	43	0.719	[-34.83333333   0.        ]	0	0	
164	2.744	0.017	0	2.0	44	0.735	[-34.66666667   0.        ]	0	0	
165	2.76	0.017	0	2.0	45	0.752	[-34.5   0. ]	0	0	
166	2.781	0.021	0	2.0	46	0.773	[-34.33333333   0.        ]	0	0	
167	2.794	0.012	0	2.0	47	0.785	[-34.16666667   0.        ]	0	0	
168	2.81	0.017	0	2.0	48	0.802	[-34.   0.]	0	0	
169	2.827	0.017	0	2.0	49	0.819	[-33.83333333   0.        ]	0	0	
170	2.844	0.017	0	2.0	50	0.836	[-33.66666667   0.        ]	0	0	
171	2.86	0.017	0	2.0	51	0.852	[-33.5   0. ]	0	0	
172	2.877	0.017	0	2.0	52	0.869	[-33.33333333   0.        ]	0	0	
173	2.895	0.019	0	2.0	53	0.887	[-33.16666667   0.        ]	0	0	
174	2.91	0.015	0	2.0	54	0.902	[-33.   0.]	0	0	
175	2.927	0.017	0	2.0	55	0.919	[-32.83333333   0.        ]	0	0	
176	2.944	0.016	0	2.0	56	0.935	[-32.66666667   0.        ]	0	0	
177	2.96	0.017	0	2.0	57	0.952	[-32.5   0. ]	0	0	
178	2.977	0.016	0	2.0	58	0.969	[-32.33333333   0.        ]	0	0	
179	2.996	0.019	0	2.0	59	0.988	[-32.16666667   0.        ]	0	0	
180	3.011	0.015	0	2.0	60	1.003	[-32.   0.]	0	0	
181	3.027	0.016	0	2.0	61	1.019	[-31.83333333   0.        ]	0	0	
182	3.044	0.017	0	2.0	62	1.036	[-31.66666667   0.        ]	0	0	
183	3.061	0.017	0	2.0	63	1.052	[-31.5   0. ]	0	0	
184	3.077	0.016	0	2.0	64	1.069	[-31.33333333   0.        ]	0	0	
185	3.096	0.019	0	2.0	65	1.088	[-31.16666667   0.        ]	0	0	
186	3.111	0.015	0	2.0	66	1.103	[-31.   0.]	0	0	
187	3.127	0.017	0	2.0	67	1.119	[-30.83333333   0.        ]	0	0	
188	3.144	0.017	0	2.0	68	1.136	[-30.66666667   0.        ]	0	0	
189	3.16	0.016	0	2.0	69	1.152	[-30.5   0. ]	0	0	
190	3.177	0.017	0	2.0	70	1.169	[-30.33333333   0.        ]	0	0	
191	3.196	0.019	0	2.0	71	1.188	[-30.16666667   0.        ]	0	0	
192	3.21	0.014	0	2.0	72	1.202	[-30.   0.]	0	0	
193	3.227	0.017	0	2.0	73	1.219	[-29.83333333   0.        ]	0	0	
194	3.244	0.017	0	2.0	74	1.236	[-29.66666667   0.        ]	0	0	
195	3.261	0.017	0	2.0	75	1.253	[-29.5   0. ]	0	0	
196	3.277	0.016	0	2.0	76	1.269	[-29.33333333   0.        ]	0	0	
197	3.297	0.02	0	2.0	77	1.289	[-29.16666667   0.        ]	0	0	
198	3.311	0.014	0	2.0	78	1.303	[-29.   0.]	0	0	
199	3.327	0.017	0	2.0	79	1.319	[-28.83333333   0.        ]	0	0	
200	3.344	0.016	0	2.0	80	1.336	[-28.66666667   0.        ]	0	0	
201	3.361	0.017	0	2.0	81	1.353	[-28.5   0. ]	0	0	
202	3.377	0.016	0	2.0	82	1.369	[-28.33333333   0.        ]	0	0	
203	3.397	0.02	0	2.0	83	1.389	[-28.16666667   0.        ]	0	0	
204	3.41	0.014	0	2.0	84	1.402	[-28.   0.]	0	0	
205	3.427	0.017	0	2.0	85	1.419	[-27.83333333   0.        ]	0	0	
206	3.444	0.017	0	2.0	86	1.436	[-27.66666667   0.        ]	0	0	
207	3.46	0.016	0	2.0	87	1.452	[-27.5   0. ]	0	0	
208	3.477	0.017	0	2.0	88	1.469	[-27.33333333   0.        ]	0	0	
209	3.494	0.016	0	2.0	89	1.486	[-27.16666667   0.        ]	0	0	
210	3.513	0.019	0	2.0	90	1.505	[-27.   0.]	0	0	
211	3.53	0.017	0	2.0	91	1.522	[-26.83333333   0.        ]	0	0	
212	3.547	0.017	0	2.0	92	1.539	[-26.66666667   0.        ]	0	0	
213	3.563	0.017	0	2.0	93	1.555	[-26.5   0. ]	0	0	
214	3.58	0.016	0	2.0	94	1.572	[-26.33333333   0.        ]	0	0	
215	3.597	0.017	0	2.0	95	1.589	[-26.16666667   0.        ]	0	0	
216	3.615	0.018	0	2.0	96	1.607	[-26.   0.]	0	0	
217	3.63	0.015	0	2.0	97	1.622	[-25.83333333   0.        ]	0	0	
218	3.646	0.016	0	2.0	98	1.638	[-25.66666667   0.        ]	0	0	
219	3.662	0.016	0	2.0	99	1.654	[-25.5   0. ]	0	0	
220	3.68	0.018	0	2.0	100	1.672	[-25.33333333   0.        ]	0	0	
221	3.696	0.015	0	2.0	101	1.687	[-25.16666667   0.        ]	0	0	
222	3.716	0.02	0	2.0	102	1.708	[-25.   0.]	0	0	
223	3.729	0.013	0	2.0	103	1.721	[-24.83333333   0.        ]	0	0	
224	3.745	0.017	0	2.0	104	1.737	[-24.66666667   0.        ]	0	0	
225	3.763	0.017	0	2.0	105	1.755	[-24.5   0. ]	0	0	
226	3.779	0.016	0	2.0	106	1.771	[-24.33333333   0.        ]	0	0	
227	3.795	0.016	0	2.0	107	1.787	[-24.16666667   0.        ]	0	0	
228	3.815	0.02	0	2.0	108	1.807	[-24.   0.]	0	0	
229	3.83	0.015	0	2.0	109	1.822	[-23.83333333   0.        ]	0	0	
230	3.846	0.016	0	2.0	110	1.838	[-23.66666667   0.        ]	0	0	
231	3.862	0.017	0	2.0	111	1.854	[-23.5   0. ]	0	0	
232	3.88	0.018	0	2.0	112	1.872	[-23.33333333   0.        ]	0	0	
233	3.896	0.015	0	2.0	113	1.888	[-23.16666667   0.        ]	0	0	
234	3.916	0.02	0	2.0	114	1.907	[-23.   0.]	0	0	
235	3.929	0.014	0	2.0	115	1.921	[-22.83333333   0.        ]	0	0	
236	3.946	0.017	0	2.0	116	1.938	[-22.66666667   0.        ]	0	0	
237	3.962	0.017	0	2.0	117	1.954	[-22.5   0. ]	0	0	
238	3.98	0.018	0	2.0	118	1.972	[-22.33333333   0.        ]	0	0	
239	3.996	0.015	0	2.0	119	1.988	[-22.16666667   0.        ]	0	0	
240	4.016	0.02	0	2.0	120	2.008	[-22.   0.]	0	0	
241	4.03	0.014	0	2.0	121	2.022	[-21.83333333   0.        ]	0	0	
242	4.046	0.016	0	2.0	122	2.038	[-21.66666667   0.        ]	0	0	
243	4.062	0.017	0	2.0	123	2.054	[-21.5   0. ]	0	0	
244	4.079	0.017	0	2.0	124	2.071	[-21.33333333   0.        ]	0	0	
245	4.096	0.017	0	2.0	125	2.088	[-21.16666667   0.        ]	0	0	
246	4.112	0.017	0	2.0	126	2.104	[-21.   0.]	0	0	
247	4.133	0.02	0	2.0	127	2.125	[-20.83333333   0.        ]	0	0	
248	4.147	0.015	0	2.0	128	2.139	[-20.66666667   0.        ]	0	0	
249	4.162	0.015	0	2.0	129	2.154	[-20.5   0. ]	0	0	
250	4.179	0.017	0	2.0	130	2.171	[-20.33333333   0.        ]	0	0	
251	4.196	0.017	0	2.0	131	2.188	[-20.16666667   0.        ]	0	0	
252	4.212	0.017	0	2.0	132	2.204	[-20.   0.]	0	0	
253	4.232	0.02	0	2.0	133	2.224	[-19.83333333   0.        ]	0	0	
254	4.246	0.014	0	2.0	134	2.238	[-19.66666667   0.        ]	0	0	
255	4.263	0.016	0	2.0	135	2.255	[-19.5   0. ]	0	0	
256	4.279	0.016	0	2.0	136	2.271	[-19.33333333   0.        ]	0	0	
257	4.296	0.017	0	2.0	137	2.288	[-19.16666667   0.        ]	0	0	
258	4.313	0.017	0	2.0	138	2.305	[-19.   0.]	0	0	
259	4.331	0.018	0	2.0	139	2.323	[-18.83333333   0.        ]	0	0	
260	4.345	0.015	0	2.0	140	2.337	[-18.66666667   0.        ]	0	0	
261	4.362	0.017	0	2.0	141	2.354	[-18.5   0. ]	0	0	
262	4.38	0.017	0	2.0	142	2.372	[-18.33333333   0.        ]	0	0	
263	4.395	0.016	0	2.0	143	2.387	[-18.16666667   0.        ]	0	0	
264	4.413	0.017	0	2.0	144	2.405	[-18.   0.]	0	0	
265	4.431	0.018	0	2.0	145	2.422	[-17.83333333   0.        ]	0	0	
266	4.445	0.015	0	2.0	146	2.437	[-17.66666667   0.        ]	0	0	
267	4.463	0.017	0	2.0	147	2.455	[-17.5   0. ]	0	0	
268	4.479	0.017	0	2.0	148	2.471	[-17.33333333   0.        ]	0	0	
269	4.496	0.016	0	2.0	149	2.488	[-17.16666667   0.        ]	0	0	
270	4.513	0.017	0	2.0	150	2.505	[-17.   0.]	0	0	
271	4.53	0.018	0	2.0	151	2.522	[-16.83333333   0.        ]	0	0	
272	4.546	0.016	0	2.0	152	2.538	[-16.66666667   0.        ]	0	0	
273	4.563	0.017	0	2.0	153	2.555	[-16.5   0. ]	0	0	
274	4.579	0.017	0	2.0	154	2.571	[-16.33333333   0.        ]	0	0	
275	4.596	0.016	0	2.0	155	2.588	[-16.16666667   0.        ]	0	0	
276	4.612	0.017	0	2.0	156	2.604	[-16.   0.]	0	0	
277	4.632	0.02	0	2.0	157	2.624	[-15.83333333   0.        ]	0	0	
278	4.645	0.013	0	2.0	158	2.637	[-15.66666667   0.        ]	0	0	
279	4.663	0.018	0	2.0	159	2.655	[-15.5   0. ]	0	0	
280	4.679	0.016	0	2.0	160	2.671	[-15.33333333   0.        ]	0	0	
281	4.697	0.017	0	2.0	161	2.689	[-15.16666667   0.        ]	0	0	
282	4.713	0.016	0	2.0	162	2.705	[-15.   0.]	0	0	
283	4.73	0.017	0	2.0	163	2.722	[-14.83333333   0.        ]	0	0	
284	4.747	0.017	0	2.0	164	2.739	[-14.66666667   0.        ]	0	0	
285	4.764	0.016	0	2.0	165	2.755	[-14.5   0. ]	0	0	
286	4.779	0.015	0	2.0	166	2.771	[-14.33333333   0.        ]	0	0	
287	4.796	0.017	0	2.0	167	2.788	[-14.16666667   0.        ]	0	0	
288	4.813	0.017	0	2.0	168	2.805	[-14.   0.]	0	0	
289	4.83	0.017	0	2.0	169	2.822	[-13.83333333   0.        ]	0	0	
290	4.847	0.018	0	2.0	170	2.839	[-13.66666667   0.        ]	0	0	
291	4.864	0.016	0	2.0	171	2.856	[-13.5   0. ]	0	0	
292	4.879	0.015	0	2.0	172	2.871	[-13.33333333   0.        ]	0	0	
293	4.896	0.017	0	2.0	173	2.888	[-13.16666667   0.        ]	0	0	
294	4.912	0.017	0	2.0	174	2.904	[-13.   0.]	0	0	
295	4.929	0.017	0	2.0	175	2.921	[-12.83333333   0.        ]	0	0	
296	4.948	0.019	0	2.0	176	2.94	[-12.66666667   0.        ]	0	0	
297	4.962	0.014	0	2.0	177	2.954	[-12.5   0. ]	0	0	
298	4.979	0.016	0	2.0	178	2.971	[-12.33333333   0.        ]	0	0	
299	4.996	0.017	0	2.0	179	2.988	[-12.16666667   0.        ]	0	0	
300	5.012	0.016	0	2.0	180	3.004	[-12.   0.]	0	0	
301	5.03	0.017	0	2.0	181	3.021	[-11.83333333   0.        ]	0	0	
302	5.047	0.018	0	2.0	182	3.039	[-11.66666667   0.        ]	0	0	
303	5.062	0.015	0	2.0	183	3.054	[-11.5   0. ]	0	0	
304	5.079	0.016	0	2.0	184	3.071	[-11.33333333   0.        ]	0	0	
305	5.097	0.018	0	2.0	185	3.089	[-11.16666667   0.        ]	0	0	
306	5.113	0.016	0	2.0	186	3.105	[-11.   0.]	0	0	
307	5.13	0.017	0	2.0	187	3.122	[-10.83333333   0.        ]	0	0	
308	5.147	0.018	0	2.0	188	3.139	[-10.66666667   0.        ]	0	0	
309	5.163	0.016	0	2.0	189	3.155	[-10.5   0. ]	0	0	
310	5.18	0.017	0	2.0	190	3.172	[-10.33333333   0.        ]	0	0	
311	5.196	0.016	0	2.0	191	3.188	[-10.16666667   0.        ]	0	0	
312	5.214	0.018	0	2.0	192	3.206	[-10.   0.]	0	0	
313	5.23	0.016	0	2.0	193	3.221	[-9.83333333  0.        ]	0	0	
314	5.248	0.018	0	2.0	194	3.24	[-9.66666667  0.        ]	0	0	
315	5.263	0.015	0	2.0	195	3.255	[-9.5  0. ]	0	0	
316	5.279	0.016	0	2.0	196	3.271	[-9.33333333  0.        ]	0	0	
317	5.295	0.016	0	2.0	197	3.287	[-9.16666667  0.        ]	0	0	
318	5.312	0.017	0	2.0	198	3.304	[-9.  0.]	0	0	
319	5.331	0.018	0	2.0	199	3.322	[-8.83333333  0.        ]	0	0	
320	5.347	0.016	0	2.0	200	3.339	[-8.66666667  0.        ]	0	0	
321	5.364	0.017	0	2.0	201	3.356	[-8.5  0. ]	0	0	
322	5.38	0.016	0	2.0	202	3.372	[-8.33333333  0.        ]	0	0	
323	5.397	0.017	0	2.0	203	3.389	[-8.16666667  0.        ]	0	0	
324	5.412	0.015	0	2.0	204	3.404	[-8.  0.]	0	0	
325	5.43	0.018	0	2.0	205	3.422	[-7.83333333  0.        ]	0	0	
326	5.447	0.017	0	2.0	206	3.439	[-7.66666667  0.        ]	0	0	
327	5.464	0.017	0	2.0	207	3.456	[-7.5  0. ]	0	0	
328	5.479	0.015	0	2.0	208	3.471	[-7.33333333  0.        ]	0	0	
329	5.496	0.017	0	2.0	209	3.488	[-7.16666667  0.        ]	0	0	
330	5.514	0.017	0	2.0	210	3.506	[-7.  0.]	0	0	
331	5.529	0.016	0	2.0	211	3.521	[-6.83333333  0.        ]	0	0	
332	5.546	0.016	0	2.0	212	3.538	[-6.66666667  0.        ]	0	0	
333	5.565	0.019	0	2.0	213	3.557	[-6.5  0. ]	0	0	
334	5.579	0.014	0	2.0	214	3.571	[-6.33333333  0.        ]	0	0	
335	5.596	0.017	0	2.0	215	3.588	[-6.16666667  0.        ]	0	0	
336	5.613	0.017	0	2.0	216	3.605	[-6.  0.]	0	0	
337	5.63	0.017	0	2.0	217	3.622	[-5.83333333  0.        ]	0	0	
338	5.646	0.016	0	2.0	218	3.638	[-5.66666667  0.        ]	0	0	
339	5.664	0.018	0	2.0	219	3.656	[-5.5  0. ]	0	0	
340	5.68	0.015	0	2.0	220	3.672	[-5.33333333  0.        ]	0	0	
341	5.696	0.017	0	2.0	221	3.688	[-5.16666667  0.        ]	0	0	
342	5.713	0.017	0	2.0	222	3.705	[-5.  0.]	0	0	
343	5.73	0.017	0	2.0	223	3.722	[-4.83333333  0.        ]	0	0	
344	5.747	0.017	0	2.0	224	3.738	[-4.66666667  0.        ]	0	0	
345	5.764	0.018	0	2.0	225	3.756	[-4.5  0. ]	0	0	
346	5.779	0.015	0	2.0	226	3.771	[-4.33333333  0.        ]	0	0	
347	5.797	0.017	0	2.0	227	3.788	[-4.16666667  0.        ]	0	0	
348	5.813	0.016	0	2.0	228	3.805	[-4.  0.]	0	0	
349	5.83	0.017	0	2.0	229	3.822	[-3.83333333  0.        ]	0	0	
350	5.846	0.016	0	2.0	230	3.838	[-3.66666667  0.        ]	0	0	
351	5.864	0.018	0	2.0	231	3.856	[-3.5  0. ]	0	0	
352	5.88	0.016	0	2.0	232	3.872	[-3.33333333  0.        ]	0	0	
353	5.896	0.016	0	2.0	233	3.888	[-3.16666667  0.        ]	0	0	
354	5.913	0.017	0	2.0	234	3.905	[-3.  0.]	0	0	
355	5.93	0.017	0	2.0	235	3.922	[-2.83333333  0.        ]	0	0	
356	5.947	0.017	0	2.0	236	3.938	[-2.66666667  0.        ]	0	0	
357	5.963	0.016	0	2.0	237	3.955	[-2.5  0. ]	0	0	
358	5.981	0.018	0	2.0	238	3.973	[-2.33333333  0.        ]	0	0	
359	5.996	0.015	0	2.0	239	3.988	[-2.16666667  0.        ]	0	0	
360	6.013	0.017	0	2.0	240	4.005	[-2.  0.]	0	0	
361	6.031	0.017	0	2.0	241	4.022	[-1.83333333  0.        ]	0	0	
362	6.046	0.015	0	2.0	242	4.038	[-1.66666667  0.        ]	0	0	
363	6.063	0.017	0	2.0	243	4.055	[-1.5  0. ]	0	0	
364	6.081	0.018	0	2.0	244	4.073	[-1.33333333  0.        ]	0	0	
365	6.097	0.016	0	2.0	245	4.088	[-1.16666667  0.        ]	0	0	
366	6.114	0.017	0	2.0	246	4.106	[-1.  0.]	0	0	
367	6.13	0.016	0	2.0	247	4.122	[-0.83333333  0.        ]	0	0	
368	6.147	0.018	0	2.0	248	4.139	[-0.66666667  0.        ]	0	0	
369	6.163	0.015	0	2.0	249	4.154	[-0.5  0. ]	0	0	
370	6.181	0.018	0	2.0	250	4.173	[-0.33333333  0.        ]	0	0	
371	6.197	0.016	0	2.0	251	4.189	[-0.16666667  0.        ]	0	0	
372	6.213	0.017	0	2.0	252	4.205	[-5.12367926e-14  0.00000000e+00]	0	0	
373	6.23	0.017	0	2.0	253	4.222	[0.16666667 0.        ]	0	0	
374	6.247	0.017	0	2.0	254	4.239	[0.33333333 0.        ]	0	0	
375	6.263	0.016	0	2.0	255	4.255	[0.5 0. ]	0	0	
376	6.281	0.018	0	2.0	256	4.273	[0.66666667 0.        ]	0	0	
377	6.297	0.016	0	2.0	257	4.289	[0.83333333 0.        ]	0	0	
378	6.314	0.016	0	2.0	258	4.306	[1. 0.]	0	0	
379	6.331	0.017	0	2.0	259	4.323	[1.16666667 0.        ]	0	0	
380	6.346	0.015	0	2.0	260	4.338	[1.33333333 0.        ]	0	0	
381	6.364	0.018	0	2.0	261	4.356	[1.5 0. ]	0	0	
382	6.381	0.017	0	2.0	262	4.373	[1.66666667 0.        ]	0	0	
383	6.397	0.016	0	2.0	263	4.388	[1.83333333 0.        ]	0	0	
384	6.414	0.017	0	2.0	264	4.406	[2. 0.]	0	0	
385	6.43	0.016	0	2.0	265	4.422	[2.16666667 0.        ]	0	0	
386	6.446	0.016	0	2.0	266	4.438	[2.33333333 0.        ]	0	0	
387	6.463	0.017	0	2.0	267	4.455	[2.5 0. ]	0	0	
388	6.482	0.019	0	2.0	268	4.474	[2.66666667 0.        ]	0	0	
389	6.496	0.014	0	2.0	269	4.488	[2.83333333 0.        ]	0	0	
390	6.514	0.018	0	2.0	270	4.506	[3. 0.]	0	0	
391	6.53	0.016	0	2.0	271	4.522	[3.16666667 0.        ]	0	0	
392	6.546	0.017	0	2.0	272	4.538	[3.33333333 0.        ]	0	0	
393	6.563	0.016	0	2.0	273	4.554	[3.5 0. ]	0	0	
394	6.58	0.018	0	2.0	274	4.572	[3.66666667 0.        ]	0	0	
395	6.598	0.018	0	2.0	275	4.59	[3.83333333 0.        ]	0	0	
396	6.613	0.015	0	2.0	276	4.605	[4. 0.]	0	0	
397	6.63	0.016	0	2.0	277	4.621	[4.16666667 0.        ]	0	0	
398	6.647	0.017	0	2.0	278	4.639	[4.33333333 0.        ]	0	0	
399	6.664	0.017	0	2.0	279	4.655	[4.5 0. ]	0	0	
400	6.679	0.016	0	2.0	280	4.671	[4.66666667 0.        ]	0	0	
401	6.698	0.019	0	2.0	281	4.69	[4.83333333 0.        ]	0	0	
402	6.714	0.016	0	2.0	282	4.706	[5. 0.]	0	0	
403	6.73	0.016	0	2.0	283	4.722	[5.16666667 0.        ]	0	0	
404	6.746	0.016	0	2.0	284	4.738	[5.33333333 0.        ]	0	0	
405	6.763	0.017	0	2.0	285	4.755	[5.5 0. ]	0	0	
406	6.78	0.017	0	2.0	286	4.772	[5.66666667 0.        ]	0	0	
407	6.798	0.018	0	2.0	287	4.79	[5.83333333 0.        ]	0	0	
408	6.813	0.015	0	2.0	288	4.805	[6. 0.]	0	0	
409	6.831	0.018	0	2.0	289	4.823	[6.16666667 0.        ]	0	0	
410	6.846	0.015	0	2.0	290	4.838	[6.33333333 0.        ]	0	0	
411	6.863	0.017	0	2.0	291	4.855	[6.5 0. ]	0	0	
412	6.88	0.017	0	2.0	292	4.872	[6.66666667 0.        ]	0	0	
413	6.898	0.018	0	2.0	293	4.89	[6.83333333 0.        ]	0	0	
414	6.913	0.015	0	2.0	294	4.905	[7. 0.]	0	0	
415	6.93	0.017	0	2.0	295	4.922	[7.16666667 0.        ]	0	0	
416	6.947	0.017	0	2.0	296	4.939	[7.33333333 0.        ]	0	0	
417	6.964	0.017	0	2.0	297	4.955	[7.5 0. ]	0	0	
418	6.98	0.017	0	2.0	298	4.972	[7.66666667 0.        ]	0	0	
419	6.998	0.017	0	2.0	299	4.989	[7.83333333 0.        ]	0	0	
420	7.013	0.016	0	2.0	300	5.005	[8. 0.]	0	0	
421	7.03	0.017	0	2.0	301	5.022	[8.16666667 0.        ]	0	0	
422	7.046	0.016	0	2.0	302	5.038	[8.33333333 0.        ]	0	0	
423	7.063	0.017	0	2.0	303	5.055	[8.5 0. ]	0	0	
424	7.08	0.017	0	2.0	304	5.072	[8.66666667 0.        ]	0	0	
425	7.099	0.019	0	2.0	305	5.091	[8.83333333 0.        ]	0	0	
426	7.113	0.014	0	2.0	306	5.105	[9. 0.]	0	0	
427	7.129	0.016	0	2.0	307	5.121	[9.16666667 0.        ]	0	0	
428	7.146	0.017	0	2.0	308	5.138	[9.33333333 0.        ]	0	0	
429	7.162	0.016	0	2.0	309	5.154	[9.5 0. ]	0	0	
430	7.179	0.017	0	2.0	310	5.171	[9.66666667 0.        ]	0	0	
431	7.197	0.017	0	2.0	311	5.188	[9.83333333 0.        ]	0	0	
432	7.214	0.018	0	2.0	312	5.206	[10.  0.]	0	0	
433	7.228	0.014	0	2.0	313	5.22	[10.16666667  0.        ]	0	0	
434	7.247	0.019	0	2.0	314	5.239	[10.33333333  0.        ]	0	0	
435	7.263	0.016	0	2.0	315	5.255	[10.5  0. ]	0	0	
436	7.279	0.016	0	2.0	316	5.271	[10.66666667  0.        ]	0	0	
437	7.297	0.017	0	2.0	317	5.289	[10.83333333  0.        ]	0	0	
438	7.315	0.018	0	2.0	318	5.307	[11.  0.]	0	0	
439	7.33	0.015	0	2.0	319	5.322	[11.16666667  0.        ]	0	0	
440	7.346	0.016	0	2.0	320	5.338	[11.33333333  0.        ]	0	0	
441	7.362	0.016	0	2.0	321	5.354	[11.5  0. ]	0	0	
442	7.38	0.017	0	2.0	322	5.372	[11.66666667  0.        ]	0	0	
443	7.395	0.016	0	2.0	323	5.387	[11.83333333  0.        ]	0	0	
444	7.415	0.019	0	2.0	324	5.407	[12.  0.]	0	0	
445	7.428	0.014	0	2.0	325	5.42	[12.16666667  0.        ]	0	0	
446	7.447	0.018	0	2.0	326	5.438	[12.33333333  0.        ]	0	0	
447	7.463	0.017	0	2.0	327	5.455	[12.5  0. ]	0	0	
448	7.479	0.016	0	2.0	328	5.471	[12.66666667  0.        ]	0	0	
449	7.496	0.017	0	2.0	329	5.488	[12.83333333  0.        ]	0	0	
450	7.515	0.019	0	2.0	330	5.507	[13.  0.]	0	0	
451	7.53	0.015	0	2.0	331	5.522	[13.16666667  0.        ]	0	0	
452	7.545	0.015	0	2.0	332	5.537	[13.33333333  0.        ]	0	0	
453	7.563	0.018	0	2.0	333	5.555	[13.5  0. ]	0	0	
454	7.578	0.015	0	2.0	334	5.57	[13.66666667  0.        ]	0	0	
455	7.597	0.018	0	2.0	335	5.588	[13.83333333  0.        ]	0	0	
456	7.616	0.02	0	2.0	336	5.608	[14.  0.]	0	0	
457	7.63	0.014	0	2.0	337	5.622	[14.16666667  0.        ]	0	0	
458	7.647	0.017	0	2.0	338	5.639	[14.33333333  0.        ]	0	0	
459	7.663	0.016	0	2.0	339	5.655	[14.5  0. ]	0	0	
460	7.68	0.017	0	2.0	340	5.672	[14.66666667  0.        ]	0	0	
461	7.697	0.017	0	2.0	341	5.689	[14.83333333  0.        ]	0	0	
462	7.716	0.019	0	2.0	342	5.708	[15.  0.]	0	0	
463	7.73	0.014	0	2.0	343	5.722	[15.16666667  0.        ]	0	0	
464	7.747	0.017	0	2.0	344	5.739	[15.33333333  0.        ]	0	0	
465	7.763	0.016	0	2.0	345	5.755	[15.5  0. ]	0	0	
466	7.78	0.017	0	2.0	346	5.772	[15.66666667  0.        ]	0	0	
467	7.797	0.017	0	2.0	347	5.789	[15.83333333  0.        ]	0	0	
468	7.816	0.02	0	2.0	348	5.808	[16.  0.]	0	0	
469	7.83	0.014	0	2.0	349	5.822	[16.16666667  0.        ]	0	0	
470	7.847	0.017	0	2.0	350	5.839	[16.33333333  0.        ]	0	0	
471	7.863	0.017	0	2.0	351	5.855	[16.5  0. ]	0	0	
472	7.88	0.017	0	2.0	352	5.872	[16.66666667  0.        ]	0	0	
473	7.897	0.016	0	2.0	353	5.889	[16.83333333  0.        ]	0	0	
474	7.913	0.017	0	2.0	354	5.905	[17.  0.]	0	0	
475	7.933	0.019	0	2.0	355	5.925	[17.16666667  0.        ]	0	0	
476	7.947	0.014	0	2.0	356	5.939	[17.33333333  0.        ]	0	0	
477	7.964	0.017	0	2.0	357	5.956	[17.5  0. ]	0	0	
478	7.98	0.016	0	2.0	358	5.972	[17.66666667  0.        ]	0	0	
479	7.997	0.017	0	2.0	359	5.989	[17.83333333  0.        ]	0	0	
480	8.013	0.017	0	2.0	360	6.005	[18.  0.]	0	0	
481	8.033	0.02	0	2.0	361	6.025	[18.16666667  0.        ]	0	0	
482	8.047	0.014	0	2.0	362	6.039	[18.33333333  0.        ]	0	0	
483	8.064	0.017	0	2.0	363	6.056	[18.5  0. ]	0	0	
484	8.08	0.017	0	2.0	364	6.072	[18.66666667  0.        ]	0	0	
485	8.097	0.017	0	2.0	365	6.089	[18.83333333  0.        ]	0	0	
486	8.114	0.017	0	2.0	366	6.105	[19.  0.]	0	0	
487	8.132	0.019	0	2.0	367	6.124	[19.16666667  0.        ]	0	0	
488	8.147	0.015	0	2.0	368	6.139	[19.33333333  0.        ]	0	0	
489	8.164	0.017	0	2.0	369	6.156	[19.5  0. ]	0	0	
490	8.18	0.017	0	2.0	370	6.172	[19.66666667  0.        ]	0	0	
491	8.197	0.017	0	2.0	371	6.189	[19.83333333  0.        ]	0	0	
492	8.213	0.017	0	2.0	372	6.205	[20.  0.]	0	0	
493	8.232	0.019	0	2.0	373	6.224	[20.16666667  0.        ]	0	0	
494	8.247	0.015	0	2.0	374	6.239	[20.33333333  0.        ]	0	0	
495	8.264	0.017	0	2.0	375	6.256	[20.5  0. ]	0	0	
496	8.28	0.017	0	2.0	376	6.272	[20.66666667  0.        ]	0	0	
497	8.297	0.017	0	2.0	377	6.289	[20.83333333  0.        ]	0	0	
498	8.314	0.017	0	2.0	378	6.305	[21.  0.]	0	0	
499	8.33	0.017	0	2.0	379	6.322	[21.16666667  0.        ]	0	0	
500	8.349	0.019	0	2.0	380	6.341	[21.33333333  0.        ]	0	0	
501	8.364	0.014	0	2.0	381	6.356	[21.5  0. ]	0	0	
502	8.38	0.017	0	2.0	382	6.372	[21.66666667  0.        ]	0	0	
503	8.397	0.017	0	2.0	383	6.389	[21.83333333  0.        ]	0	0	
504	8.413	0.017	0	2.0	384	6.405	[22.  0.]	0	0	
505	8.43	0.017	0	2.0	385	6.422	[22.16666667  0.        ]	0	0	
506	8.449	0.019	0	2.0	386	6.441	[22.33333333  0.        ]	0	0	
507	8.463	0.014	0	2.0	387	6.455	[22.5  0. ]	0	0	
508	8.48	0.017	0	2.0	388	6.472	[22.66666667  0.        ]	0	0	
509	8.497	0.017	0	2.0	389	6.489	[22.83333333  0.        ]	0	0	
510	8.514	0.017	0	2.0	390	6.506	[23.  0.]	0	0	
511	8.532	0.018	0	2.0	391	6.524	[23.16666667  0.        ]	0	0	
512	8.552	0.02	0	2.0	392	6.544	[23.33333333  0.        ]	0	0	
513	8.565	0.013	0	2.0	393	6.557	[23.5  0. ]	0	0	
514	8.582	0.017	0	2.0	394	6.574	[23.66666667  0.        ]	0	0	
515	8.599	0.017	0	2.0	395	6.591	[23.83333333  0.        ]	0	0	
516	8.615	0.017	0	2.0	396	6.607	[24.  0.]	0	0	
517	8.632	0.017	0	2.0	397	6.624	[24.16666667  0.        ]	0	0	
518	8.651	0.019	0	2.0	398	6.643	[24.33333333  0.        ]	0	0	
519	8.665	0.014	0	2.0	399	6.657	[24.5  0. ]	0	0	
520	8.683	0.017	0	2.0	400	6.674	[24.66666667  0.        ]	0	0	
521	8.699	0.016	0	2.0	401	6.691	[24.83333333  0.        ]	0	0	
522	8.715	0.017	0	2.0	402	6.707	[25.  0.]	0	0	
523	8.732	0.017	0	2.0	403	6.724	[25.16666667  0.        ]	0	0	
524	8.751	0.019	0	2.0	404	6.743	[25.33333333  0.        ]	0	0	
525	8.766	0.015	0	2.0	405	6.758	[25.5  0. ]	0	0	
526	8.782	0.016	0	2.0	406	6.774	[25.66666667  0.        ]	0	0	
527	8.799	0.017	0	2.0	407	6.791	[25.83333333  0.        ]	0	0	
528	8.815	0.016	0	2.0	408	6.807	[26.  0.]	0	0	
529	8.832	0.017	0	2.0	409	6.824	[26.16666667  0.        ]	0	0	
530	8.852	0.02	0	2.0	410	6.844	[26.33333333  0.        ]	0	0	
531	8.866	0.014	0	2.0	411	6.858	[26.5  0. ]	0	0	
532	8.882	0.016	0	2.0	412	6.874	[26.66666667  0.        ]	0	0	
533	8.899	0.017	0	2.0	413	6.891	[26.83333333  0.        ]	0	0	
534	8.916	0.017	0	2.0	414	6.908	[27.  0.]	0	0	
535	8.932	0.016	0	2.0	415	6.924	[27.16666667  0.        ]	0	0	
536	8.949	0.017	0	2.0	416	6.941	[27.33333333  0.        ]	0	0	
537	8.968	0.02	0	2.0	417	6.96	[27.5  0. ]	0	0	
538	8.982	0.014	0	2.0	418	6.974	[27.66666667  0.        ]	0	0	
539	8.999	0.017	0	2.0	419	6.991	[27.83333333  0.        ]	0	0	
540	9.016	0.017	0	2.0	420	7.007	[28.  0.]	0	0	
541	9.032	0.017	0	2.0	421	7.024	[28.16666667  0.        ]	0	0	
542	9.049	0.017	0	2.0	422	7.041	[28.33333333  0.        ]	0	0	
543	9.069	0.02	0	2.0	423	7.061	[28.5  0. ]	0	0	
544	9.083	0.014	0	2.0	424	7.075	[28.66666667  0.        ]	0	0	
545	9.099	0.016	0	2.0	425	7.091	[28.83333333  0.        ]	0	0	
546	9.115	0.016	0	2.0	426	7.107	[29.  0.]	0	0	
547	9.132	0.017	0	2.0	427	7.124	[29.16666667  0.        ]	0	0	
548	9.149	0.017	0	2.0	428	7.141	[29.33333333  0.        ]	0	0	
549	9.169	0.02	0	2.0	429	7.161	[29.5  0. ]	0	0	
550	9.183	0.014	0	2.0	430	7.175	[29.66666667  0.        ]	0	0	
551	9.199	0.016	0	2.0	431	7.191	[29.83333333  0.        ]	0	0	
552	9.216	0.017	0	2.0	432	7.208	[30.  0.]	0	0	
553	9.232	0.017	0	2.0	433	7.224	[30.16666667  0.        ]	0	0	
554	9.249	0.017	0	2.0	434	7.241	[30.33333333  0.        ]	0	0	
555	9.269	0.02	0	2.0	435	7.261	[30.5  0. ]	0	0	
556	9.282	0.013	0	2.0	436	7.274	[30.66666667  0.        ]	0	0	
557	9.299	0.017	0	2.0	437	7.291	[30.83333333  0.        ]	0	0	
558	9.316	0.017	0	2.0	438	7.308	[31.  0.]	0	0	
559	9.332	0.017	0	2.0	439	7.324	[31.16666667  0.        ]	0	0	
560	9.349	0.017	0	2.0	440	7.341	[31.33333333  0.        ]	0	0	
561	9.368	0.019	0	2.0	441	7.36	[31.5  0. ]	0	0	
562	9.382	0.015	0	2.0	442	7.374	[31.66666667  0.        ]	0	0	
563	9.399	0.017	0	2.0	443	7.391	[31.83333333  0.        ]	0	0	
564	9.416	0.017	0	2.0	444	7.408	[32.  0.]	0	0	
565	9.432	0.017	0	2.0	445	7.424	[32.16666667  0.        ]	0	0	
566	9.45	0.018	0	2.0	446	7.442	[32.33333333  0.        ]	0	0	
567	9.469	0.019	0	2.0	447	7.461	[32.5  0. ]	0	0	
568	9.482	0.013	0	2.0	448	7.474	[32.66666667  0.        ]	0	0	
569	9.499	0.017	0	2.0	449	7.491	[32.83333333  0.        ]	0	0	
570	9.516	0.017	0	2.0	450	7.508	[33.  0.]	0	0	
571	9.532	0.017	0	2.0	451	7.524	[33.16666667  0.        ]	0	0	
572	9.549	0.017	0	2.0	452	7.541	[33.33333333  0.        ]	0	0	
573	9.566	0.017	0	2.0	453	7.558	[33.5  0. ]	0	0	
574	9.585	0.019	0	2.0	454	7.577	[33.66666667  0.        ]	0	0	
575	9.599	0.014	0	2.0	455	7.591	[33.83333333  0.        ]	0	0	
576	9.616	0.017	0	2.0	456	7.608	[34.  0.]	0	0	
577	9.632	0.017	0	2.0	457	7.624	[34.16666667  0.        ]	0	0	
578	9.649	0.017	0	2.0	458	7.641	[34.33333333  0.        ]	0	0	
579	9.666	0.016	0	2.0	459	7.658	[34.5  0. ]	0	0	
580	9.685	0.019	0	2.0	460	7.677	[34.66666667  0.        ]	0	0	
581	9.699	0.014	0	2.0	461	7.691	[34.83333333  0.        ]	0	0	
582	9.716	0.017	0	2.0	462	7.708	[35.  0.]	0	0	
583	9.732	0.017	0	2.0	463	7.724	[35.16666667  0.        ]	0	0	
584	9.749	0.017	0	2.0	464	7.741	[35.33333333  0.        ]	0	0	
585	9.766	0.017	0	2.0	465	7.758	[35.5  0. ]	0	0	
586	9.786	0.02	0	2.0	466	7.778	[35.66666667  0.        ]	0	0	
587	9.799	0.013	0	2.0	467	7.791	[35.83333333  0.        ]	0	0	
588	9.816	0.017	0	2.0	468	7.808	[36.  0.]	0	0	
589	9.833	0.017	0	2.0	469	7.824	[36.16666667  0.        ]	0	0	
590	9.849	0.017	0	2.0	470	7.841	[36.33333333  0.        ]	0	0	
591	9.866	0.017	0	2.0	471	7.858	[36.5  0. ]	0	0	
592	9.886	0.02	0	2.0	472	7.878	[36.66666667  0.        ]	0	0	
593	9.899	0.013	0	2.0	473	7.891	[36.83333333  0.        ]	0	0	
594	9.916	0.017	0	2.0	474	7.908	[37.  0.]	0	0	
595	9.933	0.017	0	2.0	475	7.924	[37.16666667  0.        ]	0	0	
596	9.949	0.017	0	2.0	476	7.941	[37.33333333  0.        ]	0	0	
597	9.966	0.017	0	2.0	477	7.958	[37.5  0. ]	0	0	
598	9.985	0.019	0	2.0	478	7.977	[37.66666667  0.        ]	0	0	
599	9.999	0.014	0	2.0	479	7.991	[37.83333333  0.        ]	0	0	
600	10.016	0.017	0	2.0	480	8.008	[38.  0.]	0	0	
601	10.033	0.017	0	2.0	481	8.024	[38.16666667  0.        ]	0	0	
602	10.049	0.017	0	2.0	482	8.041	[38.33333333  0.        ]	0	0	
603	10.066	0.017	0	2.0	483	8.058	[38.5  0. ]	0	0	
604	10.083	0.017	0	2.0	484	8.075	[38.66666667  0.        ]	0	0	
605	10.102	0.02	0	2.0	485	8.094	[38.83333333  0.        ]	0	0	
606	10.116	0.014	0	2.0	486	8.108	[39.  0.]	0	0	
607	10.133	0.017	0	2.0	487	8.125	[39.16666667  0.        ]	0	0	
608	10.149	0.017	0	2.0	488	8.141	[39.33333333  0.        ]	0	0	
609	10.166	0.017	0	2.0	489	8.158	[39.5  0. ]	0	0	
610	10.183	0.017	0	2.0	490	8.175	[39.66666667  0.        ]	0	0	
611	10.203	0.019	0	2.0	491	8.195	[39.83333333  0.        ]	0	0	
612	10.216	0.013	0	2.0	492	8.208	[40.  0.]	0	0	
613	10.233	0.017	0	2.0	493	8.225	[40.16666667  0.        ]	0	0	
614	10.25	0.017	0	2.0	494	8.241	[40.33333333  0.        ]	0	0	
615	10.266	0.016	0	2.0	495	8.258	[40.5  0. ]	0	0	
616	10.283	0.017	0	2.0	496	8.275	[40.66666667  0.        ]	0	0	
617	10.302	0.019	0	2.0	497	8.294	[40.83333333  0.        ]	0	0	
618	10.316	0.014	0	2.0	498	8.308	[41.  0.]	0	0	
619	10.333	0.017	0	2.0	499	8.325	[41.16666667  0.        ]	0	0	
620	10.35	0.017	0	2.0	500	8.342	[41.33333333  0.        ]	0	0	
621	10.366	0.016	0	2.0	501	8.358	[41.5  0. ]	0	0	
622	10.383	0.017	0	2.0	502	8.375	[41.66666667  0.        ]	0	0	
623	10.403	0.02	0	2.0	503	8.395	[41.83333333  0.        ]	0	0	
624	10.416	0.013	0	2.0	504	8.408	[42.  0.]	0	0	
625	10.433	0.017	0	2.0	505	8.425	[42.16666667  0.        ]	0	0	
626	10.449	0.017	0	2.0	506	8.441	[42.33333333  0.        ]	0	0	
627	10.466	0.017	0	2.0	507	8.458	[42.5  0. ]	0	0	
628	10.483	0.017	0	2.0	508	8.475	[42.66666667  0.        ]	0	0	
629	10.502	0.019	0	2.0	509	8.494	[42.83333333  0.        ]	0	0	
630	10.516	0.014	0	2.0	510	8.508	[43.  0.]	0	0	
631	10.533	0.017	0	2.0	511	8.525	[43.16666667  0.        ]	0	0	
632	10.549	0.017	0	2.0	512	8.541	[43.33333333  0.        ]	0	0	
633	10.566	0.017	0	2.0	513	8.558	[43.5  0. ]	0	0	
634	10.583	0.017	0	2.0	514	8.575	[43.66666667  0.        ]	0	0	
635	10.602	0.019	0	2.0	515	8.594	[43.83333333  0.        ]	0	0	
636	10.616	0.014	0	2.0	516	8.608	[44.  0.]	0	0	
637	10.633	0.017	0	2.0	517	8.625	[44.16666667  0.        ]	0	0	
638	10.649	0.017	0	2.0	518	8.641	[44.33333333  0.        ]	0	0	
639	10.666	0.017	0	2.0	519	8.658	[44.5  0. ]	0	0	
640	10.683	0.017	0	2.0	520	8.675	[44.66666667  0.        ]	0	0	
641	10.699	0.017	0	2.0	521	8.691	[44.83333333  0.        ]	0	0	
642	10.718	0.019	0	2.0	522	8.71	[45.  0.]	0	0	
643	10.733	0.014	0	2.0	523	8.725	[45.16666667  0.        ]	0	0	
644	10.749	0.016	0	2.0	524	8.741	[45.33333333  0.        ]	0	0	
645	10.766	0.017	0	2.0	525	8.758	[45.5  0. ]	0	0	
646	10.783	0.017	0	2.0	526	8.775	[45.66666667  0.        ]	0	0	
647	10.8	0.017	0	2.0	527	8.791	[45.83333333  0.        ]	0	0	
648	10.819	0.019	0	2.0	528	8.811	[46.  0.]	0	0	
649	10.833	0.014	0	2.0	529	8.825	[46.16666667  0.        ]	0	0	
650	10.85	0.017	0	2.0	530	8.842	[46.33333333  0.        ]	0	0	
651	10.867	0.018	0	2.0	531	8.859	[46.5  0. ]	0	0	
652	10.883	0.015	0	2.0	532	8.875	[46.66666667  0.        ]	0	0	
653	10.9	0.017	0	2.0	533	8.891	[46.83333333  0.        ]	0	0	
654	10.919	0.019	0	2.0	534	8.911	[47.  0.]	0	0	
655	10.933	0.014	0	2.0	535	8.925	[47.16666667  0.        ]	0	0	
656	10.95	0.017	0	2.0	536	8.941	[47.33333333  0.        ]	0	0	
657	10.966	0.017	0	2.0	537	8.958	[47.5  0. ]	0	0	
658	10.983	0.017	0	2.0	538	8.975	[47.66666667  0.        ]	0	0	
659	11.0	0.016	0	2.0	539	8.991	[47.83333333  0.        ]	0	0	
660	11.02	0.02	0	2.0	540	9.012	[48.  0.]	0	0	
661	11.034	0.014	0	2.0	541	9.026	[48.16666667  0.        ]	0	0	
662	11.05	0.016	0	2.0	542	9.042	[48.33333333  0.        ]	0	0	
663	11.066	0.016	0	2.0	543	9.058	[48.5  0. ]	0	0	
664	11.083	0.017	0	2.0	544	9.075	[48.66666667  0.        ]	0	0	
665	11.099	0.016	0	2.0	545	9.091	[48.83333333  0.        ]	0	0	
666	11.119	0.02	0	2.0	546	9.111	[49.  0.]	0	0	
667	11.133	0.014	0	2.0	547	9.125	[49.16666667  0.        ]	0	0	
668	11.15	0.017	0	2.0	548	9.142	[49.33333333  0.        ]	0	0	
669	11.166	0.017	0	2.0	549	9.158	[49.5  0. ]	0	0	
670	11.183	0.017	0	2.0	550	9.175	[49.66666667  0.        ]	0	0	
671	11.2	0.018	0	2.0	551	9.192	[49.83333333  0.        ]	0	0	
672	11.219	0.019	0	2.0	552	9.211	[50.  0.]	0	0	
673	11.233	0.014	0	2.0	553	9.225	[50.16666667  0.        ]	0	0	
674	11.25	0.017	0	2.0	554	9.242	[50.33333333  0.        ]	0	0	
675	11.266	0.017	0	2.0	555	9.258	[50.5  0. ]	0	0	
676	11.283	0.017	0	2.0	556	9.275	[50.66666667  0.        ]	0	0	
677	11.3	0.017	0	2.0	557	9.292	[50.83333333  0.        ]	0	0	
678	11.316	0.017	0	2.0	558	9.308	[51.  0.]	0	0	
679	11.336	0.02	0	2.0	559	9.328	[51.16666667  0.        ]	0	0	
680	11.351	0.015	0	2.0	560	9.343	[51.33333333  0.        ]	0	0	
681	11.366	0.015	0	2.0	561	9.358	[51.5  0. ]	0	0	
682	11.383	0.017	0	2.0	562	9.375	[51.66666667  0.        ]	0	0	
683	11.4	0.016	0	2.0	563	9.392	[51.83333333  0.        ]	0	0	
684	11.416	0.017	0	2.0	564	9.408	[52.  0.]	0	0	
685	11.436	0.02	0	2.0	565	9.428	[52.16666667  0.        ]	0	0	
686	11.45	0.013	0	2.0	566	9.442	[52.33333333  0.        ]	0	0	
687	11.467	0.017	0	2.0	567	9.458	[52.5  0. ]	0	0	
688	11.483	0.016	0	2.0	568	9.475	[52.66666667  0.        ]	0	0	
689	11.5	0.017	0	2.0	569	9.492	[52.83333333  0.        ]	0	0	
690	11.516	0.017	0	2.0	570	9.508	[53.  0.]	0	0	
691	11.537	0.02	0	2.0	571	9.529	[53.16666667  0.        ]	0	0	
692	11.55	0.013	0	2.0	572	9.542	[53.33333333  0.        ]	0	0	
693	11.567	0.017	0	2.0	573	9.559	[53.5  0. ]	0	0	
694	11.583	0.016	0	2.0	574	9.575	[53.66666667  0.        ]	0	0	
695	11.6	0.017	0	2.0	575	9.592	[53.83333333  0.        ]	0	0	
696	11.616	0.017	0	2.0	576	9.608	[54.  0.]	0	0	
697	11.636	0.019	0	2.0	577	9.628	[54.16666667  0.        ]	0	0	
698	11.65	0.014	0	2.0	578	9.642	[54.33333333  0.        ]	0	0	
699	11.667	0.017	0	2.0	579	9.658	[54.5  0. ]	0	0	
700	11.683	0.017	0	2.0	580	9.675	[54.66666667  0.        ]	0	0	
701	11.7	0.017	0	2.0	581	9.692	[54.83333333  0.        ]	0	0	
702	11.716	0.017	0	2.0	582	9.708	[55.  0.]	0	0	
703	11.735	0.018	0	2.0	583	9.727	[55.16666667  0.        ]	0	0	
704	11.751	0.016	0	2.0	584	9.743	[55.33333333  0.        ]	0	0	
705	11.767	0.016	0	2.0	585	9.759	[55.5  0. ]	0	0	
706	11.783	0.017	0	2.0	586	9.775	[55.66666667  0.        ]	0	0	
707	11.8	0.017	0	2.0	587	9.792	[55.83333333  0.        ]	0	0	
708	11.817	0.017	0	2.0	588	9.808	[56.  0.]	0	0	
709	11.836	0.02	0	2.0	589	9.828	[56.16666667  0.        ]	0	0	
710	11.85	0.014	0	2.0	590	9.842	[56.33333333  0.        ]	0	0	
711	11.867	0.017	0	2.0	591	9.858	[56.5  0. ]	0	0	
712	11.883	0.017	0	2.0	592	9.875	[56.66666667  0.        ]	0	0	
713	11.9	0.017	0	2.0	593	9.892	[56.83333333  0.        ]	0	0	
714	11.916	0.017	0	2.0	594	9.908	[57.  0.]	0	0	
715	11.933	0.017	0	2.0	595	9.925	[57.16666667  0.        ]	0	0	
716	11.953	0.02	0	2.0	596	9.945	[57.33333333  0.        ]	0	0	
717	11.967	0.014	0	2.0	597	9.959	[57.5  0. ]	0	0	
718	11.983	0.017	0	2.0	598	9.975	[57.66666667  0.        ]	0	0	
719	12.0	0.016	0	2.0	599	9.992	[57.83333333  0.        ]	0	0	
720	12.017	0.017	0	2.0	600	10.008	[57.83333333  0.        ]	0	0	
