sample_num	sample_time	sampling_interval	imaging_frame	frame_time	stimulus_epoch	stim_frame	epoch_time	stim_info1	stim_info2	stim_info3	
1	0.02	0.02	0	1.0	1	0.02	0	0	0	
2	0.034	0.015	0	1.0	2	0.034	0	0	0	
3	0.052	0.017	0	1.0	3	0.052	0	0	0	
4	0.068	0.016	0	1.0	4	0.068	0	0	0	
5	0.087	0.019	0	1.0	5	0.087	0	0	0	
6	0.101	0.014	0	1.0	6	0.101	0	0	0	
7	0.119	0.018	0	1.0	7	0.119	0	0	0	
8	0.134	0.016	0	1.0	8	0.134	0	0	0	
9	0.152	0.017	0	1.0	9	0.152	0	0	0	
10	0.168	0.017	0	1.0	10	0.168	0	0	0	
11	0.187	0.019	0	1.0	11	0.187	0	0	0	
12	0.201	0.014	0	1.0	12	0.201	0	0	0	
13	0.218	0.017	0	1.0	13	0.218	0	0	0	
14	0.235	0.017	0	1.0	14	0.235	0	0	0	
15	0.251	0.016	0	1.0	15	0.251	0	0	0	
16	0.268	0.017	0	1.0	16	0.268	0	0	0	
17	0.29	0.022	0	1.0	17	0.29	0	0	0	
18	0.301	0.011	0	1.0	18	0.301	0	0	0	
19	0.318	0.017	0	1.0	19	0.318	0	0	0	
20	0.335	0.017	0	1.0	20	0.335	0	0	0	
21	0.352	0.017	0	1.0	21	0.352	0	0	0	
22	0.368	0.016	0	1.0	22	0.368	0	0	0	
23	0.385	0.017	0	1.0	23	0.385	0	0	0	
24	0.404	0.019	0	1.0	24	0.404	0	0	0	
25	0.418	0.014	0	1.0	25	0.418	0	0	0	
26	0.435	0.017	0	1.0	26	0.435	0	0	0	
27	0.452	0.017	0	1.0	27	0.452	0	0	0	
28	0.468	0.017	0	1.0	28	0.468	0	0	0	
29	0.485	0.017	0	1.0	29	0.485	0	0	0	
30	0.504	0.019	0	1.0	30	0.504	0	0	0	
31	0.518	0.014	0	1.0	31	0.518	0	0	0	
32	0.535	0.017	0	1.0	32	0.535	0	0	0	
33	0.552	0.017	0	1.0	33	0.552	0	0	0	
34	0.568	0.017	0	1.0	34	0.568	0	0	0	
35	0.585	0.017	0	1.0	35	0.585	0	0	0	
36	0.605	0.019	0	1.0	36	0.605	0	0	0	
37	0.618	0.013	0	1.0	37	0.618	0	0	0	
38	0.635	0.017	0	1.0	38	0.635	0	0	0	
39	0.652	0.017	0	1.0	39	0.652	0	0	0	
40	0.668	0.017	0	1.0	40	0.668	0	0	0	
41	0.685	0.017	0	1.0	41	0.685	0	0	0	
42	0.704	0.019	0	1.0	42	0.704	0	0	0	
43	0.718	0.014	0	1.0	43	0.718	0	0	0	
44	0.735	0.017	0	1.0	44	0.735	0	0	0	
45	0.752	0.017	0	1.0	45	0.752	0	0	0	
46	0.768	0.017	0	1.0	46	0.768	0	0	0	
47	0.785	0.017	0	1.0	47	0.785	0	0	0	
48	0.804	0.018	0	1.0	48	0.804	0	0	0	
49	0.818	0.014	0	1.0	49	0.818	0	0	0	
50	0.835	0.017	0	1.0	50	0.835	0	0	0	
51	0.852	0.017	0	1.0	51	0.852	0	0	0	
52	0.868	0.016	0	1.0	52	0.868	0	0	0	
53	0.885	0.017	0	1.0	53	0.885	0	0	0	
54	0.902	0.017	0	1.0	54	0.902	0	0	0	
55	0.921	0.019	0	1.0	55	0.921	0	0	0	
56	0.935	0.014	0	1.0	56	0.935	0	0	0	
57	0.952	0.017	0	1.0	57	0.952	0	0	0	
58	0.968	0.017	0	1.0	58	0.968	0	0	0	
59	0.985	0.017	0	1.0	59	0.985	0	0	0	
60	1.002	0.017	0	1.0	60	1.002	0	0	0	
61	1.021	0.019	0	1.0	61	1.021	0	0	0	
62	1.035	0.014	0	1.0	62	1.035	0	0	0	
63	1.052	0.018	0	1.0	63	1.052	0	0	0	
64	1.07	0.017	0	1.0	64	1.07	0	0	0	
65	1.085	0.015	0	1.0	65	1.085	0	0	0	
66	1.102	0.018	0	1.0	66	1.102	0	0	0	
67	1.121	0.018	0	1.0	67	1.121	0	0	0	
68	1.135	0.014	0	1.0	68	1.135	0	0	0	
69	1.152	0.017	0	1.0	69	1.152	0	0	0	
70	1.169	0.017	0	1.0	70	1.169	0	0	0	
71	1.185	0.017	0	1.0	71	1.185	0	0	0	
72	1.202	0.017	0	1.0	72	1.202	0	0	0	
73	1.221	0.019	0	1.0	73	1.221	0	0	0	
74	1.235	0.014	0	1.0	74	1.235	0	0	0	
75	1.252	0.017	0	1.0	75	1.252	0	0	0	
76	1.269	0.017	0	1.0	76	1.269	0	0	0	
77	1.285	0.017	0	1.0	77	1.285	0	0	0	
78	1.302	0.017	0	1.0	78	1.302	0	0	0	
79	1.322	0.02	0	1.0	79	1.322	0	0	0	
80	1.335	0.013	0	1.0	80	1.335	0	0	0	
81	1.352	0.017	0	1.0	81	1.352	0	0	0	
82	1.369	0.017	0	1.0	82	1.369	0	0	0	
83	1.385	0.016	0	1.0	83	1.385	0	0	0	
84	1.402	0.017	0	1.0	84	1.402	0	0	0	
85	1.419	0.017	0	1.0	85	1.419	0	0	0	
86	1.437	0.019	0	1.0	86	1.437	0	0	0	
87	1.451	0.014	0	1.0	87	1.451	0	0	0	
88	1.469	0.017	0	1.0	88	1.469	0	0	0	
89	1.485	0.016	0	1.0	89	1.485	0	0	0	
90	1.502	0.017	0	1.0	90	1.502	0	0	0	
91	1.519	0.017	0	1.0	91	1.519	0	0	0	
92	1.537	0.018	0	1.0	92	1.537	0	0	0	
93	1.551	0.014	0	1.0	93	1.551	0	0	0	
94	1.569	0.018	0	1.0	94	1.569	0	0	0	
95	1.585	0.016	0	1.0	95	1.585	0	0	0	
96	1.602	0.017	0	1.0	96	1.602	0	0	0	
97	1.618	0.016	0	1.0	97	1.618	0	0	0	
98	1.637	0.019	0	1.0	98	1.637	0	0	0	
99	1.651	0.014	0	1.0	99	1.651	0	0	0	
100	1.669	0.017	0	1.0	100	1.669	0	0	0	
101	1.685	0.016	0	1.0	101	1.685	0	0	0	
102	1.702	0.017	0	1.0	102	1.702	0	0	0	
103	1.718	0.016	0	1.0	103	1.718	0	0	0	
104	1.737	0.019	0	1.0	104	1.737	0	0	0	
105	1.752	0.014	0	1.0	105	1.752	0	0	0	
106	1.769	0.017	0	1.0	106	1.769	0	0	0	
107	1.786	0.017	0	1.0	107	1.786	0	0	0	
108	1.802	0.017	0	1.0	108	1.802	0	0	0	
109	1.819	0.017	0	1.0	109	1.819	0	0	0	
110	1.838	0.019	0	1.0	110	1.838	0	0	0	
111	1.852	0.013	0	1.0	111	1.852	0	0	0	
112	1.869	0.017	0	1.0	112	1.869	0	0	0	
113	1.885	0.017	0	1.0	113	1.885	0	0	0	
114	1.902	0.017	0	1.0	114	1.902	0	0	0	
115	1.919	0.017	0	1.0	115	1.919	0	0	0	
116	1.935	0.016	0	1.0	116	1.935	0	0	0	
117	1.954	0.019	0	1.0	117	1.954	0	0	0	
118	1.968	0.014	0	1.0	118	1.968	0	0	0	
119	1.986	0.018	0	1.0	119	1.986	0	0	0	
120	2.002	0.016	0	1.0	120	2.002	0	0	0	
121	2.019	0.018	0	2.0	1	0.017	[  0.16666667 -29.83333333]	0	0	
122	2.035	0.016	0	2.0	2	0.033	[  0.33333333 -29.66666667]	0	0	
123	2.054	0.019	0	2.0	3	0.052	[  0.5 -29.5]	0	0	
124	2.069	0.014	0	2.0	4	0.066	[  0.66666667 -29.33333333]	0	0	
125	2.086	0.017	0	2.0	5	0.084	[  0.83333333 -29.16666667]	0	0	
126	2.103	0.017	0	2.0	6	0.101	[  1. -29.]	0	0	
127	2.119	0.017	0	2.0	7	0.117	[  1.16666667 -28.83333333]	0	0	
128	2.136	0.017	0	2.0	8	0.134	[  1.33333333 -28.66666667]	0	0	
129	2.154	0.019	0	2.0	9	0.152	[  1.5 -28.5]	0	0	
130	2.169	0.015	0	2.0	10	0.167	[  1.66666667 -28.33333333]	0	0	
131	2.186	0.017	0	2.0	11	0.184	[  1.83333333 -28.16666667]	0	0	
132	2.203	0.017	0	2.0	12	0.201	[  2. -28.]	0	0	
133	2.219	0.017	0	2.0	13	0.217	[  2.16666667 -27.83333333]	0	0	
134	2.236	0.016	0	2.0	14	0.234	[  2.33333333 -27.66666667]	0	0	
135	2.254	0.018	0	2.0	15	0.252	[  2.5 -27.5]	0	0	
136	2.268	0.014	0	2.0	16	0.266	[  2.66666667 -27.33333333]	0	0	
137	2.286	0.018	0	2.0	17	0.284	[  2.83333333 -27.16666667]	0	0	
138	2.303	0.017	0	2.0	18	0.301	[  3. -27.]	0	0	
139	2.319	0.017	0	2.0	19	0.317	[  3.16666667 -26.83333333]	0	0	
140	2.336	0.017	0	2.0	20	0.334	[  3.33333333 -26.66666667]	0	0	
141	2.357	0.021	0	2.0	21	0.355	[  3.5 -26.5]	0	0	
142	2.368	0.011	0	2.0	22	0.366	[  3.66666667 -26.33333333]	0	0	
143	2.386	0.018	0	2.0	23	0.384	[  3.83333333 -26.16666667]	0	0	
144	2.403	0.017	0	2.0	24	0.401	[  4. -26.]	0	0	
145	2.42	0.017	0	2.0	25	0.418	[  4.16666667 -25.83333333]	0	0	
146	2.437	0.017	0	2.0	26	0.434	[  4.33333333 -25.66666667]	0	0	
147	2.452	0.016	0	2.0	27	0.45	[  4.5 -25.5]	0	0	
148	2.472	0.019	0	2.0	28	0.47	[  4.66666667 -25.33333333]	0	0	
149	2.486	0.014	0	2.0	29	0.484	[  4.83333333 -25.16666667]	0	0	
150	2.503	0.017	0	2.0	30	0.501	[  5. -25.]	0	0	
151	2.519	0.017	0	2.0	31	0.517	[  5.16666667 -24.83333333]	0	0	
152	2.536	0.017	0	2.0	32	0.534	[  5.33333333 -24.66666667]	0	0	
153	2.553	0.017	0	2.0	33	0.551	[  5.5 -24.5]	0	0	
154	2.572	0.019	0	2.0	34	0.57	[  5.66666667 -24.33333333]	0	0	
155	2.586	0.014	0	2.0	35	0.584	[  5.83333333 -24.16666667]	0	0	
156	2.603	0.017	0	2.0	36	0.601	[  6. -24.]	0	0	
157	2.619	0.017	0	2.0	37	0.617	[  6.16666667 -23.83333333]	0	0	
158	2.636	0.016	0	2.0	38	0.634	[  6.33333333 -23.66666667]	0	0	
159	2.653	0.017	0	2.0	39	0.651	[  6.5 -23.5]	0	0	
160	2.672	0.019	0	2.0	40	0.67	[  6.66666667 -23.33333333]	0	0	
161	2.686	0.014	0	2.0	41	0.684	[  6.83333333 -23.16666667]	0	0	
162	2.703	0.017	0	2.0	42	0.701	[  7. -23.]	0	0	
163	2.719	0.016	0	2.0	43	0.717	[  7.16666667 -22.83333333]	0	0	
164	2.736	0.017	0	2.0	44	0.734	[  7.33333333 -22.66666667]	0	0	
165	2.752	0.016	0	2.0	45	0.75	[  7.5 -22.5]	0	0	
166	2.771	0.019	0	2.0	46	0.769	[  7.66666667 -22.33333333]	0	0	
167	2.785	0.014	0	2.0	47	0.783	[  7.83333333 -22.16666667]	0	0	
168	2.803	0.018	0	2.0	48	0.801	[  8. -22.]	0	0	
169	2.819	0.017	0	2.0	49	0.817	[  8.16666667 -21.83333333]	0	0	
170	2.836	0.017	0	2.0	50	0.834	[  8.33333333 -21.66666667]	0	0	
171	2.853	0.017	0	2.0	51	0.851	[  8.5 -21.5]	0	0	
172	2.871	0.019	0	2.0	52	0.869	[  8.66666667 -21.33333333]	0	0	
173	2.885	0.014	0	2.0	53	0.883	[  8.83333333 -21.16666667]	0	0	
174	2.903	0.018	0	2.0	54	0.901	[  9. -21.]	0	0	
175	2.919	0.017	0	2.0	55	0.917	[  9.16666667 -20.83333333]	0	0	
176	2.936	0.017	0	2.0	56	0.934	[  9.33333333 -20.66666667]	0	0	
177	2.953	0.017	0	2.0	57	0.951	[  9.5 -20.5]	0	0	
178	2.97	0.017	0	2.0	58	0.968	[  9.66666667 -20.33333333]	0	0	
179	2.988	0.018	0	2.0	59	0.986	[  9.83333333 -20.16666667]	0	0	
180	3.002	0.014	0	2.0	60	1.0	[ 10. -20.]	0	0	
181	3.02	0.018	0	2.0	61	1.018	[ 10.16666667 -19.83333333]	0	0	
182	3.036	0.016	0	2.0	62	1.034	[ 10.33333333 -19.66666667]	0	0	
183	3.053	0.017	0	2.0	63	1.051	[ 10.5 -19.5]	0	0	
184	3.069	0.016	0	2.0	64	1.067	[ 10.66666667 -19.33333333]	0	0	
185	3.088	0.019	0	2.0	65	1.086	[ 10.83333333 -19.16666667]	0	0	
186	3.102	0.014	0	2.0	66	1.1	[ 11. -19.]	0	0	
187	3.12	0.018	0	2.0	67	1.118	[ 11.16666667 -18.83333333]	0	0	
188	3.136	0.016	0	2.0	68	1.134	[ 11.33333333 -18.66666667]	0	0	
189	3.153	0.017	0	2.0	69	1.151	[ 11.5 -18.5]	0	0	
190	3.17	0.017	0	2.0	70	1.168	[ 11.66666667 -18.33333333]	0	0	
191	3.188	0.018	0	2.0	71	1.186	[ 11.83333333 -18.16666667]	0	0	
192	3.202	0.014	0	2.0	72	1.2	[ 12. -18.]	0	0	
193	3.22	0.018	0	2.0	73	1.218	[ 12.16666667 -17.83333333]	0	0	
194	3.236	0.016	0	2.0	74	1.234	[ 12.33333333 -17.66666667]	0	0	
195	3.253	0.017	0	2.0	75	1.251	[ 12.5 -17.5]	0	0	
196	3.27	0.017	0	2.0	76	1.268	[ 12.66666667 -17.33333333]	0	0	
197	3.289	0.019	0	2.0	77	1.287	[ 12.83333333 -17.16666667]	0	0	
198	3.302	0.013	0	2.0	78	1.3	[ 13. -17.]	0	0	
199	3.32	0.018	0	2.0	79	1.318	[ 13.16666667 -16.83333333]	0	0	
200	3.336	0.016	0	2.0	80	1.334	[ 13.33333333 -16.66666667]	0	0	
201	3.353	0.017	0	2.0	81	1.351	[ 13.5 -16.5]	0	0	
202	3.37	0.017	0	2.0	82	1.368	[ 13.66666667 -16.33333333]	0	0	
203	3.389	0.019	0	2.0	83	1.387	[ 13.83333333 -16.16666667]	0	0	
204	3.402	0.013	0	2.0	84	1.4	[ 14. -16.]	0	0	
205	3.42	0.018	0	2.0	85	1.418	[ 14.16666667 -15.83333333]	0	0	
206	3.438	0.018	0	2.0	86	1.436	[ 14.33333333 -15.66666667]	0	0	
207	3.455	0.017	0	2.0	87	1.453	[ 14.5 -15.5]	0	0	
208	3.471	0.017	0	2.0	88	1.469	[ 14.66666667 -15.33333333]	0	0	
209	3.491	0.02	0	2.0	89	1.489	[ 14.83333333 -15.16666667]	0	0	
210	3.504	0.013	0	2.0	90	1.502	[ 15. -15.]	0	0	
211	3.522	0.017	0	2.0	91	1.52	[ 15.16666667 -14.83333333]	0	0	
212	3.538	0.017	0	2.0	92	1.536	[ 15.33333333 -14.66666667]	0	0	
213	3.555	0.017	0	2.0	93	1.553	[ 15.5 -14.5]	0	0	
214	3.571	0.017	0	2.0	94	1.569	[ 15.66666667 -14.33333333]	0	0	
215	3.588	0.017	0	2.0	95	1.586	[ 15.83333333 -14.16666667]	0	0	
216	3.607	0.019	0	2.0	96	1.605	[ 16. -14.]	0	0	
217	3.621	0.014	0	2.0	97	1.619	[ 16.16666667 -13.83333333]	0	0	
218	3.638	0.018	0	2.0	98	1.636	[ 16.33333333 -13.66666667]	0	0	
219	3.654	0.016	0	2.0	99	1.652	[ 16.5 -13.5]	0	0	
220	3.672	0.017	0	2.0	100	1.67	[ 16.66666667 -13.33333333]	0	0	
221	3.688	0.017	0	2.0	101	1.686	[ 16.83333333 -13.16666667]	0	0	
222	3.707	0.019	0	2.0	102	1.705	[ 17. -13.]	0	0	
223	3.721	0.014	0	2.0	103	1.719	[ 17.16666667 -12.83333333]	0	0	
224	3.738	0.018	0	2.0	104	1.736	[ 17.33333333 -12.66666667]	0	0	
225	3.754	0.016	0	2.0	105	1.752	[ 17.5 -12.5]	0	0	
226	3.772	0.017	0	2.0	106	1.77	[ 17.66666667 -12.33333333]	0	0	
227	3.788	0.017	0	2.0	107	1.786	[ 17.83333333 -12.16666667]	0	0	
228	3.807	0.019	0	2.0	108	1.805	[ 18. -12.]	0	0	
229	3.821	0.014	0	2.0	109	1.819	[ 18.16666667 -11.83333333]	0	0	
230	3.838	0.018	0	2.0	110	1.836	[ 18.33333333 -11.66666667]	0	0	
231	3.855	0.017	0	2.0	111	1.853	[ 18.5 -11.5]	0	0	
232	3.872	0.017	0	2.0	112	1.87	[ 18.66666667 -11.33333333]	0	0	
233	3.888	0.017	0	2.0	113	1.886	[ 18.83333333 -11.16666667]	0	0	
234	3.907	0.018	0	2.0	114	1.905	[ 19. -11.]	0	0	
235	3.921	0.014	0	2.0	115	1.919	[ 19.16666667 -10.83333333]	0	0	
236	3.938	0.018	0	2.0	116	1.936	[ 19.33333333 -10.66666667]	0	0	
237	3.954	0.016	0	2.0	117	1.952	[ 19.5 -10.5]	0	0	
238	3.972	0.017	0	2.0	118	1.97	[ 19.66666667 -10.33333333]	0	0	
239	3.988	0.017	0	2.0	119	1.986	[ 19.83333333 -10.16666667]	0	0	
240	4.007	0.018	0	2.0	120	2.005	[ 20. -10.]	0	0	
241	4.021	0.014	0	2.0	121	2.019	[20.16666667 -9.83333333]	0	0	
242	4.038	0.018	0	2.0	122	2.036	[20.33333333 -9.66666667]	0	0	
243	4.055	0.016	0	2.0	123	2.052	[20.5 -9.5]	0	0	
244	4.072	0.017	0	2.0	124	2.07	[20.66666667 -9.33333333]	0	0	
245	4.088	0.016	0	2.0	125	2.086	[20.83333333 -9.16666667]	0	0	
246	4.107	0.019	0	2.0	126	2.105	[21. -9.]	0	0	
247	4.121	0.014	0	2.0	127	2.119	[21.16666667 -8.83333333]	0	0	
248	4.138	0.018	0	2.0	128	2.136	[21.33333333 -8.66666667]	0	0	
249	4.155	0.016	0	2.0	129	2.152	[21.5 -8.5]	0	0	
250	4.172	0.017	0	2.0	130	2.17	[21.66666667 -8.33333333]	0	0	
251	4.188	0.017	0	2.0	131	2.186	[21.83333333 -8.16666667]	0	0	
252	4.205	0.016	0	2.0	132	2.203	[22. -8.]	0	0	
253	4.223	0.019	0	2.0	133	2.221	[22.16666667 -7.83333333]	0	0	
254	4.238	0.014	0	2.0	134	2.236	[22.33333333 -7.66666667]	0	0	
255	4.255	0.017	0	2.0	135	2.253	[22.5 -7.5]	0	0	
256	4.272	0.017	0	2.0	136	2.27	[22.66666667 -7.33333333]	0	0	
257	4.288	0.017	0	2.0	137	2.286	[22.83333333 -7.16666667]	0	0	
258	4.305	0.016	0	2.0	138	2.302	[23. -7.]	0	0	
259	4.324	0.02	0	2.0	139	2.322	[23.16666667 -6.83333333]	0	0	
260	4.338	0.013	0	2.0	140	2.335	[23.33333333 -6.66666667]	0	0	
261	4.355	0.017	0	2.0	141	2.353	[23.5 -6.5]	0	0	
262	4.372	0.017	0	2.0	142	2.37	[23.66666667 -6.33333333]	0	0	
263	4.388	0.017	0	2.0	143	2.386	[23.83333333 -6.16666667]	0	0	
264	4.405	0.016	0	2.0	144	2.403	[24. -6.]	0	0	
265	4.423	0.019	0	2.0	145	2.421	[24.16666667 -5.83333333]	0	0	
266	4.438	0.014	0	2.0	146	2.436	[24.33333333 -5.66666667]	0	0	
267	4.455	0.017	0	2.0	147	2.453	[24.5 -5.5]	0	0	
268	4.472	0.017	0	2.0	148	2.47	[24.66666667 -5.33333333]	0	0	
269	4.488	0.017	0	2.0	149	2.486	[24.83333333 -5.16666667]	0	0	
270	4.505	0.017	0	2.0	150	2.503	[25. -5.]	0	0	
271	4.524	0.019	0	2.0	151	2.522	[25.16666667 -4.83333333]	0	0	
272	4.538	0.014	0	2.0	152	2.535	[25.33333333 -4.66666667]	0	0	
273	4.555	0.017	0	2.0	153	2.553	[25.5 -4.5]	0	0	
274	4.572	0.018	0	2.0	154	2.57	[25.66666667 -4.33333333]	0	0	
275	4.588	0.016	0	2.0	155	2.586	[25.83333333 -4.16666667]	0	0	
276	4.605	0.017	0	2.0	156	2.603	[26. -4.]	0	0	
277	4.624	0.019	0	2.0	157	2.622	[26.16666667 -3.83333333]	0	0	
278	4.637	0.013	0	2.0	158	2.635	[26.33333333 -3.66666667]	0	0	
279	4.655	0.018	0	2.0	159	2.653	[26.5 -3.5]	0	0	
280	4.672	0.016	0	2.0	160	2.669	[26.66666667 -3.33333333]	0	0	
281	4.689	0.017	0	2.0	161	2.686	[26.83333333 -3.16666667]	0	0	
282	4.705	0.017	0	2.0	162	2.703	[27. -3.]	0	0	
283	4.722	0.016	0	2.0	163	2.719	[27.16666667 -2.83333333]	0	0	
284	4.74	0.019	0	2.0	164	2.738	[27.33333333 -2.66666667]	0	0	
285	4.755	0.015	0	2.0	165	2.753	[27.5 -2.5]	0	0	
286	4.772	0.017	0	2.0	166	2.77	[27.66666667 -2.33333333]	0	0	
287	4.789	0.017	0	2.0	167	2.787	[27.83333333 -2.16666667]	0	0	
288	4.805	0.017	0	2.0	168	2.803	[28. -2.]	0	0	
289	4.822	0.017	0	2.0	169	2.82	[28.16666667 -1.83333333]	0	0	
290	4.84	0.018	0	2.0	170	2.838	[28.33333333 -1.66666667]	0	0	
291	4.855	0.014	0	2.0	171	2.853	[28.5 -1.5]	0	0	
292	4.872	0.017	0	2.0	172	2.87	[28.66666667 -1.33333333]	0	0	
293	4.889	0.017	0	2.0	173	2.887	[28.83333333 -1.16666667]	0	0	
294	4.905	0.017	0	2.0	174	2.903	[29. -1.]	0	0	
295	4.922	0.016	0	2.0	175	2.92	[29.16666667 -0.83333333]	0	0	
296	4.94	0.019	0	2.0	176	2.938	[29.33333333 -0.66666667]	0	0	
297	4.955	0.014	0	2.0	177	2.953	[29.5 -0.5]	0	0	
298	4.972	0.017	0	2.0	178	2.97	[29.66666667 -0.33333333]	0	0	
299	4.989	0.017	0	2.0	179	2.987	[29.83333333 -0.16666667]	0	0	
300	5.006	0.017	0	2.0	180	3.003	[3.00000000e+01 7.54396545e-14]	0	0	
301	5.022	0.017	0	2.0	181	3.02	[30.16666667  0.16666667]	0	0	
302	5.041	0.019	0	2.0	182	3.039	[30.33333333  0.33333333]	0	0	
303	5.055	0.014	0	2.0	183	3.052	[30.5  0.5]	0	0	
304	5.072	0.017	0	2.0	184	3.07	[30.66666667  0.66666667]	0	0	
305	5.089	0.017	0	2.0	185	3.087	[30.83333333  0.83333333]	0	0	
306	5.105	0.017	0	2.0	186	3.103	[31.  1.]	0	0	
307	5.122	0.016	0	2.0	187	3.12	[31.16666667  1.16666667]	0	0	
308	5.142	0.02	0	2.0	188	3.14	[31.33333333  1.33333333]	0	0	
309	5.155	0.012	0	2.0	189	3.152	[31.5  1.5]	0	0	
310	5.172	0.017	0	2.0	190	3.17	[31.66666667  1.66666667]	0	0	
311	5.189	0.017	0	2.0	191	3.187	[31.83333333  1.83333333]	0	0	
312	5.206	0.017	0	2.0	192	3.203	[32.  2.]	0	0	
313	5.222	0.016	0	2.0	193	3.22	[32.16666667  2.16666667]	0	0	
314	5.239	0.017	0	2.0	194	3.237	[32.33333333  2.33333333]	0	0	
315	5.258	0.019	0	2.0	195	3.256	[32.5  2.5]	0	0	
316	5.271	0.014	0	2.0	196	3.269	[32.66666667  2.66666667]	0	0	
317	5.289	0.017	0	2.0	197	3.287	[32.83333333  2.83333333]	0	0	
318	5.305	0.017	0	2.0	198	3.303	[33.  3.]	0	0	
319	5.323	0.017	0	2.0	199	3.32	[33.16666667  3.16666667]	0	0	
320	5.338	0.016	0	2.0	200	3.336	[33.33333333  3.33333333]	0	0	
321	5.358	0.02	0	2.0	201	3.356	[33.5  3.5]	0	0	
322	5.371	0.014	0	2.0	202	3.369	[33.66666667  3.66666667]	0	0	
323	5.389	0.017	0	2.0	203	3.387	[33.83333333  3.83333333]	0	0	
324	5.405	0.017	0	2.0	204	3.403	[34.  4.]	0	0	
325	5.423	0.017	0	2.0	205	3.42	[34.16666667  4.16666667]	0	0	
326	5.438	0.016	0	2.0	206	3.436	[34.33333333  4.33333333]	0	0	
327	5.457	0.019	0	2.0	207	3.455	[34.5  4.5]	0	0	
328	5.471	0.014	0	2.0	208	3.469	[34.66666667  4.66666667]	0	0	
329	5.489	0.018	0	2.0	209	3.487	[34.83333333  4.83333333]	0	0	
330	5.505	0.017	0	2.0	210	3.503	[35.  5.]	0	0	
331	5.522	0.017	0	2.0	211	3.52	[35.16666667  5.16666667]	0	0	
332	5.539	0.017	0	2.0	212	3.537	[35.33333333  5.33333333]	0	0	
333	5.557	0.019	0	2.0	213	3.555	[35.5  5.5]	0	0	
334	5.572	0.014	0	2.0	214	3.569	[35.66666667  5.66666667]	0	0	
335	5.589	0.017	0	2.0	215	3.587	[35.83333333  5.83333333]	0	0	
336	5.606	0.017	0	2.0	216	3.604	[36.  6.]	0	0	
337	5.622	0.017	0	2.0	217	3.62	[36.16666667  6.16666667]	0	0	
338	5.639	0.017	0	2.0	218	3.637	[36.33333333  6.33333333]	0	0	
339	5.657	0.018	0	2.0	219	3.655	[36.5  6.5]	0	0	
340	5.671	0.014	0	2.0	220	3.669	[36.66666667  6.66666667]	0	0	
341	5.689	0.018	0	2.0	221	3.687	[36.83333333  6.83333333]	0	0	
342	5.706	0.016	0	2.0	222	3.703	[37.  7.]	0	0	
343	5.722	0.017	0	2.0	223	3.72	[37.16666667  7.16666667]	0	0	
344	5.738	0.016	0	2.0	224	3.736	[37.33333333  7.33333333]	0	0	
345	5.757	0.018	0	2.0	225	3.755	[37.5  7.5]	0	0	
346	5.772	0.015	0	2.0	226	3.769	[37.66666667  7.66666667]	0	0	
347	5.789	0.017	0	2.0	227	3.787	[37.83333333  7.83333333]	0	0	
348	5.806	0.017	0	2.0	228	3.804	[38.  8.]	0	0	
349	5.822	0.017	0	2.0	229	3.82	[38.16666667  8.16666667]	0	0	
350	5.839	0.017	0	2.0	230	3.837	[38.33333333  8.33333333]	0	0	
351	5.86	0.021	0	2.0	231	3.858	[38.5  8.5]	0	0	
352	5.871	0.011	0	2.0	232	3.869	[38.66666667  8.66666667]	0	0	
353	5.889	0.018	0	2.0	233	3.887	[38.83333333  8.83333333]	0	0	
354	5.906	0.017	0	2.0	234	3.904	[39.  9.]	0	0	
355	5.922	0.017	0	2.0	235	3.92	[39.16666667  9.16666667]	0	0	
356	5.939	0.016	0	2.0	236	3.937	[39.33333333  9.33333333]	0	0	
357	5.956	0.017	0	2.0	237	3.954	[39.5  9.5]	0	0	
358	5.975	0.019	0	2.0	238	3.973	[39.66666667  9.66666667]	0	0	
359	5.988	0.014	0	2.0	239	3.986	[39.83333333  9.83333333]	0	0	
360	6.006	0.018	0	2.0	240	4.004	[40. 10.]	0	0	
361	6.022	0.017	0	2.0	241	4.02	[40.16666667 10.16666667]	0	0	
362	6.039	0.016	0	2.0	242	4.037	[40.33333333 10.33333333]	0	0	
363	6.056	0.017	0	2.0	243	4.054	[40.5 10.5]	0	0	
364	6.075	0.019	0	2.0	244	4.073	[40.66666667 10.66666667]	0	0	
365	6.088	0.014	0	2.0	245	4.086	[40.83333333 10.83333333]	0	0	
366	6.106	0.018	0	2.0	246	4.104	[41. 11.]	0	0	
367	6.122	0.016	0	2.0	247	4.12	[41.16666667 11.16666667]	0	0	
368	6.139	0.016	0	2.0	248	4.137	[41.33333333 11.33333333]	0	0	
369	6.156	0.017	0	2.0	249	4.154	[41.5 11.5]	0	0	
370	6.175	0.019	0	2.0	250	4.173	[41.66666667 11.66666667]	0	0	
371	6.188	0.014	0	2.0	251	4.186	[41.83333333 11.83333333]	0	0	
372	6.206	0.018	0	2.0	252	4.204	[42. 12.]	0	0	
373	6.222	0.017	0	2.0	253	4.22	[42.16666667 12.16666667]	0	0	
374	6.239	0.016	0	2.0	254	4.237	[42.33333333 12.33333333]	0	0	
375	6.256	0.017	0	2.0	255	4.254	[42.5 12.5]	0	0	
376	6.274	0.019	0	2.0	256	4.272	[42.66666667 12.66666667]	0	0	
377	6.289	0.014	0	2.0	257	4.287	[42.83333333 12.83333333]	0	0	
378	6.306	0.017	0	2.0	258	4.304	[43. 13.]	0	0	
379	6.323	0.017	0	2.0	259	4.32	[43.16666667 13.16666667]	0	0	
380	6.339	0.017	0	2.0	260	4.337	[43.33333333 13.33333333]	0	0	
381	6.356	0.017	0	2.0	261	4.354	[43.5 13.5]	0	0	
382	6.375	0.019	0	2.0	262	4.373	[43.66666667 13.66666667]	0	0	
383	6.388	0.014	0	2.0	263	4.386	[43.83333333 13.83333333]	0	0	
384	6.406	0.018	0	2.0	264	4.404	[44. 14.]	0	0	
385	6.423	0.017	0	2.0	265	4.42	[44.16666667 14.16666667]	0	0	
386	6.439	0.017	0	2.0	266	4.437	[44.33333333 14.33333333]	0	0	
387	6.456	0.017	0	2.0	267	4.454	[44.5 14.5]	0	0	
388	6.475	0.019	0	2.0	268	4.473	[44.66666667 14.66666667]	0	0	
389	6.488	0.013	0	2.0	269	4.486	[44.83333333 14.83333333]	0	0	
390	6.506	0.018	0	2.0	270	4.504	[45. 15.]	0	0	
391	6.523	0.017	0	2.0	271	4.52	[45.16666667 15.16666667]	0	0	
392	6.539	0.017	0	2.0	272	4.537	[45.33333333 15.33333333]	0	0	
393	6.555	0.016	0	2.0	273	4.553	[45.5 15.5]	0	0	
394	6.573	0.017	0	2.0	274	4.571	[45.66666667 15.66666667]	0	0	
395	6.59	0.017	0	2.0	275	4.588	[45.83333333 15.83333333]	0	0	
396	6.605	0.016	0	2.0	276	4.603	[46. 16.]	0	0	
397	6.623	0.018	0	2.0	277	4.621	[46.16666667 16.16666667]	0	0	
398	6.639	0.017	0	2.0	278	4.637	[46.33333333 16.33333333]	0	0	
399	6.656	0.016	0	2.0	279	4.654	[46.5 16.5]	0	0	
400	6.672	0.016	0	2.0	280	4.67	[46.66666667 16.66666667]	0	0	
401	6.691	0.019	0	2.0	281	4.689	[46.83333333 16.83333333]	0	0	
402	6.705	0.014	0	2.0	282	4.703	[47. 17.]	0	0	
403	6.723	0.017	0	2.0	283	4.721	[47.16666667 17.16666667]	0	0	
404	6.739	0.017	0	2.0	284	4.737	[47.33333333 17.33333333]	0	0	
405	6.756	0.016	0	2.0	285	4.753	[47.5 17.5]	0	0	
406	6.773	0.017	0	2.0	286	4.771	[47.66666667 17.66666667]	0	0	
407	6.791	0.019	0	2.0	287	4.789	[47.83333333 17.83333333]	0	0	
408	6.805	0.014	0	2.0	288	4.803	[48. 18.]	0	0	
409	6.823	0.018	0	2.0	289	4.821	[48.16666667 18.16666667]	0	0	
410	6.839	0.017	0	2.0	290	4.837	[48.33333333 18.33333333]	0	0	
411	6.856	0.017	0	2.0	291	4.854	[48.5 18.5]	0	0	
412	6.873	0.017	0	2.0	292	4.871	[48.66666667 18.66666667]	0	0	
413	6.891	0.018	0	2.0	293	4.889	[48.83333333 18.83333333]	0	0	
414	6.905	0.014	0	2.0	294	4.903	[49. 19.]	0	0	
415	6.923	0.018	0	2.0	295	4.921	[49.16666667 19.16666667]	0	0	
416	6.939	0.017	0	2.0	296	4.937	[49.33333333 19.33333333]	0	0	
417	6.956	0.016	0	2.0	297	4.954	[49.5 19.5]	0	0	
418	6.973	0.017	0	2.0	298	4.971	[49.66666667 19.66666667]	0	0	
419	6.992	0.019	0	2.0	299	4.99	[49.83333333 19.83333333]	0	0	
420	7.005	0.013	0	2.0	300	5.003	[50. 20.]	0	0	
421	7.023	0.018	0	2.0	301	5.021	[50.16666667 20.16666667]	0	0	
422	7.039	0.016	0	2.0	302	5.037	[50.33333333 20.33333333]	0	0	
423	7.056	0.017	0	2.0	303	5.054	[50.5 20.5]	0	0	
424	7.073	0.017	0	2.0	304	5.071	[50.66666667 20.66666667]	0	0	
425	7.093	0.02	0	2.0	305	5.09	[50.83333333 20.83333333]	0	0	
426	7.105	0.013	0	2.0	306	5.103	[51. 21.]	0	0	
427	7.123	0.018	0	2.0	307	5.121	[51.16666667 21.16666667]	0	0	
428	7.139	0.016	0	2.0	308	5.137	[51.33333333 21.33333333]	0	0	
429	7.156	0.016	0	2.0	309	5.154	[51.5 21.5]	0	0	
430	7.173	0.017	0	2.0	310	5.171	[51.66666667 21.66666667]	0	0	
431	7.189	0.017	0	2.0	311	5.187	[51.83333333 21.83333333]	0	0	
432	7.209	0.019	0	2.0	312	5.207	[52. 22.]	0	0	
433	7.222	0.013	0	2.0	313	5.22	[52.16666667 22.16666667]	0	0	
434	7.24	0.018	0	2.0	314	5.238	[52.33333333 22.33333333]	0	0	
435	7.256	0.016	0	2.0	315	5.254	[52.5 22.5]	0	0	
436	7.273	0.017	0	2.0	316	5.271	[52.66666667 22.66666667]	0	0	
437	7.289	0.017	0	2.0	317	5.287	[52.83333333 22.83333333]	0	0	
438	7.308	0.019	0	2.0	318	5.306	[53. 23.]	0	0	
439	7.322	0.014	0	2.0	319	5.32	[53.16666667 23.16666667]	0	0	
440	7.34	0.018	0	2.0	320	5.338	[53.33333333 23.33333333]	0	0	
441	7.356	0.016	0	2.0	321	5.354	[53.5 23.5]	0	0	
442	7.373	0.018	0	2.0	322	5.371	[53.66666667 23.66666667]	0	0	
443	7.39	0.016	0	2.0	323	5.388	[53.83333333 23.83333333]	0	0	
444	7.408	0.018	0	2.0	324	5.406	[54. 24.]	0	0	
445	7.422	0.014	0	2.0	325	5.42	[54.16666667 24.16666667]	0	0	
446	7.44	0.018	0	2.0	326	5.438	[54.33333333 24.33333333]	0	0	
447	7.456	0.016	0	2.0	327	5.454	[54.5 24.5]	0	0	
448	7.473	0.017	0	2.0	328	5.471	[54.66666667 24.66666667]	0	0	
449	7.49	0.017	0	2.0	329	5.487	[54.83333333 24.83333333]	0	0	
450	7.508	0.018	0	2.0	330	5.506	[55. 25.]	0	0	
451	7.522	0.015	0	2.0	331	5.52	[55.16666667 25.16666667]	0	0	
452	7.54	0.018	0	2.0	332	5.538	[55.33333333 25.33333333]	0	0	
453	7.556	0.016	0	2.0	333	5.554	[55.5 25.5]	0	0	
454	7.573	0.017	0	2.0	334	5.571	[55.66666667 25.66666667]	0	0	
455	7.59	0.017	0	2.0	335	5.588	[55.83333333 25.83333333]	0	0	
456	7.608	0.019	0	2.0	336	5.606	[56. 26.]	0	0	
457	7.622	0.014	0	2.0	337	5.62	[56.16666667 26.16666667]	0	0	
458	7.64	0.018	0	2.0	338	5.638	[56.33333333 26.33333333]	0	0	
459	7.656	0.016	0	2.0	339	5.654	[56.5 26.5]	0	0	
460	7.673	0.017	0	2.0	340	5.671	[56.66666667 26.66666667]	0	0	
461	7.69	0.017	0	2.0	341	5.688	[56.83333333 26.83333333]	0	0	
462	7.708	0.019	0	2.0	342	5.706	[57. 27.]	0	0	
463	7.722	0.014	0	2.0	343	5.72	[57.16666667 27.16666667]	0	0	
464	7.74	0.018	0	2.0	344	5.738	[57.33333333 27.33333333]	0	0	
465	7.756	0.016	0	2.0	345	5.754	[57.5 27.5]	0	0	
466	7.774	0.018	0	2.0	346	5.772	[57.66666667 27.66666667]	0	0	
467	7.789	0.016	0	2.0	347	5.787	[57.83333333 27.83333333]	0	0	
468	7.807	0.017	0	2.0	348	5.805	[58. 28.]	0	0	
469	7.825	0.018	0	2.0	349	5.823	[58.16666667 28.16666667]	0	0	
470	7.839	0.014	0	2.0	350	5.837	[58.33333333 28.33333333]	0	0	
471	7.857	0.018	0	2.0	351	5.855	[58.5 28.5]	0	0	
472	7.873	0.016	0	2.0	352	5.871	[58.66666667 28.66666667]	0	0	
473	7.89	0.017	0	2.0	353	5.888	[58.83333333 28.83333333]	0	0	
474	7.906	0.017	0	2.0	354	5.904	[59. 29.]	0	0	
475	7.925	0.018	0	2.0	355	5.923	[59.16666667 29.16666667]	0	0	
476	7.939	0.014	0	2.0	356	5.937	[59.33333333 29.33333333]	0	0	
477	7.957	0.018	0	2.0	357	5.955	[59.5 29.5]	0	0	
478	7.973	0.016	0	2.0	358	5.97	[59.66666667 29.66666667]	0	0	
479	7.99	0.017	0	2.0	359	5.988	[59.83333333 29.83333333]	0	0	
480	8.006	0.017	0	2.0	360	6.004	[60. 30.]	0	0	
481	8.025	0.019	0	2.0	361	6.023	[60.16666667 30.16666667]	0	0	
482	8.039	0.014	0	2.0	362	6.037	[60.33333333 30.33333333]	0	0	
483	8.057	0.018	0	2.0	363	6.055	[60.5 30.5]	0	0	
484	8.073	0.016	0	2.0	364	6.071	[60.66666667 30.66666667]	0	0	
485	8.09	0.017	0	2.0	365	6.088	[60.83333333 30.83333333]	0	0	
486	8.106	0.017	0	2.0	366	6.104	[61. 31.]	0	0	
487	8.125	0.018	0	2.0	367	6.123	[61.16666667 31.16666667]	0	0	
488	8.139	0.014	0	2.0	368	6.137	[61.33333333 31.33333333]	0	0	
489	8.157	0.018	0	2.0	369	6.155	[61.5 31.5]	0	0	
490	8.173	0.016	0	2.0	370	6.171	[61.66666667 31.66666667]	0	0	
491	8.19	0.017	0	2.0	371	6.188	[61.83333333 31.83333333]	0	0	
492	8.206	0.017	0	2.0	372	6.204	[62. 32.]	0	0	
493	8.225	0.019	0	2.0	373	6.223	[62.16666667 32.16666667]	0	0	
494	8.239	0.013	0	2.0	374	6.237	[62.33333333 32.33333333]	0	0	
495	8.257	0.018	0	2.0	375	6.255	[62.5 32.5]	0	0	
496	8.273	0.016	0	2.0	376	6.271	[62.66666667 32.66666667]	0	0	
497	8.29	0.017	0	2.0	377	6.288	[62.83333333 32.83333333]	0	0	
498	8.306	0.017	0	2.0	378	6.304	[63. 33.]	0	0	
499	8.323	0.017	0	2.0	379	6.321	[63.16666667 33.16666667]	0	0	
500	8.342	0.018	0	2.0	380	6.34	[63.33333333 33.33333333]	0	0	
501	8.356	0.014	0	2.0	381	6.354	[63.5 33.5]	0	0	
502	8.374	0.018	0	2.0	382	6.372	[63.66666667 33.66666667]	0	0	
503	8.389	0.016	0	2.0	383	6.387	[63.83333333 33.83333333]	0	0	
504	8.407	0.017	0	2.0	384	6.405	[64. 34.]	0	0	
505	8.423	0.017	0	2.0	385	6.421	[64.16666667 34.16666667]	0	0	
506	8.444	0.02	0	2.0	386	6.441	[64.33333333 34.33333333]	0	0	
507	8.458	0.014	0	2.0	387	6.456	[64.5 34.5]	0	0	
508	8.475	0.017	0	2.0	388	6.473	[64.66666667 34.66666667]	0	0	
509	8.492	0.017	0	2.0	389	6.49	[64.83333333 34.83333333]	0	0	
510	8.508	0.017	0	2.0	390	6.506	[65. 35.]	0	0	
511	8.525	0.017	0	2.0	391	6.523	[65.16666667 35.16666667]	0	0	
512	8.544	0.019	0	2.0	392	6.542	[65.33333333 35.33333333]	0	0	
513	8.557	0.014	0	2.0	393	6.555	[65.5 35.5]	0	0	
514	8.575	0.017	0	2.0	394	6.573	[65.66666667 35.66666667]	0	0	
515	8.592	0.017	0	2.0	395	6.59	[65.83333333 35.83333333]	0	0	
516	8.608	0.017	0	2.0	396	6.606	[66. 36.]	0	0	
517	8.625	0.017	0	2.0	397	6.623	[66.16666667 36.16666667]	0	0	
518	8.643	0.018	0	2.0	398	6.641	[66.33333333 36.33333333]	0	0	
519	8.658	0.014	0	2.0	399	6.656	[66.5 36.5]	0	0	
520	8.675	0.017	0	2.0	400	6.673	[66.66666667 36.66666667]	0	0	
521	8.692	0.017	0	2.0	401	6.69	[66.83333333 36.83333333]	0	0	
522	8.708	0.017	0	2.0	402	6.706	[67. 37.]	0	0	
523	8.725	0.017	0	2.0	403	6.723	[67.16666667 37.16666667]	0	0	
524	8.744	0.019	0	2.0	404	6.742	[67.33333333 37.33333333]	0	0	
525	8.757	0.013	0	2.0	405	6.755	[67.5 37.5]	0	0	
526	8.775	0.017	0	2.0	406	6.773	[67.66666667 37.66666667]	0	0	
527	8.792	0.017	0	2.0	407	6.79	[67.83333333 37.83333333]	0	0	
528	8.808	0.017	0	2.0	408	6.806	[68. 38.]	0	0	
529	8.826	0.017	0	2.0	409	6.824	[68.16666667 38.16666667]	0	0	
530	8.843	0.018	0	2.0	410	6.841	[68.33333333 38.33333333]	0	0	
531	8.858	0.014	0	2.0	411	6.856	[68.5 38.5]	0	0	
532	8.875	0.017	0	2.0	412	6.873	[68.66666667 38.66666667]	0	0	
533	8.892	0.017	0	2.0	413	6.89	[68.83333333 38.83333333]	0	0	
534	8.908	0.017	0	2.0	414	6.906	[69. 39.]	0	0	
535	8.925	0.017	0	2.0	415	6.923	[69.16666667 39.16666667]	0	0	
536	8.942	0.017	0	2.0	416	6.94	[69.33333333 39.33333333]	0	0	
537	8.96	0.018	0	2.0	417	6.958	[69.5 39.5]	0	0	
538	8.974	0.014	0	2.0	418	6.972	[69.66666667 39.66666667]	0	0	
539	8.992	0.017	0	2.0	419	6.99	[69.83333333 39.83333333]	0	0	
540	9.009	0.017	0	2.0	420	7.006	[70. 40.]	0	0	
541	9.025	0.017	0	2.0	421	7.023	[70.16666667 40.16666667]	0	0	
542	9.042	0.017	0	2.0	422	7.04	[70.33333333 40.33333333]	0	0	
543	9.061	0.019	0	2.0	423	7.059	[70.5 40.5]	0	0	
544	9.074	0.014	0	2.0	424	7.072	[70.66666667 40.66666667]	0	0	
545	9.092	0.017	0	2.0	425	7.09	[70.83333333 40.83333333]	0	0	
546	9.109	0.017	0	2.0	426	7.106	[71. 41.]	0	0	
547	9.125	0.016	0	2.0	427	7.123	[71.16666667 41.16666667]	0	0	
548	9.142	0.017	0	2.0	428	7.14	[71.33333333 41.33333333]	0	0	
549	9.16	0.019	0	2.0	429	7.158	[71.5 41.5]	0	0	
550	9.174	0.014	0	2.0	430	7.172	[71.66666667 41.66666667]	0	0	
551	9.192	0.017	0	2.0	431	7.19	[71.83333333 41.83333333]	0	0	
552	9.209	0.017	0	2.0	432	7.206	[72. 42.]	0	0	
553	9.225	0.017	0	2.0	433	7.223	[72.16666667 42.16666667]	0	0	
554	9.242	0.017	0	2.0	434	7.24	[72.33333333 42.33333333]	0	0	
555	9.261	0.019	0	2.0	435	7.259	[72.5 42.5]	0	0	
556	9.274	0.014	0	2.0	436	7.272	[72.66666667 42.66666667]	0	0	
557	9.292	0.017	0	2.0	437	7.29	[72.83333333 42.83333333]	0	0	
558	9.309	0.017	0	2.0	438	7.306	[73. 43.]	0	0	
559	9.325	0.017	0	2.0	439	7.323	[73.16666667 43.16666667]	0	0	
560	9.342	0.016	0	2.0	440	7.34	[73.33333333 43.33333333]	0	0	
561	9.362	0.02	0	2.0	441	7.36	[73.5 43.5]	0	0	
562	9.374	0.012	0	2.0	442	7.372	[73.66666667 43.66666667]	0	0	
563	9.392	0.018	0	2.0	443	7.39	[73.83333333 43.83333333]	0	0	
564	9.409	0.017	0	2.0	444	7.406	[74. 44.]	0	0	
565	9.425	0.017	0	2.0	445	7.423	[74.16666667 44.16666667]	0	0	
566	9.442	0.016	0	2.0	446	7.44	[74.33333333 44.33333333]	0	0	
567	9.459	0.017	0	2.0	447	7.456	[74.5 44.5]	0	0	
568	9.477	0.019	0	2.0	448	7.475	[74.66666667 44.66666667]	0	0	
569	9.491	0.014	0	2.0	449	7.489	[74.83333333 44.83333333]	0	0	
570	9.509	0.017	0	2.0	450	7.507	[75. 45.]	0	0	
571	9.525	0.017	0	2.0	451	7.523	[75.16666667 45.16666667]	0	0	
572	9.542	0.016	0	2.0	452	7.54	[75.33333333 45.33333333]	0	0	
573	9.559	0.017	0	2.0	453	7.557	[75.5 45.5]	0	0	
574	9.578	0.019	0	2.0	454	7.576	[75.66666667 45.66666667]	0	0	
575	9.591	0.013	0	2.0	455	7.589	[75.83333333 45.83333333]	0	0	
576	9.609	0.018	0	2.0	456	7.607	[76. 46.]	0	0	
577	9.625	0.017	0	2.0	457	7.623	[76.16666667 46.16666667]	0	0	
578	9.642	0.017	0	2.0	458	7.64	[76.33333333 46.33333333]	0	0	
579	9.659	0.017	0	2.0	459	7.657	[76.5 46.5]	0	0	
580	9.678	0.019	0	2.0	460	7.676	[76.66666667 46.66666667]	0	0	
581	9.691	0.014	0	2.0	461	7.689	[76.83333333 46.83333333]	0	0	
582	9.709	0.018	0	2.0	462	7.707	[77. 47.]	0	0	
583	9.725	0.017	0	2.0	463	7.723	[77.16666667 47.16666667]	0	0	
584	9.742	0.017	0	2.0	464	7.74	[77.33333333 47.33333333]	0	0	
585	9.759	0.017	0	2.0	465	7.757	[77.5 47.5]	0	0	
586	9.777	0.019	0	2.0	466	7.775	[77.66666667 47.66666667]	0	0	
587	9.791	0.014	0	2.0	467	7.789	[77.83333333 47.83333333]	0	0	
588	9.809	0.017	0	2.0	468	7.807	[78. 48.]	0	0	
589	9.825	0.017	0	2.0	469	7.823	[78.16666667 48.16666667]	0	0	
590	9.842	0.017	0	2.0	470	7.84	[78.33333333 48.33333333]	0	0	
591	9.859	0.017	0	2.0	471	7.857	[78.5 48.5]	0	0	
592	9.877	0.018	0	2.0	472	7.875	[78.66666667 48.66666667]	0	0	
593	9.892	0.015	0	2.0	473	7.89	[78.83333333 48.83333333]	0	0	
594	9.909	0.017	0	2.0	474	7.907	[79. 49.]	0	0	
595	9.926	0.017	0	2.0	475	7.923	[79.16666667 49.16666667]	0	0	
596	9.942	0.017	0	2.0	476	7.94	[79.33333333 49.33333333]	0	0	
597	9.958	0.016	0	2.0	477	7.956	[79.5 49.5]	0	0	
598	9.978	0.02	0	2.0	478	7.976	[79.66666667 49.66666667]	0	0	
599	9.991	0.013	0	2.0	479	7.989	[79.83333333 49.83333333]	0	0	
600	10.009	0.018	0	2.0	480	8.007	[80. 50.]	0	0	
601	10.026	0.017	0	2.0	481	8.023	[80.16666667 50.16666667]	0	0	
602	10.042	0.016	0	2.0	482	8.04	[80.33333333 50.33333333]	0	0	
603	10.059	0.017	0	2.0	483	8.057	[80.5 50.5]	0	0	
604	10.076	0.017	0	2.0	484	8.073	[80.66666667 50.66666667]	0	0	
605	10.094	0.019	0	2.0	485	8.092	[80.83333333 50.83333333]	0	0	
606	10.108	0.014	0	2.0	486	8.106	[81. 51.]	0	0	
607	10.126	0.017	0	2.0	487	8.124	[81.16666667 51.16666667]	0	0	
608	10.142	0.017	0	2.0	488	8.14	[81.33333333 51.33333333]	0	0	
609	10.159	0.017	0	2.0	489	8.157	[81.5 51.5]	0	0	
610	10.176	0.017	0	2.0	490	8.173	[81.66666667 51.66666667]	0	0	
611	10.195	0.019	0	2.0	491	8.193	[81.83333333 51.83333333]	0	0	
612	10.208	0.013	0	2.0	492	8.206	[82. 52.]	0	0	
613	10.226	0.018	0	2.0	493	8.224	[82.16666667 52.16666667]	0	0	
614	10.242	0.017	0	2.0	494	8.24	[82.33333333 52.33333333]	0	0	
615	10.259	0.017	0	2.0	495	8.257	[82.5 52.5]	0	0	
616	10.276	0.017	0	2.0	496	8.274	[82.66666667 52.66666667]	0	0	
617	10.294	0.019	0	2.0	497	8.292	[82.83333333 52.83333333]	0	0	
618	10.308	0.014	0	2.0	498	8.306	[83. 53.]	0	0	
619	10.326	0.018	0	2.0	499	8.324	[83.16666667 53.16666667]	0	0	
620	10.342	0.017	0	2.0	500	8.34	[83.33333333 53.33333333]	0	0	
621	10.359	0.016	0	2.0	501	8.357	[83.5 53.5]	0	0	
622	10.376	0.017	0	2.0	502	8.374	[83.66666667 53.66666667]	0	0	
623	10.394	0.019	0	2.0	503	8.392	[83.83333333 53.83333333]	0	0	
624	10.408	0.014	0	2.0	504	8.406	[84. 54.]	0	0	
625	10.426	0.017	0	2.0	505	8.424	[84.16666667 54.16666667]	0	0	
626	10.442	0.017	0	2.0	506	8.44	[84.33333333 54.33333333]	0	0	
627	10.459	0.017	0	2.0	507	8.457	[84.5 54.5]	0	0	
628	10.476	0.017	0	2.0	508	8.474	[84.66666667 54.66666667]	0	0	
629	10.495	0.019	0	2.0	509	8.493	[84.83333333 54.83333333]	0	0	
630	10.508	0.013	0	2.0	510	8.506	[85. 55.]	0	0	
631	10.526	0.018	0	2.0	511	8.524	[85.16666667 55.16666667]	0	0	
632	10.542	0.017	0	2.0	512	8.54	[85.33333333 55.33333333]	0	0	
633	10.559	0.017	0	2.0	513	8.557	[85.5 55.5]	0	0	
634	10.577	0.018	0	2.0	514	8.575	[85.66666667 55.66666667]	0	0	
635	10.594	0.017	0	2.0	515	8.592	[85.83333333 55.83333333]	0	0	
636	10.608	0.014	0	2.0	516	8.606	[86. 56.]	0	0	
637	10.626	0.018	0	2.0	517	8.624	[86.16666667 56.16666667]	0	0	
638	10.642	0.017	0	2.0	518	8.64	[86.33333333 56.33333333]	0	0	
639	10.658	0.016	0	2.0	519	8.656	[86.5 56.5]	0	0	
640	10.676	0.017	0	2.0	520	8.674	[86.66666667 56.66666667]	0	0	
641	10.692	0.017	0	2.0	521	8.69	[86.83333333 56.83333333]	0	0	
642	10.711	0.019	0	2.0	522	8.709	[87. 57.]	0	0	
643	10.725	0.014	0	2.0	523	8.723	[87.16666667 57.16666667]	0	0	
644	10.743	0.018	0	2.0	524	8.741	[87.33333333 57.33333333]	0	0	
645	10.759	0.016	0	2.0	525	8.757	[87.5 57.5]	0	0	
646	10.776	0.017	0	2.0	526	8.774	[87.66666667 57.66666667]	0	0	
647	10.792	0.017	0	2.0	527	8.79	[87.83333333 57.83333333]	0	0	
648	10.811	0.019	0	2.0	528	8.809	[88. 58.]	0	0	
649	10.825	0.014	0	2.0	529	8.823	[88.16666667 58.16666667]	0	0	
650	10.843	0.018	0	2.0	530	8.841	[88.33333333 58.33333333]	0	0	
651	10.859	0.016	0	2.0	531	8.857	[88.5 58.5]	0	0	
652	10.876	0.017	0	2.0	532	8.874	[88.66666667 58.66666667]	0	0	
653	10.892	0.017	0	2.0	533	8.89	[88.83333333 58.83333333]	0	0	
654	10.911	0.018	0	2.0	534	8.909	[89. 59.]	0	0	
655	10.925	0.015	0	2.0	535	8.923	[89.16666667 59.16666667]	0	0	
656	10.943	0.018	0	2.0	536	8.941	[89.33333333 59.33333333]	0	0	
657	10.959	0.016	0	2.0	537	8.957	[89.5 59.5]	0	0	
658	10.976	0.017	0	2.0	538	8.974	[89.66666667 59.66666667]	0	0	
659	10.992	0.017	0	2.0	539	8.99	[89.83333333 59.83333333]	0	0	
660	11.011	0.019	0	2.0	540	9.009	[90. 60.]	0	0	
661	11.025	0.014	0	2.0	541	9.023	[90.16666667 60.16666667]	0	0	
662	11.043	0.018	0	2.0	542	9.041	[90.33333333 60.33333333]	0	0	
663	11.059	0.016	0	2.0	543	9.057	[90.5 60.5]	0	0	
664	11.076	0.017	0	2.0	544	9.074	[90.66666667 60.66666667]	0	0	
665	11.093	0.017	0	2.0	545	9.09	[90.83333333 60.83333333]	0	0	
666	11.111	0.018	0	2.0	546	9.109	[91. 61.]	0	0	
667	11.125	0.014	0	2.0	547	9.123	[91.16666667 61.16666667]	0	0	
668	11.143	0.018	0	2.0	548	9.141	[91.33333333 61.33333333]	0	0	
669	11.159	0.016	0	2.0	549	9.157	[91.5 61.5]	0	0	
670	11.176	0.017	0	2.0	550	9.174	[91.66666667 61.66666667]	0	0	
671	11.193	0.017	0	2.0	551	9.191	[91.83333333 61.83333333]	0	0	
672	11.211	0.019	0	2.0	552	9.209	[92. 62.]	0	0	
673	11.225	0.014	0	2.0	553	9.223	[92.16666667 62.16666667]	0	0	
674	11.243	0.018	0	2.0	554	9.241	[92.33333333 62.33333333]	0	0	
675	11.259	0.017	0	2.0	555	9.257	[92.5 62.5]	0	0	
676	11.276	0.017	0	2.0	556	9.274	[92.66666667 62.66666667]	0	0	
677	11.293	0.017	0	2.0	557	9.291	[92.83333333 62.83333333]	0	0	
678	11.309	0.017	0	2.0	558	9.307	[93. 63.]	0	0	
679	11.328	0.018	0	2.0	559	9.326	[93.16666667 63.16666667]	0	0	
680	11.342	0.014	0	2.0	560	9.34	[93.33333333 63.33333333]	0	0	
681	11.36	0.018	0	2.0	561	9.358	[93.5 63.5]	0	0	
682	11.376	0.016	0	2.0	562	9.373	[93.66666667 63.66666667]	0	0	
683	11.393	0.017	0	2.0	563	9.391	[93.83333333 63.83333333]	0	0	
684	11.409	0.017	0	2.0	564	9.407	[94. 64.]	0	0	
685	11.428	0.019	0	2.0	565	9.426	[94.16666667 64.16666667]	0	0	
686	11.442	0.014	0	2.0	566	9.44	[94.33333333 64.33333333]	0	0	
687	11.46	0.018	0	2.0	567	9.458	[94.5 64.5]	0	0	
688	11.476	0.016	0	2.0	568	9.473	[94.66666667 64.66666667]	0	0	
689	11.493	0.017	0	2.0	569	9.491	[94.83333333 64.83333333]	0	0	
690	11.509	0.017	0	2.0	570	9.507	[95. 65.]	0	0	
691	11.527	0.018	0	2.0	571	9.525	[95.16666667 65.16666667]	0	0	
692	11.542	0.015	0	2.0	572	9.54	[95.33333333 65.33333333]	0	0	
693	11.56	0.018	0	2.0	573	9.558	[95.5 65.5]	0	0	
694	11.576	0.016	0	2.0	574	9.574	[95.66666667 65.66666667]	0	0	
695	11.593	0.017	0	2.0	575	9.591	[95.83333333 65.83333333]	0	0	
696	11.609	0.017	0	2.0	576	9.607	[96. 66.]	0	0	
697	11.628	0.019	0	2.0	577	9.626	[96.16666667 66.16666667]	0	0	
698	11.642	0.014	0	2.0	578	9.64	[96.33333333 66.33333333]	0	0	
699	11.66	0.018	0	2.0	579	9.658	[96.5 66.5]	0	0	
700	11.676	0.016	0	2.0	580	9.674	[96.66666667 66.66666667]	0	0	
701	11.693	0.017	0	2.0	581	9.691	[96.83333333 66.83333333]	0	0	
702	11.709	0.017	0	2.0	582	9.707	[97. 67.]	0	0	
703	11.728	0.018	0	2.0	583	9.726	[97.16666667 67.16666667]	0	0	
704	11.742	0.014	0	2.0	584	9.74	[97.33333333 67.33333333]	0	0	
705	11.76	0.018	0	2.0	585	9.758	[97.5 67.5]	0	0	
706	11.775	0.016	0	2.0	586	9.773	[97.66666667 67.66666667]	0	0	
707	11.793	0.017	0	2.0	587	9.791	[97.83333333 67.83333333]	0	0	
708	11.809	0.016	0	2.0	588	9.807	[98. 68.]	0	0	
709	11.829	0.021	0	2.0	589	9.827	[98.16666667 68.16666667]	0	0	
710	11.842	0.012	0	2.0	590	9.84	[98.33333333 68.33333333]	0	0	
711	11.86	0.018	0	2.0	591	9.858	[98.5 68.5]	0	0	
712	11.875	0.016	0	2.0	592	9.873	[98.66666667 68.66666667]	0	0	
713	11.893	0.017	0	2.0	593	9.891	[98.83333333 68.83333333]	0	0	
714	11.909	0.017	0	2.0	594	9.907	[99. 69.]	0	0	
715	11.926	0.017	0	2.0	595	9.924	[99.16666667 69.16666667]	0	0	
716	11.944	0.018	0	2.0	596	9.942	[99.33333333 69.33333333]	0	0	
717	11.959	0.015	0	2.0	597	9.957	[99.5 69.5]	0	0	
718	11.976	0.017	0	2.0	598	9.974	[99.66666667 69.66666667]	0	0	
719	11.993	0.017	0	2.0	599	9.991	[99.83333333 69.83333333]	0	0	
720	12.01	0.017	0	2.0	600	10.008	[99.83333333 69.83333333]	0	0	
