sample_num	sample_time	sampling_interval	imaging_frame	frame_time	stimulus_epoch	stim_frame	epoch_time	stim_info1	stim_info2	stim_info3	
1	0.011	0.011	0	1.0	1	0.011	[0. 0.]	0	0	
2	0.026	0.014	0	1.0	2	0.026	[0. 0.]	0	0	
3	0.042	0.016	0	1.0	3	0.042	[0. 0.]	0	0	
4	0.057	0.015	0	1.0	4	0.057	[0. 0.]	0	0	
5	0.073	0.017	0	1.0	5	0.073	[0. 0.]	0	0	
6	0.090	0.017	0	1.0	6	0.090	[0. 0.]	0	0	
7	0.107	0.017	0	1.0	7	0.107	[0. 0.]	0	0	
8	0.123	0.016	0	1.0	8	0.123	[0. 0.]	0	0	
9	0.140	0.017	0	1.0	9	0.140	[0. 0.]	0	0	
10	0.157	0.017	0	1.0	10	0.157	[0. 0.]	0	0	
11	0.173	0.016	0	1.0	11	0.173	[0. 0.]	0	0	
12	0.190	0.017	0	1.0	12	0.190	[0. 0.]	0	0	
13	0.207	0.017	0	1.0	13	0.207	[0. 0.]	0	0	
14	0.224	0.017	0	1.0	14	0.224	[0. 0.]	0	0	
15	0.240	0.017	0	1.0	15	0.240	[0. 0.]	0	0	
16	0.257	0.017	0	1.0	16	0.257	[0. 0.]	0	0	
17	0.274	0.017	0	1.0	17	0.274	[0. 0.]	0	0	
18	0.290	0.016	0	1.0	18	0.290	[0. 0.]	0	0	
19	0.307	0.017	0	1.0	19	0.307	[0. 0.]	0	0	
20	0.323	0.017	0	1.0	20	0.323	[0. 0.]	0	0	
21	0.340	0.017	0	1.0	21	0.340	[0. 0.]	0	0	
22	0.357	0.017	0	1.0	22	0.357	[0. 0.]	0	0	
23	0.373	0.017	0	1.0	23	0.373	[0. 0.]	0	0	
24	0.390	0.017	0	1.0	24	0.390	[0. 0.]	0	0	
25	0.407	0.017	0	1.0	25	0.407	[0. 0.]	0	0	
26	0.423	0.017	0	1.0	26	0.423	[0. 0.]	0	0	
27	0.440	0.017	0	1.0	27	0.440	[0. 0.]	0	0	
28	0.457	0.017	0	1.0	28	0.457	[0. 0.]	0	0	
29	0.473	0.017	0	1.0	29	0.473	[0. 0.]	0	0	
30	0.490	0.017	0	1.0	30	0.490	[0. 0.]	0	0	
31	0.507	0.017	0	1.0	31	0.507	[0. 0.]	0	0	
32	0.523	0.017	0	1.0	32	0.523	[0. 0.]	0	0	
33	0.540	0.017	0	1.0	33	0.540	[0. 0.]	0	0	
34	0.557	0.017	0	1.0	34	0.557	[0. 0.]	0	0	
35	0.574	0.017	0	1.0	35	0.574	[0. 0.]	0	0	
36	0.590	0.016	0	1.0	36	0.590	[0. 0.]	0	0	
37	0.607	0.017	0	1.0	37	0.607	[0. 0.]	0	0	
38	0.624	0.016	0	1.0	38	0.624	[0. 0.]	0	0	
39	0.641	0.017	0	1.0	39	0.641	[0. 0.]	0	0	
40	0.657	0.016	0	1.0	40	0.657	[0. 0.]	0	0	
41	0.673	0.016	0	1.0	41	0.673	[0. 0.]	0	0	
42	0.690	0.017	0	1.0	42	0.690	[0. 0.]	0	0	
43	0.707	0.016	0	1.0	43	0.707	[0. 0.]	0	0	
44	0.723	0.017	0	1.0	44	0.723	[0. 0.]	0	0	
45	0.740	0.017	0	1.0	45	0.740	[0. 0.]	0	0	
46	0.757	0.017	0	1.0	46	0.757	[0. 0.]	0	0	
47	0.774	0.017	0	1.0	47	0.774	[0. 0.]	0	0	
48	0.790	0.017	0	1.0	48	0.790	[0. 0.]	0	0	
49	0.807	0.017	0	1.0	49	0.807	[0. 0.]	0	0	
50	0.823	0.016	0	1.0	50	0.823	[0. 0.]	0	0	
51	0.840	0.017	0	1.0	51	0.840	[0. 0.]	0	0	
52	0.857	0.017	0	1.0	52	0.857	[0. 0.]	0	0	
53	0.874	0.017	0	1.0	53	0.874	[0. 0.]	0	0	
54	0.890	0.017	0	1.0	54	0.890	[0. 0.]	0	0	
55	0.907	0.017	0	1.0	55	0.907	[0. 0.]	0	0	
56	0.924	0.017	0	1.0	56	0.924	[0. 0.]	0	0	
57	0.940	0.017	0	1.0	57	0.940	[0. 0.]	0	0	
58	0.957	0.017	0	1.0	58	0.957	[0. 0.]	0	0	
59	0.974	0.016	0	1.0	59	0.974	[0. 0.]	0	0	
60	0.990	0.017	0	1.0	60	0.990	[0. 0.]	0	0	
61	1.007	0.017	0	1.0	61	1.007	[0. 0.]	0	0	
62	1.024	0.017	0	1.0	62	1.024	[0. 0.]	0	0	
63	1.040	0.017	0	1.0	63	1.040	[0. 0.]	0	0	
64	1.057	0.017	0	1.0	64	1.057	[0. 0.]	0	0	
65	1.074	0.017	0	1.0	65	1.074	[0. 0.]	0	0	
66	1.094	0.020	0	1.0	66	1.094	[0. 0.]	0	0	
67	1.107	0.013	0	1.0	67	1.107	[0. 0.]	0	0	
68	1.124	0.017	0	1.0	68	1.124	[0. 0.]	0	0	
69	1.140	0.017	0	1.0	69	1.140	[0. 0.]	0	0	
70	1.157	0.017	0	1.0	70	1.157	[0. 0.]	0	0	
71	1.174	0.017	0	1.0	71	1.174	[0. 0.]	0	0	
72	1.190	0.017	0	1.0	72	1.190	[0. 0.]	0	0	
73	1.207	0.017	0	1.0	73	1.207	[0. 0.]	0	0	
74	1.224	0.017	0	1.0	74	1.224	[0. 0.]	0	0	
75	1.241	0.017	0	1.0	75	1.241	[0. 0.]	0	0	
76	1.257	0.016	0	1.0	76	1.257	[0. 0.]	0	0	
77	1.274	0.017	0	1.0	77	1.274	[0. 0.]	0	0	
78	1.290	0.017	0	1.0	78	1.290	[0. 0.]	0	0	
79	1.307	0.017	0	1.0	79	1.307	[0. 0.]	0	0	
80	1.324	0.017	0	1.0	80	1.324	[0. 0.]	0	0	
81	1.340	0.017	0	1.0	81	1.340	[0. 0.]	0	0	
82	1.357	0.017	0	1.0	82	1.357	[0. 0.]	0	0	
83	1.374	0.017	0	1.0	83	1.374	[0. 0.]	0	0	
84	1.390	0.017	0	1.0	84	1.390	[0. 0.]	0	0	
85	1.407	0.017	0	1.0	85	1.407	[0. 0.]	0	0	
86	1.424	0.017	0	1.0	86	1.424	[0. 0.]	0	0	
87	1.440	0.017	0	1.0	87	1.440	[0. 0.]	0	0	
88	1.457	0.017	0	1.0	88	1.457	[0. 0.]	0	0	
89	1.474	0.017	0	1.0	89	1.474	[0. 0.]	0	0	
90	1.490	0.017	0	1.0	90	1.490	[0. 0.]	0	0	
91	1.507	0.016	0	1.0	91	1.507	[0. 0.]	0	0	
92	1.524	0.017	0	1.0	92	1.524	[0. 0.]	0	0	
93	1.540	0.017	0	1.0	93	1.540	[0. 0.]	0	0	
94	1.557	0.017	0	1.0	94	1.557	[0. 0.]	0	0	
95	1.574	0.017	0	1.0	95	1.574	[0. 0.]	0	0	
96	1.590	0.017	0	1.0	96	1.590	[0. 0.]	0	0	
97	1.607	0.017	0	1.0	97	1.608	[0. 0.]	0	0	
98	1.624	0.016	0	1.0	98	1.624	[0. 0.]	0	0	
99	1.641	0.017	0	1.0	99	1.641	[0. 0.]	0	0	
100	1.657	0.017	0	1.0	100	1.657	[0. 0.]	0	0	
101	1.674	0.017	0	1.0	101	1.674	[0. 0.]	0	0	
102	1.691	0.017	0	1.0	102	1.691	[0. 0.]	0	0	
103	1.708	0.017	0	1.0	103	1.708	[0. 0.]	0	0	
104	1.724	0.016	0	1.0	104	1.724	[0. 0.]	0	0	
105	1.740	0.017	0	1.0	105	1.740	[0. 0.]	0	0	
106	1.757	0.017	0	1.0	106	1.757	[0. 0.]	0	0	
107	1.774	0.017	0	1.0	107	1.774	[0. 0.]	0	0	
108	1.791	0.017	0	1.0	108	1.791	[0. 0.]	0	0	
109	1.807	0.017	0	1.0	109	1.807	[0. 0.]	0	0	
110	1.824	0.017	0	1.0	110	1.824	[0. 0.]	0	0	
111	1.841	0.017	0	1.0	111	1.841	[0. 0.]	0	0	
112	1.857	0.017	0	1.0	112	1.857	[0. 0.]	0	0	
113	1.874	0.017	0	1.0	113	1.874	[0. 0.]	0	0	
114	1.890	0.016	0	1.0	114	1.890	[0. 0.]	0	0	
115	1.907	0.017	0	1.0	115	1.907	[0. 0.]	0	0	
116	1.924	0.017	0	1.0	116	1.924	[0. 0.]	0	0	
117	1.941	0.017	0	1.0	117	1.941	[0. 0.]	0	0	
118	1.957	0.017	0	1.0	118	1.957	[0. 0.]	0	0	
119	1.974	0.017	0	1.0	119	1.974	[0. 0.]	0	0	
120	1.991	0.017	0	1.0	120	1.991	[0. 0.]	0	0	
121	2.007	0.017	0	1.0	121	2.007	[0. 0.]	0	0	
122	2.024	0.017	0	1.0	122	2.024	[0. 0.]	0	0	
123	2.041	0.017	0	1.0	123	2.041	[0. 0.]	0	0	
124	2.057	0.017	0	1.0	124	2.057	[0. 0.]	0	0	
125	2.074	0.017	0	1.0	125	2.074	[0. 0.]	0	0	
126	2.091	0.017	0	1.0	126	2.091	[0. 0.]	0	0	
127	2.108	0.017	0	1.0	127	2.108	[0. 0.]	0	0	
128	2.124	0.016	0	1.0	128	2.124	[0. 0.]	0	0	
129	2.141	0.017	0	1.0	129	2.141	[0. 0.]	0	0	
130	2.157	0.017	0	1.0	130	2.157	[0. 0.]	0	0	
131	2.174	0.017	0	1.0	131	2.174	[0. 0.]	0	0	
132	2.191	0.017	0	1.0	132	2.191	[0. 0.]	0	0	
133	2.207	0.017	0	1.0	133	2.207	[0. 0.]	0	0	
134	2.224	0.017	0	1.0	134	2.224	[0. 0.]	0	0	
135	2.241	0.017	0	1.0	135	2.241	[0. 0.]	0	0	
136	2.257	0.017	0	1.0	136	2.257	[0. 0.]	0	0	
137	2.274	0.017	0	1.0	137	2.274	[0. 0.]	0	0	
138	2.291	0.017	0	1.0	138	2.291	[0. 0.]	0	0	
139	2.307	0.016	0	1.0	139	2.307	[0. 0.]	0	0	
140	2.324	0.017	0	1.0	140	2.324	[0. 0.]	0	0	
141	2.341	0.016	0	1.0	141	2.341	[0. 0.]	0	0	
142	2.357	0.017	0	1.0	142	2.357	[0. 0.]	0	0	
143	2.374	0.017	0	1.0	143	2.374	[0. 0.]	0	0	
144	2.391	0.017	0	1.0	144	2.391	[0. 0.]	0	0	
145	2.407	0.017	0	1.0	145	2.407	[0. 0.]	0	0	
146	2.424	0.017	0	1.0	146	2.424	[0. 0.]	0	0	
147	2.441	0.017	0	1.0	147	2.441	[0. 0.]	0	0	
148	2.457	0.017	0	1.0	148	2.457	[0. 0.]	0	0	
149	2.474	0.017	0	1.0	149	2.474	[0. 0.]	0	0	
150	2.491	0.017	0	1.0	150	2.491	[0. 0.]	0	0	
151	2.507	0.017	0	1.0	151	2.507	[0. 0.]	0	0	
152	2.524	0.017	0	1.0	152	2.524	[0. 0.]	0	0	
153	2.541	0.017	0	1.0	153	2.541	[0. 0.]	0	0	
154	2.557	0.017	0	1.0	154	2.557	[0. 0.]	0	0	
155	2.574	0.017	0	1.0	155	2.574	[0. 0.]	0	0	
156	2.591	0.017	0	1.0	156	2.591	[0. 0.]	0	0	
157	2.607	0.017	0	1.0	157	2.607	[0. 0.]	0	0	
158	2.624	0.017	0	1.0	158	2.624	[0. 0.]	0	0	
159	2.641	0.017	0	1.0	159	2.641	[0. 0.]	0	0	
160	2.657	0.017	0	1.0	160	2.657	[0. 0.]	0	0	
161	2.674	0.017	0	1.0	161	2.674	[0. 0.]	0	0	
162	2.691	0.017	0	1.0	162	2.691	[0. 0.]	0	0	
163	2.707	0.017	0	1.0	163	2.707	[0. 0.]	0	0	
164	2.724	0.017	0	1.0	164	2.724	[0. 0.]	0	0	
165	2.741	0.017	0	1.0	165	2.741	[0. 0.]	0	0	
166	2.758	0.017	0	1.0	166	2.758	[0. 0.]	0	0	
167	2.775	0.017	0	1.0	167	2.775	[0. 0.]	0	0	
168	2.791	0.016	0	1.0	168	2.791	[0. 0.]	0	0	
169	2.808	0.017	0	1.0	169	2.808	[0. 0.]	0	0	
170	2.824	0.017	0	1.0	170	2.824	[0. 0.]	0	0	
171	2.841	0.017	0	1.0	171	2.841	[0. 0.]	0	0	
172	2.860	0.019	0	1.0	172	2.860	[0. 0.]	0	0	
173	2.876	0.016	0	1.0	173	2.876	[0. 0.]	0	0	
174	2.893	0.017	0	1.0	174	2.893	[0. 0.]	0	0	
175	2.909	0.017	0	1.0	175	2.909	[0. 0.]	0	0	
176	2.926	0.017	0	1.0	176	2.926	[0. 0.]	0	0	
177	2.943	0.017	0	1.0	177	2.943	[0. 0.]	0	0	
178	2.959	0.016	0	1.0	178	2.959	[0. 0.]	0	0	
179	2.977	0.017	0	1.0	179	2.977	[0. 0.]	0	0	
180	2.993	0.016	0	1.0	180	2.993	[0. 0.]	0	0	
181	3.009	0.017	0	1.0	181	3.009	[0. 0.]	0	0	
182	3.026	0.017	0	1.0	182	3.026	[0. 0.]	0	0	
183	3.043	0.017	0	1.0	183	3.043	[0. 0.]	0	0	
184	3.060	0.017	0	1.0	184	3.060	[0. 0.]	0	0	
185	3.076	0.016	0	1.0	185	3.076	[0. 0.]	0	0	
186	3.093	0.017	0	1.0	186	3.093	[0. 0.]	0	0	
187	3.109	0.017	0	1.0	187	3.109	[0. 0.]	0	0	
188	3.126	0.017	0	1.0	188	3.126	[0. 0.]	0	0	
189	3.143	0.017	0	1.0	189	3.143	[0. 0.]	0	0	
190	3.159	0.016	0	1.0	190	3.159	[0. 0.]	0	0	
191	3.176	0.017	0	1.0	191	3.176	[0. 0.]	0	0	
192	3.193	0.017	0	1.0	192	3.193	[0. 0.]	0	0	
193	3.209	0.017	0	1.0	193	3.209	[0. 0.]	0	0	
194	3.226	0.017	0	1.0	194	3.226	[0. 0.]	0	0	
195	3.243	0.017	0	1.0	195	3.243	[0. 0.]	0	0	
196	3.259	0.017	0	1.0	196	3.259	[0. 0.]	0	0	
197	3.276	0.017	0	1.0	197	3.276	[0. 0.]	0	0	
198	3.293	0.017	0	1.0	198	3.293	[0. 0.]	0	0	
199	3.309	0.017	0	1.0	199	3.309	[0. 0.]	0	0	
200	3.326	0.017	0	1.0	200	3.326	[0. 0.]	0	0	
201	3.343	0.017	0	1.0	201	3.343	[0. 0.]	0	0	
202	3.359	0.016	0	1.0	202	3.359	[0. 0.]	0	0	
203	3.376	0.017	0	1.0	203	3.376	[0. 0.]	0	0	
204	3.393	0.017	0	1.0	204	3.393	[0. 0.]	0	0	
205	3.410	0.017	0	1.0	205	3.410	[0. 0.]	0	0	
206	3.426	0.017	0	1.0	206	3.426	[0. 0.]	0	0	
207	3.443	0.017	0	1.0	207	3.443	[0. 0.]	0	0	
208	3.460	0.017	0	1.0	208	3.460	[0. 0.]	0	0	
209	3.476	0.017	0	1.0	209	3.476	[0. 0.]	0	0	
210	3.493	0.017	0	1.0	210	3.493	[0. 0.]	0	0	
211	3.510	0.017	0	1.0	211	3.510	[0. 0.]	0	0	
212	3.526	0.017	0	1.0	212	3.526	[0. 0.]	0	0	
213	3.543	0.017	0	1.0	213	3.543	[0. 0.]	0	0	
214	3.559	0.017	0	1.0	214	3.559	[0. 0.]	0	0	
215	3.576	0.017	0	1.0	215	3.576	[0. 0.]	0	0	
216	3.593	0.017	0	1.0	216	3.593	[0. 0.]	0	0	
217	3.610	0.017	0	1.0	217	3.610	[0. 0.]	0	0	
218	3.626	0.017	0	1.0	218	3.626	[0. 0.]	0	0	
219	3.643	0.017	0	1.0	219	3.643	[0. 0.]	0	0	
220	3.660	0.017	0	1.0	220	3.660	[0. 0.]	0	0	
221	3.676	0.017	0	1.0	221	3.676	[0. 0.]	0	0	
222	3.693	0.017	0	1.0	222	3.693	[0. 0.]	0	0	
223	3.710	0.017	0	1.0	223	3.710	[0. 0.]	0	0	
224	3.726	0.017	0	1.0	224	3.726	[0. 0.]	0	0	
225	3.743	0.017	0	1.0	225	3.743	[0. 0.]	0	0	
226	3.760	0.017	0	1.0	226	3.760	[0. 0.]	0	0	
227	3.776	0.017	0	1.0	227	3.776	[0. 0.]	0	0	
228	3.793	0.017	0	1.0	228	3.793	[0. 0.]	0	0	
229	3.810	0.017	0	1.0	229	3.810	[0. 0.]	0	0	
230	3.827	0.017	0	1.0	230	3.827	[0. 0.]	0	0	
231	3.843	0.016	0	1.0	231	3.843	[0. 0.]	0	0	
232	3.860	0.017	0	1.0	232	3.860	[0. 0.]	0	0	
233	3.876	0.016	0	1.0	233	3.876	[0. 0.]	0	0	
234	3.893	0.017	0	1.0	234	3.893	[0. 0.]	0	0	
235	3.910	0.016	0	1.0	235	3.910	[0. 0.]	0	0	
236	3.926	0.017	0	1.0	236	3.926	[0. 0.]	0	0	
237	3.943	0.017	0	1.0	237	3.943	[0. 0.]	0	0	
238	3.960	0.017	0	1.0	238	3.960	[0. 0.]	0	0	
239	3.976	0.017	0	1.0	239	3.976	[0. 0.]	0	0	
240	3.993	0.017	0	1.0	240	3.993	[0. 0.]	0	0	
241	4.010	0.016	0	1.0	241	4.010	[0. 0.]	0	0	
242	4.026	0.017	0	3.0	1	0.017	[0.03333333 0.03333333]	0	0	
243	4.043	0.017	0	3.0	2	0.033	[0.05 0.05]	0	0	
244	4.060	0.017	0	3.0	3	0.050	[0.06666667 0.06666667]	0	0	
245	4.076	0.017	0	3.0	4	0.066	[0.08333333 0.08333333]	0	0	
246	4.093	0.016	0	3.0	5	0.083	[0.1 0.1]	0	0	
247	4.110	0.017	0	3.0	6	0.100	[0.11666667 0.11666667]	0	0	
248	4.126	0.017	0	3.0	7	0.116	[0.13333333 0.13333333]	0	0	
249	4.143	0.017	0	3.0	8	0.133	[0.15 0.15]	0	0	
250	4.160	0.017	0	3.0	9	0.150	[0.16666667 0.16666667]	0	0	
251	4.177	0.017	0	3.0	10	0.167	[0.18333333 0.18333333]	0	0	
252	4.193	0.016	0	3.0	11	0.183	[0.2 0.2]	0	0	
253	4.210	0.017	0	3.0	12	0.200	[0.21666667 0.21666667]	0	0	
254	4.226	0.017	0	3.0	13	0.217	[0.23333333 0.23333333]	0	0	
255	4.243	0.017	0	3.0	14	0.233	[0.25 0.25]	0	0	
256	4.260	0.017	0	3.0	15	0.250	[0.26666667 0.26666667]	0	0	
257	4.276	0.017	0	3.0	16	0.267	[0.28333333 0.28333333]	0	0	
258	4.293	0.017	0	3.0	17	0.283	[0.3 0.3]	0	0	
259	4.310	0.017	0	3.0	18	0.300	[0.31666667 0.31666667]	0	0	
260	4.327	0.017	0	3.0	19	0.317	[0.33333333 0.33333333]	0	0	
261	4.343	0.017	0	3.0	20	0.334	[0.35 0.35]	0	0	
262	4.360	0.016	0	3.0	21	0.350	[0.36666667 0.36666667]	0	0	
263	4.377	0.017	0	3.0	22	0.367	[0.38333333 0.38333333]	0	0	
264	4.393	0.017	0	3.0	23	0.383	[0.4 0.4]	0	0	
265	4.410	0.017	0	3.0	24	0.400	[0.41666667 0.41666667]	0	0	
266	4.427	0.016	0	3.0	25	0.417	[0.43333333 0.43333333]	0	0	
267	4.443	0.017	0	3.0	26	0.434	[0.45 0.45]	0	0	
268	4.460	0.016	0	3.0	27	0.450	[0.46666667 0.46666667]	0	0	
269	4.477	0.017	0	3.0	28	0.467	[0.48333333 0.48333333]	0	0	
270	4.493	0.017	0	3.0	29	0.484	[0.5 0.5]	0	0	
271	4.510	0.016	0	3.0	30	0.500	[0.51666667 0.51666667]	0	0	
272	4.527	0.017	0	3.0	31	0.517	[0.53333333 0.53333333]	0	0	
273	4.543	0.017	0	3.0	32	0.533	[0.55 0.55]	0	0	
274	4.560	0.017	0	3.0	33	0.550	[0.56666667 0.56666667]	0	0	
275	4.577	0.017	0	3.0	34	0.567	[0.58333333 0.58333333]	0	0	
276	4.593	0.017	0	3.0	35	0.583	[0.6 0.6]	0	0	
277	4.610	0.017	0	3.0	36	0.600	[0.61666667 0.61666667]	0	0	
278	4.627	0.017	0	3.0	37	0.617	[0.63333333 0.63333333]	0	0	
279	4.643	0.017	0	3.0	38	0.633	[0.65 0.65]	0	0	
280	4.660	0.017	0	3.0	39	0.650	[0.66666667 0.66666667]	0	0	
281	4.677	0.017	0	3.0	40	0.667	[0.68333333 0.68333333]	0	0	
282	4.693	0.017	0	3.0	41	0.683	[0.7 0.7]	0	0	
283	4.710	0.017	0	3.0	42	0.700	[0.71666667 0.71666667]	0	0	
284	4.727	0.017	0	3.0	43	0.717	[0.73333333 0.73333333]	0	0	
285	4.744	0.017	0	3.0	44	0.734	[0.75 0.75]	0	0	
286	4.760	0.016	0	3.0	45	0.750	[0.76666667 0.76666667]	0	0	
287	4.777	0.017	0	3.0	46	0.767	[0.78333333 0.78333333]	0	0	
288	4.793	0.017	0	3.0	47	0.784	[0.8 0.8]	0	0	
289	4.810	0.017	0	3.0	48	0.800	[0.81666667 0.81666667]	0	0	
290	4.827	0.017	0	3.0	49	0.817	[0.83333333 0.83333333]	0	0	
291	4.843	0.017	0	3.0	50	0.834	[0.85 0.85]	0	0	
292	4.860	0.017	0	3.0	51	0.850	[0.86666667 0.86666667]	0	0	
293	4.877	0.017	0	3.0	52	0.867	[0.88333333 0.88333333]	0	0	
294	4.894	0.017	0	3.0	53	0.884	[0.9 0.9]	0	0	
295	4.910	0.016	0	3.0	54	0.900	[0.91666667 0.91666667]	0	0	
296	4.927	0.017	0	3.0	55	0.918	[0.93333333 0.93333333]	0	0	
297	4.943	0.016	0	3.0	56	0.933	[0.95 0.95]	0	0	
298	4.960	0.017	0	3.0	57	0.950	[0.96666667 0.96666667]	0	0	
299	4.977	0.017	0	3.0	58	0.967	[0.98333333 0.98333333]	0	0	
300	4.993	0.017	0	3.0	59	0.983	[1. 1.]	0	0	
301	5.010	0.017	0	3.0	60	1.000	[1.01666667 1.01666667]	0	0	
302	5.027	0.017	0	3.0	61	1.017	[1.03333333 1.03333333]	0	0	
303	5.043	0.017	0	3.0	62	1.034	[1.05 1.05]	0	0	
304	5.060	0.017	0	3.0	63	1.050	[1.06666667 1.06666667]	0	0	
305	5.077	0.017	0	3.0	64	1.067	[1.08333333 1.08333333]	0	0	
306	5.094	0.017	0	3.0	65	1.084	[1.1 1.1]	0	0	
307	5.110	0.016	0	3.0	66	1.100	[1.11666667 1.11666667]	0	0	
308	5.127	0.017	0	3.0	67	1.117	[1.13333333 1.13333333]	0	0	
309	5.143	0.017	0	3.0	68	1.134	[1.15 1.15]	0	0	
310	5.160	0.017	0	3.0	69	1.150	[1.16666667 1.16666667]	0	0	
311	5.177	0.017	0	3.0	70	1.167	[1.18333333 1.18333333]	0	0	
312	5.194	0.017	0	3.0	71	1.184	[1.2 1.2]	0	0	
313	5.210	0.016	0	3.0	72	1.200	[1.21666667 1.21666667]	0	0	
314	5.227	0.017	0	3.0	73	1.217	[1.23333333 1.23333333]	0	0	
315	5.244	0.017	0	3.0	74	1.234	[1.25 1.25]	0	0	
316	5.260	0.017	0	3.0	75	1.250	[1.26666667 1.26666667]	0	0	
317	5.277	0.017	0	3.0	76	1.267	[1.28333333 1.28333333]	0	0	
318	5.293	0.016	0	3.0	77	1.284	[1.3 1.3]	0	0	
319	5.310	0.017	0	3.0	78	1.300	[1.31666667 1.31666667]	0	0	
320	5.327	0.017	0	3.0	79	1.317	[1.33333333 1.33333333]	0	0	
321	5.343	0.017	0	3.0	80	1.334	[1.35 1.35]	0	0	
322	5.360	0.017	0	3.0	81	1.350	[1.36666667 1.36666667]	0	0	
323	5.377	0.017	0	3.0	82	1.367	[1.38333333 1.38333333]	0	0	
324	5.394	0.017	0	3.0	83	1.384	[1.4 1.4]	0	0	
325	5.410	0.017	0	3.0	84	1.400	[1.41666667 1.41666667]	0	0	
326	5.427	0.017	0	3.0	85	1.417	[1.43333333 1.43333333]	0	0	
327	5.444	0.017	0	3.0	86	1.434	[1.45 1.45]	0	0	
328	5.460	0.017	0	3.0	87	1.450	[1.46666667 1.46666667]	0	0	
329	5.477	0.017	0	3.0	88	1.467	[1.48333333 1.48333333]	0	0	
330	5.494	0.017	0	3.0	89	1.484	[1.5 1.5]	0	0	
331	5.510	0.017	0	3.0	90	1.500	[1.51666667 1.51666667]	0	0	
332	5.527	0.017	0	3.0	91	1.517	[1.53333333 1.53333333]	0	0	
333	5.544	0.017	0	3.0	92	1.534	[1.55 1.55]	0	0	
334	5.560	0.017	0	3.0	93	1.551	[1.56666667 1.56666667]	0	0	
335	5.577	0.016	0	3.0	94	1.567	[1.58333333 1.58333333]	0	0	
336	5.594	0.017	0	3.0	95	1.584	[1.6 1.6]	0	0	
337	5.610	0.016	0	3.0	96	1.600	[1.61666667 1.61666667]	0	0	
338	5.627	0.017	0	3.0	97	1.617	[1.63333333 1.63333333]	0	0	
339	5.644	0.017	0	3.0	98	1.634	[1.65 1.65]	0	0	
340	5.660	0.017	0	3.0	99	1.650	[1.66666667 1.66666667]	0	0	
341	5.677	0.017	0	3.0	100	1.667	[1.68333333 1.68333333]	0	0	
342	5.694	0.017	0	3.0	101	1.684	[1.7 1.7]	0	0	
343	5.710	0.016	0	3.0	102	1.700	[1.71666667 1.71666667]	0	0	
344	5.727	0.017	0	3.0	103	1.717	[1.73333333 1.73333333]	0	0	
345	5.744	0.017	0	3.0	104	1.734	[1.75 1.75]	0	0	
346	5.760	0.017	0	3.0	105	1.750	[1.76666667 1.76666667]	0	0	
347	5.777	0.017	0	3.0	106	1.767	[1.78333333 1.78333333]	0	0	
348	5.794	0.017	0	3.0	107	1.784	[1.8 1.8]	0	0	
349	5.810	0.017	0	3.0	108	1.800	[1.81666667 1.81666667]	0	0	
350	5.827	0.017	0	3.0	109	1.817	[1.83333333 1.83333333]	0	0	
351	5.844	0.017	0	3.0	110	1.834	[1.85 1.85]	0	0	
352	5.860	0.017	0	3.0	111	1.850	[1.86666667 1.86666667]	0	0	
353	5.877	0.017	0	3.0	112	1.867	[1.88333333 1.88333333]	0	0	
354	5.894	0.017	0	3.0	113	1.884	[1.9 1.9]	0	0	
355	5.910	0.017	0	3.0	114	1.900	[1.91666667 1.91666667]	0	0	
356	5.927	0.017	0	3.0	115	1.917	[1.93333333 1.93333333]	0	0	
357	5.944	0.017	0	3.0	116	1.934	[1.95 1.95]	0	0	
358	5.961	0.017	0	3.0	117	1.951	[1.96666667 1.96666667]	0	0	
359	5.977	0.016	0	3.0	118	1.968	[1.98333333 1.98333333]	0	0	
360	5.994	0.016	0	3.0	119	1.984	[2. 2.]	0	0	
361	6.010	0.017	0	3.0	120	2.000	[2.01666667 2.01666667]	0	0	
362	6.027	0.017	0	3.0	121	2.017	[2.03333333 2.03333333]	0	0	
363	6.044	0.017	0	3.0	122	2.034	[2.05 2.05]	0	0	
364	6.060	0.017	0	3.0	123	2.050	[2.06666667 2.06666667]	0	0	
365	6.077	0.017	0	3.0	124	2.067	[2.08333333 2.08333333]	0	0	
366	6.094	0.017	0	3.0	125	2.084	[2.1 2.1]	0	0	
367	6.110	0.017	0	3.0	126	2.100	[2.11666667 2.11666667]	0	0	
368	6.127	0.017	0	3.0	127	2.117	[2.13333333 2.13333333]	0	0	
369	6.144	0.017	0	3.0	128	2.134	[2.15 2.15]	0	0	
370	6.160	0.016	0	3.0	129	2.151	[2.16666667 2.16666667]	0	0	
371	6.177	0.017	0	3.0	130	2.167	[2.18333333 2.18333333]	0	0	
372	6.194	0.017	0	3.0	131	2.184	[2.2 2.2]	0	0	
373	6.210	0.017	0	3.0	132	2.201	[2.21666667 2.21666667]	0	0	
374	6.227	0.017	0	3.0	133	2.217	[2.23333333 2.23333333]	0	0	
375	6.244	0.017	0	3.0	134	2.234	[2.25 2.25]	0	0	
376	6.260	0.017	0	3.0	135	2.250	[2.26666667 2.26666667]	0	0	
377	6.277	0.017	0	3.0	136	2.267	[2.28333333 2.28333333]	0	0	
378	6.294	0.017	0	3.0	137	2.284	[2.3 2.3]	0	0	
379	6.311	0.017	0	3.0	138	2.301	[2.31666667 2.31666667]	0	0	
380	6.327	0.017	0	3.0	139	2.317	[2.33333333 2.33333333]	0	0	
381	6.344	0.017	0	3.0	140	2.334	[2.35 2.35]	0	0	
382	6.361	0.017	0	3.0	141	2.351	[2.36666667 2.36666667]	0	0	
383	6.377	0.017	0	3.0	142	2.367	[2.38333333 2.38333333]	0	0	
384	6.394	0.017	0	3.0	143	2.384	[2.4 2.4]	0	0	
385	6.411	0.017	0	3.0	144	2.401	[2.41666667 2.41666667]	0	0	
386	6.427	0.017	0	3.0	145	2.417	[2.43333333 2.43333333]	0	0	
387	6.444	0.017	0	3.0	146	2.434	[2.45 2.45]	0	0	
388	6.461	0.017	0	3.0	147	2.451	[2.46666667 2.46666667]	0	0	
389	6.477	0.017	0	3.0	148	2.467	[2.48333333 2.48333333]	0	0	
390	6.494	0.017	0	3.0	149	2.484	[2.5 2.5]	0	0	
391	6.511	0.017	0	3.0	150	2.501	[2.51666667 2.51666667]	0	0	
392	6.527	0.017	0	3.0	151	2.518	[2.53333333 2.53333333]	0	0	
393	6.544	0.016	0	3.0	152	2.534	[2.55 2.55]	0	0	
394	6.561	0.017	0	3.0	153	2.551	[2.56666667 2.56666667]	0	0	
395	6.577	0.017	0	3.0	154	2.567	[2.58333333 2.58333333]	0	0	
396	6.594	0.017	0	3.0	155	2.584	[2.6 2.6]	0	0	
397	6.611	0.017	0	3.0	156	2.601	[2.61666667 2.61666667]	0	0	
398	6.627	0.017	0	3.0	157	2.617	[2.63333333 2.63333333]	0	0	
399	6.644	0.016	0	3.0	158	2.634	[2.65 2.65]	0	0	
400	6.660	0.017	0	3.0	159	2.651	[2.66666667 2.66666667]	0	0	
401	6.677	0.017	0	3.0	160	2.667	[2.68333333 2.68333333]	0	0	
402	6.694	0.017	0	3.0	161	2.684	[2.7 2.7]	0	0	
403	6.711	0.017	0	3.0	162	2.701	[2.71666667 2.71666667]	0	0	
404	6.727	0.017	0	3.0	163	2.717	[2.73333333 2.73333333]	0	0	
405	6.744	0.017	0	3.0	164	2.734	[2.75 2.75]	0	0	
406	6.761	0.017	0	3.0	165	2.751	[2.76666667 2.76666667]	0	0	
407	6.777	0.017	0	3.0	166	2.767	[2.78333333 2.78333333]	0	0	
408	6.794	0.017	0	3.0	167	2.784	[2.8 2.8]	0	0	
409	6.811	0.017	0	3.0	168	2.801	[2.81666667 2.81666667]	0	0	
410	6.827	0.017	0	3.0	169	2.817	[2.83333333 2.83333333]	0	0	
411	6.844	0.017	0	3.0	170	2.834	[2.85 2.85]	0	0	
412	6.861	0.017	0	3.0	171	2.851	[2.86666667 2.86666667]	0	0	
413	6.877	0.017	0	3.0	172	2.867	[2.88333333 2.88333333]	0	0	
414	6.894	0.017	0	3.0	173	2.884	[2.9 2.9]	0	0	
415	6.911	0.017	0	3.0	174	2.901	[2.91666667 2.91666667]	0	0	
416	6.927	0.017	0	3.0	175	2.918	[2.93333333 2.93333333]	0	0	
417	6.944	0.016	0	3.0	176	2.934	[2.95 2.95]	0	0	
418	6.961	0.017	0	3.0	177	2.951	[2.96666667 2.96666667]	0	0	
419	6.977	0.017	0	3.0	178	2.968	[2.98333333 2.98333333]	0	0	
420	6.994	0.016	0	3.0	179	2.984	[3. 3.]	0	0	
421	7.011	0.017	0	3.0	180	3.001	[3.01666667 3.01666667]	0	0	
422	7.028	0.017	0	3.0	181	3.018	[3.03333333 3.03333333]	0	0	
423	7.044	0.016	0	3.0	182	3.034	[3.05 3.05]	0	0	
424	7.061	0.017	0	3.0	183	3.051	[3.06666667 3.06666667]	0	0	
425	7.077	0.016	0	3.0	184	3.067	[3.08333333 3.08333333]	0	0	
426	7.094	0.017	0	3.0	185	3.084	[3.1 3.1]	0	0	
427	7.111	0.017	0	3.0	186	3.101	[3.11666667 3.11666667]	0	0	
428	7.127	0.017	0	3.0	187	3.117	[3.13333333 3.13333333]	0	0	
429	7.144	0.017	0	3.0	188	3.134	[3.15 3.15]	0	0	
430	7.161	0.017	0	3.0	189	3.151	[3.16666667 3.16666667]	0	0	
431	7.178	0.017	0	3.0	190	3.168	[3.18333333 3.18333333]	0	0	
432	7.194	0.017	0	3.0	191	3.185	[3.2 3.2]	0	0	
433	7.211	0.016	0	3.0	192	3.201	[3.21666667 3.21666667]	0	0	
434	7.228	0.017	0	3.0	193	3.218	[3.23333333 3.23333333]	0	0	
435	7.244	0.017	0	3.0	194	3.234	[3.25 3.25]	0	0	
436	7.261	0.017	0	3.0	195	3.251	[3.26666667 3.26666667]	0	0	
437	7.277	0.017	0	3.0	196	3.267	[3.28333333 3.28333333]	0	0	
438	7.294	0.017	0	3.0	197	3.284	[3.3 3.3]	0	0	
439	7.311	0.017	0	3.0	198	3.301	[3.31666667 3.31666667]	0	0	
440	7.327	0.017	0	3.0	199	3.317	[3.33333333 3.33333333]	0	0	
441	7.344	0.017	0	3.0	200	3.334	[3.35 3.35]	0	0	
442	7.361	0.017	0	3.0	201	3.351	[3.36666667 3.36666667]	0	0	
443	7.378	0.017	0	3.0	202	3.368	[3.38333333 3.38333333]	0	0	
444	7.394	0.017	0	3.0	203	3.384	[3.4 3.4]	0	0	
445	7.411	0.017	0	3.0	204	3.401	[3.41666667 3.41666667]	0	0	
446	7.427	0.017	0	3.0	205	3.418	[3.43333333 3.43333333]	0	0	
447	7.444	0.017	0	3.0	206	3.434	[3.45 3.45]	0	0	
448	7.461	0.017	0	3.0	207	3.451	[3.46666667 3.46666667]	0	0	
449	7.478	0.017	0	3.0	208	3.468	[3.48333333 3.48333333]	0	0	
450	7.494	0.017	0	3.0	209	3.484	[3.5 3.5]	0	0	
451	7.511	0.017	0	3.0	210	3.501	[3.51666667 3.51666667]	0	0	
452	7.527	0.016	0	3.0	211	3.517	[3.53333333 3.53333333]	0	0	
453	7.544	0.017	0	3.0	212	3.535	[3.55 3.55]	0	0	
454	7.561	0.017	0	3.0	213	3.551	[3.56666667 3.56666667]	0	0	
455	7.578	0.017	0	3.0	214	3.568	[3.58333333 3.58333333]	0	0	
456	7.594	0.017	0	3.0	215	3.584	[3.6 3.6]	0	0	
457	7.611	0.017	0	3.0	216	3.601	[3.61666667 3.61666667]	0	0	
458	7.628	0.016	0	3.0	217	3.618	[3.63333333 3.63333333]	0	0	
459	7.644	0.017	0	3.0	218	3.634	[3.65 3.65]	0	0	
460	7.661	0.017	0	3.0	219	3.651	[3.66666667 3.66666667]	0	0	
461	7.678	0.017	0	3.0	220	3.668	[3.68333333 3.68333333]	0	0	
462	7.694	0.017	0	3.0	221	3.684	[3.7 3.7]	0	0	
463	7.711	0.017	0	3.0	222	3.701	[3.71666667 3.71666667]	0	0	
464	7.728	0.017	0	3.0	223	3.718	[3.73333333 3.73333333]	0	0	
465	7.744	0.017	0	3.0	224	3.734	[3.75 3.75]	0	0	
466	7.761	0.017	0	3.0	225	3.751	[3.76666667 3.76666667]	0	0	
467	7.778	0.017	0	3.0	226	3.768	[3.78333333 3.78333333]	0	0	
468	7.794	0.017	0	3.0	227	3.784	[3.8 3.8]	0	0	
469	7.811	0.017	0	3.0	228	3.801	[3.81666667 3.81666667]	0	0	
470	7.828	0.017	0	3.0	229	3.818	[3.83333333 3.83333333]	0	0	
471	7.844	0.017	0	3.0	230	3.835	[3.85 3.85]	0	0	
472	7.863	0.019	0	3.0	231	3.853	[3.86666667 3.86666667]	0	0	
473	7.879	0.016	0	3.0	232	3.869	[3.88333333 3.88333333]	0	0	
474	7.896	0.017	0	3.0	233	3.886	[3.9 3.9]	0	0	
475	7.913	0.016	0	3.0	234	3.903	[3.91666667 3.91666667]	0	0	
476	7.930	0.017	0	3.0	235	3.920	[3.93333333 3.93333333]	0	0	
477	7.946	0.017	0	3.0	236	3.936	[3.95 3.95]	0	0	
478	7.963	0.016	0	3.0	237	3.953	[3.96666667 3.96666667]	0	0	
479	7.980	0.018	0	3.0	238	3.971	[3.98333333 3.98333333]	0	0	
480	7.996	0.016	0	3.0	239	3.986	[4. 4.]	0	0	
481	8.013	0.017	0	3.0	240	4.003	[4. 4.]	0	0	
