sample_num	sample_time	sampling_interval	imaging_frame	frame_time	stimulus_epoch	stim_frame	epoch_time	stim_info1	stim_info2	stim_info3	
1	0.01	0.01	0	1.0	1	0.01	0	0	0	
2	0.027	0.017	0	1.0	2	0.027	0	0	0	
3	0.042	0.014	0	1.0	3	0.042	0	0	0	
4	0.059	0.017	0	1.0	4	0.059	0	0	0	
5	0.075	0.016	0	1.0	5	0.075	0	0	0	
6	0.095	0.02	0	1.0	6	0.095	0	0	0	
7	0.108	0.013	0	1.0	7	0.108	0	0	0	
8	0.126	0.017	0	1.0	8	0.126	0	0	0	
9	0.142	0.016	0	1.0	9	0.142	0	0	0	
10	0.159	0.018	0	1.0	10	0.159	0	0	0	
11	0.175	0.016	0	1.0	11	0.175	0	0	0	
12	0.195	0.02	0	1.0	12	0.195	0	0	0	
13	0.208	0.014	0	1.0	13	0.208	0	0	0	
14	0.225	0.017	0	1.0	14	0.225	0	0	0	
15	0.243	0.017	0	1.0	15	0.243	0	0	0	
16	0.258	0.016	0	1.0	16	0.258	0	0	0	
17	0.275	0.017	0	1.0	17	0.275	0	0	0	
18	0.297	0.021	0	1.0	18	0.297	0	0	0	
19	0.308	0.012	0	1.0	19	0.308	0	0	0	
20	0.326	0.018	0	1.0	20	0.326	0	0	0	
21	0.341	0.015	0	1.0	21	0.341	0	0	0	
22	0.359	0.018	0	1.0	22	0.359	0	0	0	
23	0.375	0.016	0	1.0	23	0.375	0	0	0	
24	0.392	0.017	0	1.0	24	0.392	0	0	0	
25	0.411	0.019	0	1.0	25	0.411	0	0	0	
26	0.425	0.014	0	1.0	26	0.425	0	0	0	
27	0.442	0.017	0	1.0	27	0.442	0	0	0	
28	0.459	0.017	0	1.0	28	0.459	0	0	0	
29	0.475	0.016	0	1.0	29	0.475	0	0	0	
30	0.493	0.017	0	1.0	30	0.493	0	0	0	
31	0.511	0.018	0	1.0	31	0.511	0	0	0	
32	0.525	0.014	0	1.0	32	0.525	0	0	0	
33	0.543	0.018	0	1.0	33	0.543	0	0	0	
34	0.558	0.016	0	1.0	34	0.558	0	0	0	
35	0.575	0.017	0	1.0	35	0.575	0	0	0	
36	0.592	0.017	0	1.0	36	0.592	0	0	0	
37	0.612	0.02	0	1.0	37	0.612	0	0	0	
38	0.625	0.013	0	1.0	38	0.625	0	0	0	
39	0.642	0.017	0	1.0	39	0.642	0	0	0	
40	0.659	0.017	0	1.0	40	0.659	0	0	0	
41	0.676	0.017	0	1.0	41	0.676	0	0	0	
42	0.692	0.016	0	1.0	42	0.692	0	0	0	
43	0.711	0.019	0	1.0	43	0.711	0	0	0	
44	0.725	0.014	0	1.0	44	0.725	0	0	0	
45	0.742	0.017	0	1.0	45	0.742	0	0	0	
46	0.759	0.017	0	1.0	46	0.759	0	0	0	
47	0.776	0.017	0	1.0	47	0.776	0	0	0	
48	0.792	0.016	0	1.0	48	0.792	0	0	0	
49	0.81	0.018	0	1.0	49	0.81	0	0	0	
50	0.825	0.015	0	1.0	50	0.825	0	0	0	
51	0.842	0.017	0	1.0	51	0.842	0	0	0	
52	0.859	0.017	0	1.0	52	0.859	0	0	0	
53	0.876	0.017	0	1.0	53	0.876	0	0	0	
54	0.892	0.017	0	1.0	54	0.892	0	0	0	
55	0.911	0.019	0	1.0	55	0.911	0	0	0	
56	0.925	0.014	0	1.0	56	0.925	0	0	0	
57	0.942	0.017	0	1.0	57	0.942	0	0	0	
58	0.959	0.017	0	1.0	58	0.959	0	0	0	
59	0.976	0.017	0	1.0	59	0.976	0	0	0	
60	0.992	0.016	0	1.0	60	0.992	0	0	0	
61	1.009	0.017	0	1.0	61	1.009	0	0	0	
62	1.029	0.021	0	1.0	62	1.029	0	0	0	
63	1.044	0.014	0	1.0	63	1.044	0	0	0	
64	1.061	0.017	0	1.0	64	1.061	0	0	0	
65	1.079	0.018	0	1.0	65	1.079	0	0	0	
66	1.094	0.014	0	1.0	66	1.094	0	0	0	
67	1.111	0.018	0	1.0	67	1.111	0	0	0	
68	1.13	0.018	0	1.0	68	1.13	0	0	0	
69	1.144	0.014	0	1.0	69	1.144	0	0	0	
70	1.161	0.017	0	1.0	70	1.161	0	0	0	
71	1.177	0.016	0	1.0	71	1.177	0	0	0	
72	1.194	0.017	0	1.0	72	1.194	0	0	0	
73	1.211	0.017	0	1.0	73	1.211	0	0	0	
74	1.23	0.018	0	1.0	74	1.23	0	0	0	
75	1.244	0.014	0	1.0	75	1.244	0	0	0	
76	1.261	0.017	0	1.0	76	1.261	0	0	0	
77	1.277	0.016	0	1.0	77	1.277	0	0	0	
78	1.295	0.017	0	1.0	78	1.295	0	0	0	
79	1.311	0.016	0	1.0	79	1.311	0	0	0	
80	1.33	0.02	0	1.0	80	1.33	0	0	0	
81	1.344	0.014	0	1.0	81	1.344	0	0	0	
82	1.361	0.017	0	1.0	82	1.361	0	0	0	
83	1.378	0.017	0	1.0	83	1.378	0	0	0	
84	1.394	0.017	0	1.0	84	1.394	0	0	0	
85	1.411	0.017	0	1.0	85	1.411	0	0	0	
86	1.43	0.019	0	1.0	86	1.43	0	0	0	
87	1.444	0.014	0	1.0	87	1.444	0	0	0	
88	1.461	0.017	0	1.0	88	1.461	0	0	0	
89	1.478	0.017	0	1.0	89	1.478	0	0	0	
90	1.494	0.017	0	1.0	90	1.494	0	0	0	
91	1.511	0.017	0	1.0	91	1.511	0	0	0	
92	1.53	0.019	0	1.0	92	1.53	0	0	0	
93	1.544	0.015	0	1.0	93	1.544	0	0	0	
94	1.561	0.017	0	1.0	94	1.561	0	0	0	
95	1.578	0.017	0	1.0	95	1.578	0	0	0	
96	1.594	0.017	0	1.0	96	1.594	0	0	0	
97	1.611	0.017	0	1.0	97	1.611	0	0	0	
98	1.628	0.016	0	1.0	98	1.628	0	0	0	
99	1.646	0.019	0	1.0	99	1.646	0	0	0	
100	1.661	0.014	0	1.0	100	1.661	0	0	0	
101	1.678	0.017	0	1.0	101	1.678	0	0	0	
102	1.694	0.016	0	1.0	102	1.694	0	0	0	
103	1.711	0.017	0	1.0	103	1.711	0	0	0	
104	1.728	0.016	0	1.0	104	1.728	0	0	0	
105	1.747	0.019	0	1.0	105	1.747	0	0	0	
106	1.761	0.014	0	1.0	106	1.761	0	0	0	
107	1.778	0.017	0	1.0	107	1.778	0	0	0	
108	1.794	0.016	0	1.0	108	1.794	0	0	0	
109	1.811	0.018	0	1.0	109	1.811	0	0	0	
110	1.827	0.016	0	1.0	110	1.827	0	0	0	
111	1.847	0.019	0	1.0	111	1.847	0	0	0	
112	1.861	0.014	0	1.0	112	1.861	0	0	0	
113	1.878	0.017	0	1.0	113	1.878	0	0	0	
114	1.894	0.016	0	1.0	114	1.894	0	0	0	
115	1.911	0.017	0	1.0	115	1.911	0	0	0	
116	1.928	0.017	0	1.0	116	1.928	0	0	0	
117	1.947	0.019	0	1.0	117	1.947	0	0	0	
118	1.961	0.014	0	1.0	118	1.961	0	0	0	
119	1.978	0.017	0	1.0	119	1.978	0	0	0	
120	1.994	0.017	0	1.0	120	1.994	0	0	0	
121	2.012	0.017	0	1.0	121	2.012	0	0	0	
122	2.028	0.016	0	2.0	1	0.016	[-41.83333333   0.16666667]	0	0	
123	2.049	0.021	0	2.0	2	0.037	[-41.66666667   0.33333333]	0	0	
124	2.061	0.012	0	2.0	3	0.049	[-41.5   0.5]	0	0	
125	2.078	0.017	0	2.0	4	0.066	[-41.33333333   0.66666667]	0	0	
126	2.095	0.017	0	2.0	5	0.083	[-41.16666667   0.83333333]	0	0	
127	2.112	0.017	0	2.0	6	0.1	[-41.   1.]	0	0	
128	2.128	0.017	0	2.0	7	0.116	[-40.83333333   1.16666667]	0	0	
129	2.145	0.017	0	2.0	8	0.133	[-40.66666667   1.33333333]	0	0	
130	2.164	0.019	0	2.0	9	0.152	[-40.5   1.5]	0	0	
131	2.178	0.014	0	2.0	10	0.166	[-40.33333333   1.66666667]	0	0	
132	2.195	0.017	0	2.0	11	0.183	[-40.16666667   1.83333333]	0	0	
133	2.212	0.017	0	2.0	12	0.2	[-40.   2.]	0	0	
134	2.228	0.016	0	2.0	13	0.216	[-39.83333333   2.16666667]	0	0	
135	2.245	0.017	0	2.0	14	0.233	[-39.66666667   2.33333333]	0	0	
136	2.264	0.019	0	2.0	15	0.252	[-39.5   2.5]	0	0	
137	2.278	0.014	0	2.0	16	0.266	[-39.33333333   2.66666667]	0	0	
138	2.295	0.017	0	2.0	17	0.283	[-39.16666667   2.83333333]	0	0	
139	2.312	0.017	0	2.0	18	0.3	[-39.   3.]	0	0	
140	2.328	0.017	0	2.0	19	0.317	[-38.83333333   3.16666667]	0	0	
141	2.345	0.017	0	2.0	20	0.333	[-38.66666667   3.33333333]	0	0	
142	2.364	0.019	0	2.0	21	0.352	[-38.5   3.5]	0	0	
143	2.378	0.014	0	2.0	22	0.366	[-38.33333333   3.66666667]	0	0	
144	2.395	0.018	0	2.0	23	0.383	[-38.16666667   3.83333333]	0	0	
145	2.412	0.017	0	2.0	24	0.4	[-38.   4.]	0	0	
146	2.428	0.017	0	2.0	25	0.417	[-37.83333333   4.16666667]	0	0	
147	2.445	0.016	0	2.0	26	0.433	[-37.66666667   4.33333333]	0	0	
148	2.463	0.019	0	2.0	27	0.451	[-37.5   4.5]	0	0	
149	2.478	0.014	0	2.0	28	0.466	[-37.33333333   4.66666667]	0	0	
150	2.495	0.017	0	2.0	29	0.483	[-37.16666667   4.83333333]	0	0	
151	2.512	0.017	0	2.0	30	0.5	[-37.   5.]	0	0	
152	2.528	0.017	0	2.0	31	0.517	[-36.83333333   5.16666667]	0	0	
153	2.545	0.016	0	2.0	32	0.533	[-36.66666667   5.33333333]	0	0	
154	2.564	0.02	0	2.0	33	0.552	[-36.5   5.5]	0	0	
155	2.578	0.013	0	2.0	34	0.566	[-36.33333333   5.66666667]	0	0	
156	2.595	0.017	0	2.0	35	0.583	[-36.16666667   5.83333333]	0	0	
157	2.612	0.017	0	2.0	36	0.6	[-36.   6.]	0	0	
158	2.628	0.017	0	2.0	37	0.617	[-35.83333333   6.16666667]	0	0	
159	2.645	0.016	0	2.0	38	0.633	[-35.66666667   6.33333333]	0	0	
160	2.662	0.017	0	2.0	39	0.65	[-35.5   6.5]	0	0	
161	2.68	0.018	0	2.0	40	0.668	[-35.33333333   6.66666667]	0	0	
162	2.695	0.015	0	2.0	41	0.683	[-35.16666667   6.83333333]	0	0	
163	2.712	0.017	0	2.0	42	0.7	[-35.   7.]	0	0	
164	2.729	0.017	0	2.0	43	0.717	[-34.83333333   7.16666667]	0	0	
165	2.745	0.016	0	2.0	44	0.733	[-34.66666667   7.33333333]	0	0	
166	2.762	0.017	0	2.0	45	0.75	[-34.5   7.5]	0	0	
167	2.78	0.019	0	2.0	46	0.769	[-34.33333333   7.66666667]	0	0	
168	2.795	0.014	0	2.0	47	0.783	[-34.16666667   7.83333333]	0	0	
169	2.812	0.017	0	2.0	48	0.8	[-34.   8.]	0	0	
170	2.829	0.017	0	2.0	49	0.817	[-33.83333333   8.16666667]	0	0	
171	2.845	0.017	0	2.0	50	0.833	[-33.66666667   8.33333333]	0	0	
172	2.862	0.017	0	2.0	51	0.85	[-33.5   8.5]	0	0	
173	2.88	0.019	0	2.0	52	0.869	[-33.33333333   8.66666667]	0	0	
174	2.895	0.014	0	2.0	53	0.883	[-33.16666667   8.83333333]	0	0	
175	2.912	0.017	0	2.0	54	0.9	[-33.   9.]	0	0	
176	2.929	0.017	0	2.0	55	0.917	[-32.83333333   9.16666667]	0	0	
177	2.946	0.017	0	2.0	56	0.934	[-32.66666667   9.33333333]	0	0	
178	2.961	0.016	0	2.0	57	0.95	[-32.5   9.5]	0	0	
179	2.98	0.019	0	2.0	58	0.968	[-32.33333333   9.66666667]	0	0	
180	2.994	0.014	0	2.0	59	0.982	[-32.16666667   9.83333333]	0	0	
181	3.012	0.018	0	2.0	60	1.0	[-32.  10.]	0	0	
182	3.029	0.017	0	2.0	61	1.017	[-31.83333333  10.16666667]	0	0	
183	3.045	0.017	0	2.0	62	1.033	[-31.66666667  10.33333333]	0	0	
184	3.062	0.017	0	2.0	63	1.05	[-31.5  10.5]	0	0	
185	3.079	0.017	0	2.0	64	1.067	[-31.33333333  10.66666667]	0	0	
186	3.097	0.018	0	2.0	65	1.085	[-31.16666667  10.83333333]	0	0	
187	3.111	0.014	0	2.0	66	1.1	[-31.  11.]	0	0	
188	3.129	0.018	0	2.0	67	1.117	[-30.83333333  11.16666667]	0	0	
189	3.145	0.016	0	2.0	68	1.133	[-30.66666667  11.33333333]	0	0	
190	3.162	0.017	0	2.0	69	1.15	[-30.5  11.5]	0	0	
191	3.179	0.017	0	2.0	70	1.167	[-30.33333333  11.66666667]	0	0	
192	3.197	0.019	0	2.0	71	1.185	[-30.16666667  11.83333333]	0	0	
193	3.211	0.014	0	2.0	72	1.199	[-30.  12.]	0	0	
194	3.229	0.018	0	2.0	73	1.217	[-29.83333333  12.16666667]	0	0	
195	3.245	0.017	0	2.0	74	1.234	[-29.66666667  12.33333333]	0	0	
196	3.262	0.016	0	2.0	75	1.25	[-29.5  12.5]	0	0	
197	3.279	0.017	0	2.0	76	1.267	[-29.33333333  12.66666667]	0	0	
198	3.297	0.018	0	2.0	77	1.285	[-29.16666667  12.83333333]	0	0	
199	3.311	0.014	0	2.0	78	1.299	[-29.  13.]	0	0	
200	3.329	0.018	0	2.0	79	1.317	[-28.83333333  13.16666667]	0	0	
201	3.345	0.016	0	2.0	80	1.333	[-28.66666667  13.33333333]	0	0	
202	3.362	0.017	0	2.0	81	1.35	[-28.5  13.5]	0	0	
203	3.379	0.017	0	2.0	82	1.367	[-28.33333333  13.66666667]	0	0	
204	3.398	0.019	0	2.0	83	1.386	[-28.16666667  13.83333333]	0	0	
205	3.411	0.013	0	2.0	84	1.399	[-28.  14.]	0	0	
206	3.429	0.018	0	2.0	85	1.417	[-27.83333333  14.16666667]	0	0	
207	3.445	0.016	0	2.0	86	1.433	[-27.66666667  14.33333333]	0	0	
208	3.462	0.017	0	2.0	87	1.45	[-27.5  14.5]	0	0	
209	3.479	0.017	0	2.0	88	1.467	[-27.33333333  14.66666667]	0	0	
210	3.498	0.019	0	2.0	89	1.486	[-27.16666667  14.83333333]	0	0	
211	3.511	0.014	0	2.0	90	1.499	[-27.  15.]	0	0	
212	3.529	0.018	0	2.0	91	1.517	[-26.83333333  15.16666667]	0	0	
213	3.545	0.016	0	2.0	92	1.533	[-26.66666667  15.33333333]	0	0	
214	3.562	0.017	0	2.0	93	1.55	[-26.5  15.5]	0	0	
215	3.579	0.017	0	2.0	94	1.567	[-26.33333333  15.66666667]	0	0	
216	3.596	0.017	0	2.0	95	1.584	[-26.16666667  15.83333333]	0	0	
217	3.614	0.018	0	2.0	96	1.602	[-26.  16.]	0	0	
218	3.628	0.014	0	2.0	97	1.616	[-25.83333333  16.16666667]	0	0	
219	3.646	0.018	0	2.0	98	1.634	[-25.66666667  16.33333333]	0	0	
220	3.662	0.016	0	2.0	99	1.65	[-25.5  16.5]	0	0	
221	3.679	0.017	0	2.0	100	1.667	[-25.33333333  16.66666667]	0	0	
222	3.696	0.017	0	2.0	101	1.684	[-25.16666667  16.83333333]	0	0	
223	3.715	0.019	0	2.0	102	1.703	[-25.  17.]	0	0	
224	3.728	0.013	0	2.0	103	1.716	[-24.83333333  17.16666667]	0	0	
225	3.746	0.018	0	2.0	104	1.734	[-24.66666667  17.33333333]	0	0	
226	3.762	0.016	0	2.0	105	1.75	[-24.5  17.5]	0	0	
227	3.779	0.017	0	2.0	106	1.767	[-24.33333333  17.66666667]	0	0	
228	3.796	0.017	0	2.0	107	1.784	[-24.16666667  17.83333333]	0	0	
229	3.814	0.019	0	2.0	108	1.802	[-24.  18.]	0	0	
230	3.828	0.014	0	2.0	109	1.816	[-23.83333333  18.16666667]	0	0	
231	3.846	0.018	0	2.0	110	1.834	[-23.66666667  18.33333333]	0	0	
232	3.862	0.016	0	2.0	111	1.85	[-23.5  18.5]	0	0	
233	3.879	0.017	0	2.0	112	1.867	[-23.33333333  18.66666667]	0	0	
234	3.896	0.017	0	2.0	113	1.884	[-23.16666667  18.83333333]	0	0	
235	3.914	0.019	0	2.0	114	1.902	[-23.  19.]	0	0	
236	3.928	0.014	0	2.0	115	1.916	[-22.83333333  19.16666667]	0	0	
237	3.946	0.018	0	2.0	116	1.934	[-22.66666667  19.33333333]	0	0	
238	3.962	0.016	0	2.0	117	1.95	[-22.5  19.5]	0	0	
239	3.979	0.017	0	2.0	118	1.967	[-22.33333333  19.66666667]	0	0	
240	3.996	0.017	0	2.0	119	1.984	[-22.16666667  19.83333333]	0	0	
241	4.014	0.018	0	2.0	120	2.002	[-22.  20.]	0	0	
242	4.028	0.014	0	2.0	121	2.016	[-21.83333333  20.16666667]	0	0	
243	4.046	0.018	0	2.0	122	2.034	[-21.66666667  20.33333333]	0	0	
244	4.062	0.017	0	2.0	123	2.051	[-21.5  20.5]	0	0	
245	4.079	0.016	0	2.0	124	2.067	[-21.33333333  20.66666667]	0	0	
246	4.096	0.017	0	2.0	125	2.084	[-21.16666667  20.83333333]	0	0	
247	4.113	0.018	0	2.0	126	2.102	[-21.  21.]	0	0	
248	4.128	0.015	0	2.0	127	2.116	[-20.83333333  21.16666667]	0	0	
249	4.146	0.018	0	2.0	128	2.134	[-20.66666667  21.33333333]	0	0	
250	4.162	0.017	0	2.0	129	2.151	[-20.5  21.5]	0	0	
251	4.179	0.016	0	2.0	130	2.167	[-20.33333333  21.66666667]	0	0	
252	4.196	0.017	0	2.0	131	2.184	[-20.16666667  21.83333333]	0	0	
253	4.216	0.02	0	2.0	132	2.204	[-20.  22.]	0	0	
254	4.228	0.012	0	2.0	133	2.216	[-19.83333333  22.16666667]	0	0	
255	4.246	0.018	0	2.0	134	2.234	[-19.66666667  22.33333333]	0	0	
256	4.262	0.016	0	2.0	135	2.25	[-19.5  22.5]	0	0	
257	4.279	0.017	0	2.0	136	2.267	[-19.33333333  22.66666667]	0	0	
258	4.296	0.017	0	2.0	137	2.284	[-19.16666667  22.83333333]	0	0	
259	4.312	0.017	0	2.0	138	2.301	[-19.  23.]	0	0	
260	4.331	0.019	0	2.0	139	2.319	[-18.83333333  23.16666667]	0	0	
261	4.345	0.014	0	2.0	140	2.333	[-18.66666667  23.33333333]	0	0	
262	4.363	0.018	0	2.0	141	2.351	[-18.5  23.5]	0	0	
263	4.379	0.016	0	2.0	142	2.367	[-18.33333333  23.66666667]	0	0	
264	4.396	0.017	0	2.0	143	2.384	[-18.16666667  23.83333333]	0	0	
265	4.413	0.017	0	2.0	144	2.401	[-18.  24.]	0	0	
266	4.431	0.018	0	2.0	145	2.419	[-17.83333333  24.16666667]	0	0	
267	4.445	0.014	0	2.0	146	2.433	[-17.66666667  24.33333333]	0	0	
268	4.463	0.018	0	2.0	147	2.451	[-17.5  24.5]	0	0	
269	4.479	0.016	0	2.0	148	2.467	[-17.33333333  24.66666667]	0	0	
270	4.496	0.017	0	2.0	149	2.484	[-17.16666667  24.83333333]	0	0	
271	4.512	0.017	0	2.0	150	2.501	[-17.  25.]	0	0	
272	4.531	0.018	0	2.0	151	2.519	[-16.83333333  25.16666667]	0	0	
273	4.545	0.014	0	2.0	152	2.533	[-16.66666667  25.33333333]	0	0	
274	4.563	0.018	0	2.0	153	2.551	[-16.5  25.5]	0	0	
275	4.579	0.016	0	2.0	154	2.567	[-16.33333333  25.66666667]	0	0	
276	4.596	0.017	0	2.0	155	2.584	[-16.16666667  25.83333333]	0	0	
277	4.613	0.017	0	2.0	156	2.601	[-16.  26.]	0	0	
278	4.631	0.019	0	2.0	157	2.619	[-15.83333333  26.16666667]	0	0	
279	4.645	0.014	0	2.0	158	2.633	[-15.66666667  26.33333333]	0	0	
280	4.663	0.018	0	2.0	159	2.651	[-15.5  26.5]	0	0	
281	4.679	0.016	0	2.0	160	2.667	[-15.33333333  26.66666667]	0	0	
282	4.696	0.017	0	2.0	161	2.684	[-15.16666667  26.83333333]	0	0	
283	4.713	0.017	0	2.0	162	2.701	[-15.  27.]	0	0	
284	4.731	0.019	0	2.0	163	2.719	[-14.83333333  27.16666667]	0	0	
285	4.745	0.014	0	2.0	164	2.733	[-14.66666667  27.33333333]	0	0	
286	4.763	0.018	0	2.0	165	2.751	[-14.5  27.5]	0	0	
287	4.779	0.016	0	2.0	166	2.767	[-14.33333333  27.66666667]	0	0	
288	4.796	0.017	0	2.0	167	2.784	[-14.16666667  27.83333333]	0	0	
289	4.813	0.017	0	2.0	168	2.801	[-14.  28.]	0	0	
290	4.831	0.019	0	2.0	169	2.819	[-13.83333333  28.16666667]	0	0	
291	4.845	0.014	0	2.0	170	2.833	[-13.66666667  28.33333333]	0	0	
292	4.863	0.018	0	2.0	171	2.851	[-13.5  28.5]	0	0	
293	4.879	0.016	0	2.0	172	2.867	[-13.33333333  28.66666667]	0	0	
294	4.896	0.017	0	2.0	173	2.884	[-13.16666667  28.83333333]	0	0	
295	4.913	0.017	0	2.0	174	2.901	[-13.  29.]	0	0	
296	4.93	0.017	0	2.0	175	2.918	[-12.83333333  29.16666667]	0	0	
297	4.948	0.018	0	2.0	176	2.936	[-12.66666667  29.33333333]	0	0	
298	4.962	0.014	0	2.0	177	2.95	[-12.5  29.5]	0	0	
299	4.98	0.018	0	2.0	178	2.968	[-12.33333333  29.66666667]	0	0	
300	4.995	0.016	0	2.0	179	2.984	[-12.16666667  29.83333333]	0	0	
301	5.013	0.017	0	2.0	180	3.001	[-12.  30.]	0	0	
302	5.029	0.016	0	2.0	181	3.017	[-11.83333333  30.16666667]	0	0	
303	5.048	0.019	0	2.0	182	3.036	[-11.66666667  30.33333333]	0	0	
304	5.062	0.015	0	2.0	183	3.051	[-11.5  30.5]	0	0	
305	5.08	0.017	0	2.0	184	3.068	[-11.33333333  30.66666667]	0	0	
306	5.096	0.016	0	2.0	185	3.084	[-11.16666667  30.83333333]	0	0	
307	5.113	0.017	0	2.0	186	3.101	[-11.  31.]	0	0	
308	5.129	0.017	0	2.0	187	3.118	[-10.83333333  31.16666667]	0	0	
309	5.148	0.019	0	2.0	188	3.136	[-10.66666667  31.33333333]	0	0	
310	5.162	0.014	0	2.0	189	3.15	[-10.5  31.5]	0	0	
311	5.18	0.018	0	2.0	190	3.168	[-10.33333333  31.66666667]	0	0	
312	5.196	0.016	0	2.0	191	3.184	[-10.16666667  31.83333333]	0	0	
313	5.213	0.017	0	2.0	192	3.201	[-10.  32.]	0	0	
314	5.229	0.017	0	2.0	193	3.218	[-9.83333333 32.16666667]	0	0	
315	5.248	0.019	0	2.0	194	3.236	[-9.66666667 32.33333333]	0	0	
316	5.262	0.014	0	2.0	195	3.25	[-9.5 32.5]	0	0	
317	5.28	0.018	0	2.0	196	3.268	[-9.33333333 32.66666667]	0	0	
318	5.296	0.016	0	2.0	197	3.284	[-9.16666667 32.83333333]	0	0	
319	5.313	0.017	0	2.0	198	3.301	[-9. 33.]	0	0	
320	5.329	0.017	0	2.0	199	3.318	[-8.83333333 33.16666667]	0	0	
321	5.35	0.021	0	2.0	200	3.338	[-8.66666667 33.33333333]	0	0	
322	5.362	0.012	0	2.0	201	3.35	[-8.5 33.5]	0	0	
323	5.38	0.018	0	2.0	202	3.368	[-8.33333333 33.66666667]	0	0	
324	5.396	0.016	0	2.0	203	3.384	[-8.16666667 33.83333333]	0	0	
325	5.413	0.017	0	2.0	204	3.401	[-8. 34.]	0	0	
326	5.429	0.017	0	2.0	205	3.418	[-7.83333333 34.16666667]	0	0	
327	5.446	0.017	0	2.0	206	3.434	[-7.66666667 34.33333333]	0	0	
328	5.465	0.019	0	2.0	207	3.453	[-7.5 34.5]	0	0	
329	5.479	0.014	0	2.0	208	3.467	[-7.33333333 34.66666667]	0	0	
330	5.497	0.018	0	2.0	209	3.485	[-7.16666667 34.83333333]	0	0	
331	5.512	0.016	0	2.0	210	3.5	[-7. 35.]	0	0	
332	5.53	0.018	0	2.0	211	3.518	[-6.83333333 35.16666667]	0	0	
333	5.546	0.016	0	2.0	212	3.534	[-6.66666667 35.33333333]	0	0	
334	5.565	0.019	0	2.0	213	3.553	[-6.5 35.5]	0	0	
335	5.579	0.014	0	2.0	214	3.567	[-6.33333333 35.66666667]	0	0	
336	5.597	0.018	0	2.0	215	3.585	[-6.16666667 35.83333333]	0	0	
337	5.612	0.016	0	2.0	216	3.6	[-6. 36.]	0	0	
338	5.63	0.017	0	2.0	217	3.618	[-5.83333333 36.16666667]	0	0	
339	5.646	0.016	0	2.0	218	3.634	[-5.66666667 36.33333333]	0	0	
340	5.665	0.019	0	2.0	219	3.653	[-5.5 36.5]	0	0	
341	5.679	0.014	0	2.0	220	3.667	[-5.33333333 36.66666667]	0	0	
342	5.697	0.018	0	2.0	221	3.685	[-5.16666667 36.83333333]	0	0	
343	5.712	0.016	0	2.0	222	3.7	[-5. 37.]	0	0	
344	5.73	0.017	0	2.0	223	3.718	[-4.83333333 37.16666667]	0	0	
345	5.746	0.016	0	2.0	224	3.734	[-4.66666667 37.33333333]	0	0	
346	5.764	0.019	0	2.0	225	3.753	[-4.5 37.5]	0	0	
347	5.779	0.014	0	2.0	226	3.767	[-4.33333333 37.66666667]	0	0	
348	5.797	0.018	0	2.0	227	3.785	[-4.16666667 37.83333333]	0	0	
349	5.812	0.015	0	2.0	228	3.8	[-4. 38.]	0	0	
350	5.83	0.018	0	2.0	229	3.818	[-3.83333333 38.16666667]	0	0	
351	5.846	0.016	0	2.0	230	3.834	[-3.66666667 38.33333333]	0	0	
352	5.867	0.021	0	2.0	231	3.855	[-3.5 38.5]	0	0	
353	5.879	0.012	0	2.0	232	3.867	[-3.33333333 38.66666667]	0	0	
354	5.897	0.018	0	2.0	233	3.885	[-3.16666667 38.83333333]	0	0	
355	5.912	0.016	0	2.0	234	3.901	[-3. 39.]	0	0	
356	5.93	0.017	0	2.0	235	3.918	[-2.83333333 39.16666667]	0	0	
357	5.946	0.017	0	2.0	236	3.934	[-2.66666667 39.33333333]	0	0	
358	5.963	0.017	0	2.0	237	3.951	[-2.5 39.5]	0	0	
359	5.982	0.019	0	2.0	238	3.97	[-2.33333333 39.66666667]	0	0	
360	5.995	0.014	0	2.0	239	3.984	[-2.16666667 39.83333333]	0	0	
361	6.013	0.018	0	2.0	240	4.001	[-2. 40.]	0	0	
362	6.032	0.019	0	2.0	241	4.02	[-1.83333333 40.16666667]	0	0	
363	6.048	0.016	0	2.0	242	4.036	[-1.66666667 40.33333333]	0	0	
364	6.065	0.017	0	2.0	243	4.053	[-1.5 40.5]	0	0	
365	6.084	0.019	0	2.0	244	4.072	[-1.33333333 40.66666667]	0	0	
366	6.097	0.013	0	2.0	245	4.085	[-1.16666667 40.83333333]	0	0	
367	6.115	0.018	0	2.0	246	4.103	[-1. 41.]	0	0	
368	6.132	0.017	0	2.0	247	4.12	[-0.83333333 41.16666667]	0	0	
369	6.148	0.016	0	2.0	248	4.136	[-0.66666667 41.33333333]	0	0	
370	6.165	0.017	0	2.0	249	4.153	[-0.5 41.5]	0	0	
371	6.184	0.019	0	2.0	250	4.172	[-0.33333333 41.66666667]	0	0	
372	6.198	0.014	0	2.0	251	4.186	[-0.16666667 41.83333333]	0	0	
373	6.215	0.017	0	2.0	252	4.203	[-5.12367926e-14  4.20000000e+01]	0	0	
374	6.231	0.017	0	2.0	253	4.22	[ 0.16666667 42.16666667]	0	0	
375	6.248	0.017	0	2.0	254	4.236	[ 0.33333333 42.33333333]	0	0	
376	6.265	0.017	0	2.0	255	4.253	[ 0.5 42.5]	0	0	
377	6.284	0.019	0	2.0	256	4.272	[ 0.66666667 42.66666667]	0	0	
378	6.297	0.013	0	2.0	257	4.285	[ 0.83333333 42.83333333]	0	0	
379	6.315	0.018	0	2.0	258	4.303	[ 1. 43.]	0	0	
380	6.332	0.017	0	2.0	259	4.32	[ 1.16666667 43.16666667]	0	0	
381	6.348	0.016	0	2.0	260	4.336	[ 1.33333333 43.33333333]	0	0	
382	6.365	0.017	0	2.0	261	4.353	[ 1.5 43.5]	0	0	
383	6.384	0.019	0	2.0	262	4.372	[ 1.66666667 43.66666667]	0	0	
384	6.398	0.014	0	2.0	263	4.386	[ 1.83333333 43.83333333]	0	0	
385	6.415	0.017	0	2.0	264	4.403	[ 2. 44.]	0	0	
386	6.432	0.017	0	2.0	265	4.42	[ 2.16666667 44.16666667]	0	0	
387	6.448	0.017	0	2.0	266	4.436	[ 2.33333333 44.33333333]	0	0	
388	6.465	0.017	0	2.0	267	4.453	[ 2.5 44.5]	0	0	
389	6.483	0.018	0	2.0	268	4.471	[ 2.66666667 44.66666667]	0	0	
390	6.498	0.014	0	2.0	269	4.486	[ 2.83333333 44.83333333]	0	0	
391	6.515	0.017	0	2.0	270	4.503	[ 3. 45.]	0	0	
392	6.532	0.017	0	2.0	271	4.52	[ 3.16666667 45.16666667]	0	0	
393	6.548	0.017	0	2.0	272	4.536	[ 3.33333333 45.33333333]	0	0	
394	6.565	0.017	0	2.0	273	4.553	[ 3.5 45.5]	0	0	
395	6.582	0.017	0	2.0	274	4.57	[ 3.66666667 45.66666667]	0	0	
396	6.6	0.019	0	2.0	275	4.589	[ 3.83333333 45.83333333]	0	0	
397	6.615	0.014	0	2.0	276	4.603	[ 4. 46.]	0	0	
398	6.632	0.017	0	2.0	277	4.62	[ 4.16666667 46.16666667]	0	0	
399	6.648	0.017	0	2.0	278	4.636	[ 4.33333333 46.33333333]	0	0	
400	6.665	0.017	0	2.0	279	4.653	[ 4.5 46.5]	0	0	
401	6.682	0.017	0	2.0	280	4.67	[ 4.66666667 46.66666667]	0	0	
402	6.7	0.018	0	2.0	281	4.688	[ 4.83333333 46.83333333]	0	0	
403	6.714	0.014	0	2.0	282	4.702	[ 5. 47.]	0	0	
404	6.732	0.018	0	2.0	283	4.72	[ 5.16666667 47.16666667]	0	0	
405	6.748	0.017	0	2.0	284	4.737	[ 5.33333333 47.33333333]	0	0	
406	6.765	0.017	0	2.0	285	4.753	[ 5.5 47.5]	0	0	
407	6.782	0.017	0	2.0	286	4.77	[ 5.66666667 47.66666667]	0	0	
408	6.801	0.019	0	2.0	287	4.789	[ 5.83333333 47.83333333]	0	0	
409	6.814	0.014	0	2.0	288	4.802	[ 6. 48.]	0	0	
410	6.832	0.017	0	2.0	289	4.82	[ 6.16666667 48.16666667]	0	0	
411	6.848	0.017	0	2.0	290	4.837	[ 6.33333333 48.33333333]	0	0	
412	6.864	0.016	0	2.0	291	4.853	[ 6.5 48.5]	0	0	
413	6.882	0.017	0	2.0	292	4.87	[ 6.66666667 48.66666667]	0	0	
414	6.9	0.018	0	2.0	293	4.888	[ 6.83333333 48.83333333]	0	0	
415	6.914	0.014	0	2.0	294	4.903	[ 7. 49.]	0	0	
416	6.932	0.017	0	2.0	295	4.92	[ 7.16666667 49.16666667]	0	0	
417	6.948	0.017	0	2.0	296	4.937	[ 7.33333333 49.33333333]	0	0	
418	6.965	0.016	0	2.0	297	4.953	[ 7.5 49.5]	0	0	
419	6.982	0.017	0	2.0	298	4.97	[ 7.66666667 49.66666667]	0	0	
420	7.0	0.018	0	2.0	299	4.988	[ 7.83333333 49.83333333]	0	0	
421	7.014	0.014	0	2.0	300	5.003	[ 8. 50.]	0	0	
422	7.032	0.017	0	2.0	301	5.02	[ 8.16666667 50.16666667]	0	0	
423	7.049	0.017	0	2.0	302	5.037	[ 8.33333333 50.33333333]	0	0	
424	7.065	0.017	0	2.0	303	5.053	[ 8.5 50.5]	0	0	
425	7.082	0.017	0	2.0	304	5.07	[ 8.66666667 50.66666667]	0	0	
426	7.101	0.019	0	2.0	305	5.089	[ 8.83333333 50.83333333]	0	0	
427	7.114	0.013	0	2.0	306	5.102	[ 9. 51.]	0	0	
428	7.132	0.018	0	2.0	307	5.12	[ 9.16666667 51.16666667]	0	0	
429	7.148	0.017	0	2.0	308	5.137	[ 9.33333333 51.33333333]	0	0	
430	7.165	0.017	0	2.0	309	5.153	[ 9.5 51.5]	0	0	
431	7.182	0.017	0	2.0	310	5.17	[ 9.66666667 51.66666667]	0	0	
432	7.199	0.017	0	2.0	311	5.187	[ 9.83333333 51.83333333]	0	0	
433	7.217	0.018	0	2.0	312	5.205	[10. 52.]	0	0	
434	7.231	0.014	0	2.0	313	5.219	[10.16666667 52.16666667]	0	0	
435	7.249	0.018	0	2.0	314	5.237	[10.33333333 52.33333333]	0	0	
436	7.265	0.016	0	2.0	315	5.253	[10.5 52.5]	0	0	
437	7.282	0.017	0	2.0	316	5.27	[10.66666667 52.66666667]	0	0	
438	7.299	0.017	0	2.0	317	5.287	[10.83333333 52.83333333]	0	0	
439	7.317	0.018	0	2.0	318	5.305	[11. 53.]	0	0	
440	7.331	0.014	0	2.0	319	5.319	[11.16666667 53.16666667]	0	0	
441	7.349	0.018	0	2.0	320	5.337	[11.33333333 53.33333333]	0	0	
442	7.365	0.017	0	2.0	321	5.354	[11.5 53.5]	0	0	
443	7.382	0.017	0	2.0	322	5.37	[11.66666667 53.66666667]	0	0	
444	7.399	0.017	0	2.0	323	5.387	[11.83333333 53.83333333]	0	0	
445	7.417	0.018	0	2.0	324	5.405	[12. 54.]	0	0	
446	7.431	0.015	0	2.0	325	5.42	[12.16666667 54.16666667]	0	0	
447	7.449	0.017	0	2.0	326	5.437	[12.33333333 54.33333333]	0	0	
448	7.465	0.017	0	2.0	327	5.454	[12.5 54.5]	0	0	
449	7.482	0.016	0	2.0	328	5.47	[12.66666667 54.66666667]	0	0	
450	7.499	0.017	0	2.0	329	5.487	[12.83333333 54.83333333]	0	0	
451	7.518	0.019	0	2.0	330	5.506	[13. 55.]	0	0	
452	7.531	0.013	0	2.0	331	5.519	[13.16666667 55.16666667]	0	0	
453	7.549	0.018	0	2.0	332	5.537	[13.33333333 55.33333333]	0	0	
454	7.565	0.017	0	2.0	333	5.554	[13.5 55.5]	0	0	
455	7.582	0.016	0	2.0	334	5.57	[13.66666667 55.66666667]	0	0	
456	7.599	0.017	0	2.0	335	5.587	[13.83333333 55.83333333]	0	0	
457	7.618	0.019	0	2.0	336	5.606	[14. 56.]	0	0	
458	7.631	0.014	0	2.0	337	5.619	[14.16666667 56.16666667]	0	0	
459	7.649	0.018	0	2.0	338	5.637	[14.33333333 56.33333333]	0	0	
460	7.666	0.017	0	2.0	339	5.654	[14.5 56.5]	0	0	
461	7.682	0.016	0	2.0	340	5.67	[14.66666667 56.66666667]	0	0	
462	7.699	0.017	0	2.0	341	5.687	[14.83333333 56.83333333]	0	0	
463	7.715	0.017	0	2.0	342	5.704	[15. 57.]	0	0	
464	7.734	0.018	0	2.0	343	5.722	[15.16666667 57.16666667]	0	0	
465	7.748	0.015	0	2.0	344	5.736	[15.33333333 57.33333333]	0	0	
466	7.766	0.017	0	2.0	345	5.754	[15.5 57.5]	0	0	
467	7.782	0.016	0	2.0	346	5.77	[15.66666667 57.66666667]	0	0	
468	7.798	0.016	0	2.0	347	5.786	[15.83333333 57.83333333]	0	0	
469	7.816	0.017	0	2.0	348	5.804	[16. 58.]	0	0	
470	7.833	0.017	0	2.0	349	5.821	[16.16666667 58.16666667]	0	0	
471	7.848	0.016	0	2.0	350	5.837	[16.33333333 58.33333333]	0	0	
472	7.865	0.017	0	2.0	351	5.853	[16.5 58.5]	0	0	
473	7.882	0.017	0	2.0	352	5.87	[16.66666667 58.66666667]	0	0	
474	7.899	0.017	0	2.0	353	5.887	[16.83333333 58.83333333]	0	0	
475	7.916	0.017	0	2.0	354	5.904	[17. 59.]	0	0	
476	7.932	0.017	0	2.0	355	5.921	[17.16666667 59.16666667]	0	0	
477	7.948	0.016	0	2.0	356	5.936	[17.33333333 59.33333333]	0	0	
478	7.966	0.018	0	2.0	357	5.954	[17.5 59.5]	0	0	
479	7.982	0.016	0	2.0	358	5.97	[17.66666667 59.66666667]	0	0	
480	7.999	0.017	0	2.0	359	5.987	[17.83333333 59.83333333]	0	0	
481	8.015	0.017	0	2.0	360	6.004	[18. 60.]	0	0	
482	8.034	0.019	0	2.0	361	6.022	[18.16666667 60.16666667]	0	0	
483	8.048	0.013	0	2.0	362	6.036	[18.33333333 60.33333333]	0	0	
484	8.065	0.018	0	2.0	363	6.053	[18.5 60.5]	0	0	
485	8.083	0.017	0	2.0	364	6.071	[18.66666667 60.66666667]	0	0	
486	8.098	0.016	0	2.0	365	6.086	[18.83333333 60.83333333]	0	0	
487	8.116	0.017	0	2.0	366	6.104	[19. 61.]	0	0	
488	8.134	0.019	0	2.0	367	6.122	[19.16666667 61.16666667]	0	0	
489	8.148	0.014	0	2.0	368	6.136	[19.33333333 61.33333333]	0	0	
490	8.166	0.018	0	2.0	369	6.154	[19.5 61.5]	0	0	
491	8.182	0.016	0	2.0	370	6.17	[19.66666667 61.66666667]	0	0	
492	8.199	0.017	0	2.0	371	6.187	[19.83333333 61.83333333]	0	0	
493	8.216	0.017	0	2.0	372	6.204	[20. 62.]	0	0	
494	8.232	0.017	0	2.0	373	6.221	[20.16666667 62.16666667]	0	0	
495	8.251	0.018	0	2.0	374	6.239	[20.33333333 62.33333333]	0	0	
496	8.265	0.014	0	2.0	375	6.253	[20.5 62.5]	0	0	
497	8.282	0.017	0	2.0	376	6.27	[20.66666667 62.66666667]	0	0	
498	8.299	0.017	0	2.0	377	6.287	[20.83333333 62.83333333]	0	0	
499	8.315	0.017	0	2.0	378	6.304	[21. 63.]	0	0	
500	8.332	0.017	0	2.0	379	6.32	[21.16666667 63.16666667]	0	0	
501	8.351	0.019	0	2.0	380	6.339	[21.33333333 63.33333333]	0	0	
502	8.365	0.014	0	2.0	381	6.353	[21.5 63.5]	0	0	
503	8.383	0.018	0	2.0	382	6.371	[21.66666667 63.66666667]	0	0	
504	8.398	0.016	0	2.0	383	6.387	[21.83333333 63.83333333]	0	0	
505	8.416	0.017	0	2.0	384	6.404	[22. 64.]	0	0	
506	8.432	0.016	0	2.0	385	6.42	[22.16666667 64.16666667]	0	0	
507	8.451	0.019	0	2.0	386	6.439	[22.33333333 64.33333333]	0	0	
508	8.465	0.014	0	2.0	387	6.453	[22.5 64.5]	0	0	
509	8.482	0.017	0	2.0	388	6.47	[22.66666667 64.66666667]	0	0	
510	8.498	0.016	0	2.0	389	6.486	[22.83333333 64.83333333]	0	0	
511	8.516	0.017	0	2.0	390	6.504	[23. 65.]	0	0	
512	8.532	0.017	0	2.0	391	6.521	[23.16666667 65.16666667]	0	0	
513	8.55	0.018	0	2.0	392	6.539	[23.33333333 65.33333333]	0	0	
514	8.565	0.014	0	2.0	393	6.553	[23.5 65.5]	0	0	
515	8.582	0.017	0	2.0	394	6.57	[23.66666667 65.66666667]	0	0	
516	8.599	0.017	0	2.0	395	6.587	[23.83333333 65.83333333]	0	0	
517	8.616	0.017	0	2.0	396	6.604	[24. 66.]	0	0	
518	8.633	0.017	0	2.0	397	6.621	[24.16666667 66.16666667]	0	0	
519	8.651	0.018	0	2.0	398	6.639	[24.33333333 66.33333333]	0	0	
520	8.665	0.014	0	2.0	399	6.653	[24.5 66.5]	0	0	
521	8.682	0.017	0	2.0	400	6.67	[24.66666667 66.66666667]	0	0	
522	8.699	0.017	0	2.0	401	6.687	[24.83333333 66.83333333]	0	0	
523	8.716	0.017	0	2.0	402	6.704	[25. 67.]	0	0	
524	8.732	0.016	0	2.0	403	6.72	[25.16666667 67.16666667]	0	0	
525	8.753	0.021	0	2.0	404	6.741	[25.33333333 67.33333333]	0	0	
526	8.765	0.012	0	2.0	405	6.753	[25.5 67.5]	0	0	
527	8.783	0.018	0	2.0	406	6.771	[25.66666667 67.66666667]	0	0	
528	8.798	0.016	0	2.0	407	6.787	[25.83333333 67.83333333]	0	0	
529	8.816	0.017	0	2.0	408	6.804	[26. 68.]	0	0	
530	8.832	0.017	0	2.0	409	6.821	[26.16666667 68.16666667]	0	0	
531	8.849	0.016	0	2.0	410	6.837	[26.33333333 68.33333333]	0	0	
532	8.868	0.019	0	2.0	411	6.856	[26.5 68.5]	0	0	
533	8.882	0.014	0	2.0	412	6.87	[26.66666667 68.66666667]	0	0	
534	8.899	0.018	0	2.0	413	6.887	[26.83333333 68.83333333]	0	0	
535	8.916	0.017	0	2.0	414	6.904	[27. 69.]	0	0	
536	8.932	0.017	0	2.0	415	6.921	[27.16666667 69.16666667]	0	0	
537	8.949	0.017	0	2.0	416	6.937	[27.33333333 69.33333333]	0	0	
538	8.968	0.019	0	2.0	417	6.956	[27.5 69.5]	0	0	
539	8.982	0.014	0	2.0	418	6.97	[27.66666667 69.66666667]	0	0	
540	8.999	0.017	0	2.0	419	6.987	[27.83333333 69.83333333]	0	0	
541	9.016	0.017	0	2.0	420	7.004	[28. 70.]	0	0	
542	9.032	0.017	0	2.0	421	7.021	[28.16666667 70.16666667]	0	0	
543	9.049	0.017	0	2.0	422	7.037	[28.33333333 70.33333333]	0	0	
544	9.068	0.019	0	2.0	423	7.056	[28.5 70.5]	0	0	
545	9.082	0.014	0	2.0	424	7.07	[28.66666667 70.66666667]	0	0	
546	9.099	0.018	0	2.0	425	7.087	[28.83333333 70.83333333]	0	0	
547	9.116	0.017	0	2.0	426	7.104	[29. 71.]	0	0	
548	9.133	0.017	0	2.0	427	7.121	[29.16666667 71.16666667]	0	0	
549	9.149	0.017	0	2.0	428	7.137	[29.33333333 71.33333333]	0	0	
550	9.168	0.018	0	2.0	429	7.156	[29.5 71.5]	0	0	
551	9.182	0.014	0	2.0	430	7.17	[29.66666667 71.66666667]	0	0	
552	9.199	0.017	0	2.0	431	7.187	[29.83333333 71.83333333]	0	0	
553	9.216	0.017	0	2.0	432	7.204	[30. 72.]	0	0	
554	9.233	0.017	0	2.0	433	7.221	[30.16666667 72.16666667]	0	0	
555	9.249	0.017	0	2.0	434	7.237	[30.33333333 72.33333333]	0	0	
556	9.268	0.018	0	2.0	435	7.256	[30.5 72.5]	0	0	
557	9.282	0.014	0	2.0	436	7.27	[30.66666667 72.66666667]	0	0	
558	9.299	0.018	0	2.0	437	7.287	[30.83333333 72.83333333]	0	0	
559	9.316	0.017	0	2.0	438	7.304	[31. 73.]	0	0	
560	9.333	0.017	0	2.0	439	7.321	[31.16666667 73.16666667]	0	0	
561	9.349	0.016	0	2.0	440	7.337	[31.33333333 73.33333333]	0	0	
562	9.37	0.021	0	2.0	441	7.358	[31.5 73.5]	0	0	
563	9.381	0.011	0	2.0	442	7.37	[31.66666667 73.66666667]	0	0	
564	9.399	0.018	0	2.0	443	7.387	[31.83333333 73.83333333]	0	0	
565	9.416	0.017	0	2.0	444	7.404	[32. 74.]	0	0	
566	9.432	0.016	0	2.0	445	7.42	[32.16666667 74.16666667]	0	0	
567	9.449	0.017	0	2.0	446	7.437	[32.33333333 74.33333333]	0	0	
568	9.466	0.017	0	2.0	447	7.454	[32.5 74.5]	0	0	
569	9.485	0.019	0	2.0	448	7.473	[32.66666667 74.66666667]	0	0	
570	9.498	0.013	0	2.0	449	7.486	[32.83333333 74.83333333]	0	0	
571	9.516	0.018	0	2.0	450	7.504	[33. 75.]	0	0	
572	9.533	0.017	0	2.0	451	7.521	[33.16666667 75.16666667]	0	0	
573	9.549	0.016	0	2.0	452	7.537	[33.33333333 75.33333333]	0	0	
574	9.566	0.017	0	2.0	453	7.554	[33.5 75.5]	0	0	
575	9.585	0.019	0	2.0	454	7.573	[33.66666667 75.66666667]	0	0	
576	9.598	0.013	0	2.0	455	7.587	[33.83333333 75.83333333]	0	0	
577	9.616	0.018	0	2.0	456	7.604	[34. 76.]	0	0	
578	9.633	0.017	0	2.0	457	7.621	[34.16666667 76.16666667]	0	0	
579	9.649	0.017	0	2.0	458	7.638	[34.33333333 76.33333333]	0	0	
580	9.666	0.016	0	2.0	459	7.654	[34.5 76.5]	0	0	
581	9.685	0.019	0	2.0	460	7.673	[34.66666667 76.66666667]	0	0	
582	9.699	0.014	0	2.0	461	7.687	[34.83333333 76.83333333]	0	0	
583	9.716	0.017	0	2.0	462	7.704	[35. 77.]	0	0	
584	9.733	0.017	0	2.0	463	7.721	[35.16666667 77.16666667]	0	0	
585	9.749	0.017	0	2.0	464	7.738	[35.33333333 77.33333333]	0	0	
586	9.766	0.017	0	2.0	465	7.754	[35.5 77.5]	0	0	
587	9.785	0.019	0	2.0	466	7.773	[35.66666667 77.66666667]	0	0	
588	9.798	0.013	0	2.0	467	7.787	[35.83333333 77.83333333]	0	0	
589	9.816	0.018	0	2.0	468	7.804	[36. 78.]	0	0	
590	9.833	0.017	0	2.0	469	7.821	[36.16666667 78.16666667]	0	0	
591	9.849	0.017	0	2.0	470	7.838	[36.33333333 78.33333333]	0	0	
592	9.866	0.017	0	2.0	471	7.854	[36.5 78.5]	0	0	
593	9.885	0.019	0	2.0	472	7.873	[36.66666667 78.66666667]	0	0	
594	9.899	0.014	0	2.0	473	7.887	[36.83333333 78.83333333]	0	0	
595	9.916	0.018	0	2.0	474	7.904	[37. 79.]	0	0	
596	9.933	0.017	0	2.0	475	7.921	[37.16666667 79.16666667]	0	0	
597	9.949	0.017	0	2.0	476	7.938	[37.33333333 79.33333333]	0	0	
598	9.966	0.017	0	2.0	477	7.954	[37.5 79.5]	0	0	
599	9.987	0.021	0	2.0	478	7.975	[37.66666667 79.66666667]	0	0	
600	9.999	0.012	0	2.0	479	7.987	[37.83333333 79.83333333]	0	0	
601	10.017	0.018	0	2.0	480	8.005	[38. 80.]	0	0	
602	10.032	0.016	0	2.0	481	8.02	[38.16666667 80.16666667]	0	0	
603	10.05	0.017	0	2.0	482	8.038	[38.33333333 80.33333333]	0	0	
604	10.066	0.016	0	2.0	483	8.054	[38.5 80.5]	0	0	
605	10.083	0.017	0	2.0	484	8.071	[38.66666667 80.66666667]	0	0	
606	10.102	0.019	0	2.0	485	8.09	[38.83333333 80.83333333]	0	0	
607	10.116	0.014	0	2.0	486	8.104	[39. 81.]	0	0	
608	10.133	0.017	0	2.0	487	8.121	[39.16666667 81.16666667]	0	0	
609	10.15	0.016	0	2.0	488	8.138	[39.33333333 81.33333333]	0	0	
610	10.167	0.017	0	2.0	489	8.155	[39.5 81.5]	0	0	
611	10.182	0.016	0	2.0	490	8.17	[39.66666667 81.66666667]	0	0	
612	10.202	0.019	0	2.0	491	8.19	[39.83333333 81.83333333]	0	0	
613	10.216	0.014	0	2.0	492	8.204	[40. 82.]	0	0	
614	10.233	0.017	0	2.0	493	8.221	[40.16666667 82.16666667]	0	0	
615	10.25	0.016	0	2.0	494	8.238	[40.33333333 82.33333333]	0	0	
616	10.267	0.017	0	2.0	495	8.255	[40.5 82.5]	0	0	
617	10.282	0.016	0	2.0	496	8.271	[40.66666667 82.66666667]	0	0	
618	10.302	0.019	0	2.0	497	8.29	[40.83333333 82.83333333]	0	0	
619	10.315	0.014	0	2.0	498	8.304	[41. 83.]	0	0	
620	10.333	0.018	0	2.0	499	8.321	[41.16666667 83.16666667]	0	0	
621	10.35	0.016	0	2.0	500	8.338	[41.33333333 83.33333333]	0	0	
622	10.366	0.017	0	2.0	501	8.354	[41.5 83.5]	0	0	
623	10.383	0.017	0	2.0	502	8.371	[41.66666667 83.66666667]	0	0	
624	10.401	0.018	0	2.0	503	8.39	[41.83333333 83.83333333]	0	0	
625	10.416	0.014	0	2.0	504	8.404	[42. 84.]	0	0	
626	10.433	0.018	0	2.0	505	8.421	[42.16666667 84.16666667]	0	0	
627	10.45	0.016	0	2.0	506	8.438	[42.33333333 84.33333333]	0	0	
628	10.467	0.017	0	2.0	507	8.455	[42.5 84.5]	0	0	
629	10.482	0.016	0	2.0	508	8.47	[42.66666667 84.66666667]	0	0	
630	10.502	0.02	0	2.0	509	8.49	[42.83333333 84.83333333]	0	0	
631	10.516	0.014	0	2.0	510	8.504	[43. 85.]	0	0	
632	10.533	0.018	0	2.0	511	8.521	[43.16666667 85.16666667]	0	0	
633	10.55	0.016	0	2.0	512	8.538	[43.33333333 85.33333333]	0	0	
634	10.567	0.017	0	2.0	513	8.555	[43.5 85.5]	0	0	
635	10.583	0.017	0	2.0	514	8.571	[43.66666667 85.66666667]	0	0	
636	10.603	0.02	0	2.0	515	8.591	[43.83333333 85.83333333]	0	0	
637	10.615	0.013	0	2.0	516	8.604	[44. 86.]	0	0	
638	10.633	0.018	0	2.0	517	8.621	[44.16666667 86.16666667]	0	0	
639	10.65	0.017	0	2.0	518	8.638	[44.33333333 86.33333333]	0	0	
640	10.666	0.017	0	2.0	519	8.655	[44.5 86.5]	0	0	
641	10.683	0.017	0	2.0	520	8.671	[44.66666667 86.66666667]	0	0	
642	10.7	0.017	0	2.0	521	8.688	[44.83333333 86.83333333]	0	0	
643	10.718	0.019	0	2.0	522	8.707	[45. 87.]	0	0	
644	10.732	0.014	0	2.0	523	8.72	[45.16666667 87.16666667]	0	0	
645	10.75	0.018	0	2.0	524	8.738	[45.33333333 87.33333333]	0	0	
646	10.766	0.016	0	2.0	525	8.755	[45.5 87.5]	0	0	
647	10.783	0.017	0	2.0	526	8.772	[45.66666667 87.66666667]	0	0	
648	10.799	0.016	0	2.0	527	8.787	[45.83333333 87.83333333]	0	0	
649	10.818	0.019	0	2.0	528	8.806	[46. 88.]	0	0	
650	10.833	0.014	0	2.0	529	8.821	[46.16666667 88.16666667]	0	0	
651	10.85	0.017	0	2.0	530	8.838	[46.33333333 88.33333333]	0	0	
652	10.866	0.017	0	2.0	531	8.855	[46.5 88.5]	0	0	
653	10.883	0.017	0	2.0	532	8.871	[46.66666667 88.66666667]	0	0	
654	10.9	0.017	0	2.0	533	8.888	[46.83333333 88.83333333]	0	0	
655	10.919	0.019	0	2.0	534	8.907	[47. 89.]	0	0	
656	10.933	0.014	0	2.0	535	8.921	[47.16666667 89.16666667]	0	0	
657	10.95	0.018	0	2.0	536	8.938	[47.33333333 89.33333333]	0	0	
658	10.966	0.016	0	2.0	537	8.954	[47.5 89.5]	0	0	
659	10.983	0.017	0	2.0	538	8.971	[47.66666667 89.66666667]	0	0	
660	11.0	0.017	0	2.0	539	8.988	[47.83333333 89.83333333]	0	0	
661	11.018	0.018	0	2.0	540	9.006	[48. 90.]	0	0	
662	11.034	0.016	0	2.0	541	9.023	[48.16666667 90.16666667]	0	0	
663	11.052	0.017	0	2.0	542	9.04	[48.33333333 90.33333333]	0	0	
664	11.068	0.016	0	2.0	543	9.056	[48.5 90.5]	0	0	
665	11.085	0.017	0	2.0	544	9.073	[48.66666667 90.66666667]	0	0	
666	11.102	0.017	0	2.0	545	9.09	[48.83333333 90.83333333]	0	0	
667	11.119	0.017	0	2.0	546	9.107	[49. 91.]	0	0	
668	11.134	0.015	0	2.0	547	9.122	[49.16666667 91.16666667]	0	0	
669	11.152	0.017	0	2.0	548	9.14	[49.33333333 91.33333333]	0	0	
670	11.168	0.017	0	2.0	549	9.156	[49.5 91.5]	0	0	
671	11.185	0.017	0	2.0	550	9.173	[49.66666667 91.66666667]	0	0	
672	11.201	0.017	0	2.0	551	9.19	[49.83333333 91.83333333]	0	0	
673	11.22	0.018	0	2.0	552	9.208	[50. 92.]	0	0	
674	11.234	0.014	0	2.0	553	9.222	[50.16666667 92.16666667]	0	0	
675	11.252	0.018	0	2.0	554	9.24	[50.33333333 92.33333333]	0	0	
676	11.269	0.017	0	2.0	555	9.257	[50.5 92.5]	0	0	
677	11.284	0.016	0	2.0	556	9.273	[50.66666667 92.66666667]	0	0	
678	11.302	0.017	0	2.0	557	9.29	[50.83333333 92.83333333]	0	0	
679	11.322	0.021	0	2.0	558	9.311	[51. 93.]	0	0	
680	11.334	0.012	0	2.0	559	9.322	[51.16666667 93.16666667]	0	0	
681	11.352	0.018	0	2.0	560	9.34	[51.33333333 93.33333333]	0	0	
682	11.368	0.016	0	2.0	561	9.356	[51.5 93.5]	0	0	
683	11.385	0.017	0	2.0	562	9.373	[51.66666667 93.66666667]	0	0	
684	11.402	0.017	0	2.0	563	9.39	[51.83333333 93.83333333]	0	0	
685	11.418	0.016	0	2.0	564	9.406	[52. 94.]	0	0	
686	11.437	0.019	0	2.0	565	9.425	[52.16666667 94.16666667]	0	0	
687	11.451	0.014	0	2.0	566	9.439	[52.33333333 94.33333333]	0	0	
688	11.469	0.018	0	2.0	567	9.457	[52.5 94.5]	0	0	
689	11.484	0.016	0	2.0	568	9.473	[52.66666667 94.66666667]	0	0	
690	11.502	0.017	0	2.0	569	9.49	[52.83333333 94.83333333]	0	0	
691	11.518	0.017	0	2.0	570	9.507	[53. 95.]	0	0	
692	11.537	0.019	0	2.0	571	9.525	[53.16666667 95.16666667]	0	0	
693	11.551	0.014	0	2.0	572	9.539	[53.33333333 95.33333333]	0	0	
694	11.568	0.017	0	2.0	573	9.556	[53.5 95.5]	0	0	
695	11.585	0.017	0	2.0	574	9.573	[53.66666667 95.66666667]	0	0	
696	11.602	0.017	0	2.0	575	9.59	[53.83333333 95.83333333]	0	0	
697	11.618	0.016	0	2.0	576	9.606	[54. 96.]	0	0	
698	11.637	0.019	0	2.0	577	9.625	[54.16666667 96.16666667]	0	0	
699	11.651	0.014	0	2.0	578	9.639	[54.33333333 96.33333333]	0	0	
700	11.669	0.018	0	2.0	579	9.657	[54.5 96.5]	0	0	
701	11.685	0.016	0	2.0	580	9.673	[54.66666667 96.66666667]	0	0	
702	11.702	0.017	0	2.0	581	9.69	[54.83333333 96.83333333]	0	0	
703	11.718	0.017	0	2.0	582	9.707	[55. 97.]	0	0	
704	11.737	0.019	0	2.0	583	9.726	[55.16666667 97.16666667]	0	0	
705	11.751	0.014	0	2.0	584	9.739	[55.33333333 97.33333333]	0	0	
706	11.769	0.018	0	2.0	585	9.757	[55.5 97.5]	0	0	
707	11.785	0.016	0	2.0	586	9.773	[55.66666667 97.66666667]	0	0	
708	11.802	0.017	0	2.0	587	9.79	[55.83333333 97.83333333]	0	0	
709	11.819	0.017	0	2.0	588	9.807	[56. 98.]	0	0	
710	11.838	0.019	0	2.0	589	9.826	[56.16666667 98.16666667]	0	0	
711	11.851	0.013	0	2.0	590	9.839	[56.33333333 98.33333333]	0	0	
712	11.869	0.018	0	2.0	591	9.857	[56.5 98.5]	0	0	
713	11.884	0.016	0	2.0	592	9.873	[56.66666667 98.66666667]	0	0	
714	11.902	0.018	0	2.0	593	9.89	[56.83333333 98.83333333]	0	0	
715	11.919	0.017	0	2.0	594	9.907	[57. 99.]	0	0	
716	11.935	0.017	0	2.0	595	9.923	[57.16666667 99.16666667]	0	0	
717	11.954	0.019	0	2.0	596	9.942	[57.33333333 99.33333333]	0	0	
718	11.968	0.013	0	2.0	597	9.956	[57.5 99.5]	0	0	
719	11.985	0.018	0	2.0	598	9.973	[57.66666667 99.66666667]	0	0	
720	12.002	0.017	0	2.0	599	9.99	[57.83333333 99.83333333]	0	0	
721	12.019	0.017	0	2.0	600	10.007	[57.83333333 99.83333333]	0	0	
