sample_num	sample_time	sampling_interval	imaging_frame	frame_time	stimulus_epoch	stim_frame	epoch_time	stim_info1	stim_info2	stim_info3	
1	0.015	0.014	0	1.0	1	0.015	[0. 0.]	0	0	
2	0.03	0.016	0	1.0	2	0.03	[0. 0.]	0	0	
3	0.047	0.016	0	1.0	3	0.047	[0. 0.]	0	0	
4	0.064	0.017	0	1.0	4	0.064	[0. 0.]	0	0	
5	0.08	0.016	0	1.0	5	0.08	[0. 0.]	0	0	
6	0.097	0.017	0	1.0	6	0.097	[0. 0.]	0	0	
7	0.113	0.017	0	1.0	7	0.113	[0. 0.]	0	0	
8	0.13	0.017	0	1.0	8	0.13	[0. 0.]	0	0	
9	0.147	0.016	0	1.0	9	0.147	[0. 0.]	0	0	
10	0.164	0.017	0	1.0	10	0.164	[0. 0.]	0	0	
11	0.181	0.017	0	1.0	11	0.181	[0. 0.]	0	0	
12	0.197	0.016	0	1.0	12	0.197	[0. 0.]	0	0	
13	0.213	0.017	0	1.0	13	0.213	[0. 0.]	0	0	
14	0.23	0.017	0	1.0	14	0.23	[0. 0.]	0	0	
15	0.247	0.017	0	1.0	15	0.247	[0. 0.]	0	0	
16	0.264	0.017	0	1.0	16	0.264	[0. 0.]	0	0	
17	0.28	0.017	0	1.0	17	0.28	[0. 0.]	0	0	
18	0.297	0.017	0	1.0	18	0.297	[0. 0.]	0	0	
19	0.314	0.017	0	1.0	19	0.314	[0. 0.]	0	0	
20	0.33	0.017	0	1.0	20	0.33	[0. 0.]	0	0	
21	0.347	0.016	0	1.0	21	0.347	[0. 0.]	0	0	
22	0.364	0.017	0	1.0	22	0.364	[0. 0.]	0	0	
23	0.38	0.016	0	1.0	23	0.38	[0. 0.]	0	0	
24	0.397	0.017	0	1.0	24	0.397	[0. 0.]	0	0	
25	0.414	0.017	0	1.0	25	0.414	[0. 0.]	0	0	
26	0.43	0.017	0	1.0	26	0.43	[0. 0.]	0	0	
27	0.447	0.017	0	1.0	27	0.447	[0. 0.]	0	0	
28	0.463	0.017	0	1.0	28	0.463	[0. 0.]	0	0	
29	0.48	0.017	0	1.0	29	0.48	[0. 0.]	0	0	
30	0.497	0.017	0	1.0	30	0.497	[0. 0.]	0	0	
31	0.514	0.017	0	1.0	31	0.514	[0. 0.]	0	0	
32	0.531	0.017	0	1.0	32	0.531	[0. 0.]	0	0	
33	0.547	0.017	0	1.0	33	0.547	[0. 0.]	0	0	
34	0.564	0.017	0	1.0	34	0.564	[0. 0.]	0	0	
35	0.58	0.017	0	1.0	35	0.58	[0. 0.]	0	0	
36	0.597	0.017	0	1.0	36	0.597	[0. 0.]	0	0	
37	0.614	0.016	0	1.0	37	0.614	[0. 0.]	0	0	
38	0.63	0.017	0	1.0	38	0.63	[0. 0.]	0	0	
39	0.647	0.016	0	1.0	39	0.647	[0. 0.]	0	0	
40	0.665	0.018	0	1.0	40	0.665	[0. 0.]	0	0	
41	0.68	0.016	0	1.0	41	0.68	[0. 0.]	0	0	
42	0.697	0.017	0	1.0	42	0.697	[0. 0.]	0	0	
43	0.714	0.017	0	1.0	43	0.714	[0. 0.]	0	0	
44	0.73	0.016	0	1.0	44	0.73	[0. 0.]	0	0	
45	0.747	0.017	0	1.0	45	0.747	[0. 0.]	0	0	
46	0.764	0.017	0	1.0	46	0.764	[0. 0.]	0	0	
47	0.78	0.017	0	1.0	47	0.78	[0. 0.]	0	0	
48	0.797	0.017	0	1.0	48	0.797	[0. 0.]	0	0	
49	0.814	0.017	0	1.0	49	0.814	[0. 0.]	0	0	
50	0.83	0.017	0	1.0	50	0.83	[0. 0.]	0	0	
51	0.847	0.017	0	1.0	51	0.847	[0. 0.]	0	0	
52	0.864	0.017	0	1.0	52	0.864	[0. 0.]	0	0	
53	0.88	0.016	0	1.0	53	0.88	[0. 0.]	0	0	
54	0.897	0.017	0	1.0	54	0.897	[0. 0.]	0	0	
55	0.914	0.017	0	1.0	55	0.914	[0. 0.]	0	0	
56	0.93	0.017	0	1.0	56	0.93	[0. 0.]	0	0	
57	0.947	0.017	0	1.0	57	0.947	[0. 0.]	0	0	
58	0.964	0.017	0	1.0	58	0.964	[0. 0.]	0	0	
59	0.98	0.017	0	1.0	59	0.98	[0. 0.]	0	0	
60	0.997	0.017	0	1.0	60	0.997	[0. 0.]	0	0	
61	1.014	0.017	0	1.0	61	1.014	[0. 0.]	0	0	
62	1.031	0.017	0	1.0	62	1.031	[0. 0.]	0	0	
63	1.047	0.016	0	1.0	63	1.047	[0. 0.]	0	0	
64	1.065	0.018	0	1.0	64	1.065	[0. 0.]	0	0	
65	1.08	0.016	0	1.0	65	1.08	[0. 0.]	0	0	
66	1.097	0.017	0	1.0	66	1.097	[0. 0.]	0	0	
67	1.114	0.017	0	1.0	67	1.114	[0. 0.]	0	0	
68	1.131	0.017	0	1.0	68	1.131	[0. 0.]	0	0	
69	1.147	0.017	0	1.0	69	1.147	[0. 0.]	0	0	
70	1.164	0.017	0	1.0	70	1.164	[0. 0.]	0	0	
71	1.181	0.017	0	1.0	71	1.181	[0. 0.]	0	0	
72	1.197	0.017	0	1.0	72	1.197	[0. 0.]	0	0	
73	1.214	0.017	0	1.0	73	1.214	[0. 0.]	0	0	
74	1.23	0.016	0	1.0	74	1.23	[0. 0.]	0	0	
75	1.247	0.017	0	1.0	75	1.247	[0. 0.]	0	0	
76	1.264	0.017	0	1.0	76	1.264	[0. 0.]	0	0	
77	1.281	0.017	0	1.0	77	1.281	[0. 0.]	0	0	
78	1.297	0.017	0	1.0	78	1.297	[0. 0.]	0	0	
79	1.314	0.017	0	1.0	79	1.314	[0. 0.]	0	0	
80	1.331	0.017	0	1.0	80	1.331	[0. 0.]	0	0	
81	1.347	0.017	0	1.0	81	1.347	[0. 0.]	0	0	
82	1.365	0.018	0	1.0	82	1.365	[0. 0.]	0	0	
83	1.381	0.016	0	1.0	83	1.381	[0. 0.]	0	0	
84	1.397	0.017	0	1.0	84	1.397	[0. 0.]	0	0	
85	1.414	0.017	0	1.0	85	1.414	[0. 0.]	0	0	
86	1.431	0.017	0	1.0	86	1.431	[0. 0.]	0	0	
87	1.447	0.017	0	1.0	87	1.447	[0. 0.]	0	0	
88	1.464	0.017	0	1.0	88	1.464	[0. 0.]	0	0	
89	1.481	0.017	0	1.0	89	1.481	[0. 0.]	0	0	
90	1.497	0.016	0	1.0	90	1.497	[0. 0.]	0	0	
91	1.514	0.017	0	1.0	91	1.514	[0. 0.]	0	0	
92	1.531	0.017	0	1.0	92	1.531	[0. 0.]	0	0	
93	1.547	0.017	0	1.0	93	1.547	[0. 0.]	0	0	
94	1.564	0.017	0	1.0	94	1.564	[0. 0.]	0	0	
95	1.581	0.017	0	1.0	95	1.581	[0. 0.]	0	0	
96	1.597	0.017	0	1.0	96	1.597	[0. 0.]	0	0	
97	1.614	0.017	0	1.0	97	1.614	[0. 0.]	0	0	
98	1.63	0.016	0	1.0	98	1.631	[0. 0.]	0	0	
99	1.647	0.017	0	1.0	99	1.647	[0. 0.]	0	0	
100	1.664	0.017	0	1.0	100	1.664	[0. 0.]	0	0	
101	1.681	0.017	0	1.0	101	1.681	[0. 0.]	0	0	
102	1.697	0.017	0	1.0	102	1.697	[0. 0.]	0	0	
103	1.714	0.017	0	1.0	103	1.715	[0. 0.]	0	0	
104	1.732	0.018	0	1.0	104	1.732	[0. 0.]	0	0	
105	1.749	0.017	0	1.0	105	1.749	[0. 0.]	0	0	
106	1.766	0.017	0	1.0	106	1.766	[0. 0.]	0	0	
107	1.783	0.017	0	1.0	107	1.783	[0. 0.]	0	0	
108	1.799	0.017	0	1.0	108	1.799	[0. 0.]	0	0	
109	1.816	0.017	0	1.0	109	1.816	[0. 0.]	0	0	
110	1.833	0.016	0	1.0	110	1.833	[0. 0.]	0	0	
111	1.849	0.016	0	1.0	111	1.849	[0. 0.]	0	0	
112	1.867	0.018	0	1.0	112	1.867	[0. 0.]	0	0	
113	1.882	0.015	0	1.0	113	1.882	[0. 0.]	0	0	
114	1.899	0.017	0	1.0	114	1.899	[0. 0.]	0	0	
115	1.916	0.017	0	1.0	115	1.916	[0. 0.]	0	0	
116	1.932	0.017	0	1.0	116	1.932	[0. 0.]	0	0	
117	1.949	0.017	0	1.0	117	1.949	[0. 0.]	0	0	
118	1.966	0.017	0	1.0	118	1.966	[0. 0.]	0	0	
119	1.983	0.017	0	1.0	119	1.983	[0. 0.]	0	0	
120	1.999	0.016	0	1.0	120	1.999	[0. 0.]	0	0	
121	2.016	0.017	0	1.0	121	2.016	[0. 0.]	0	0	
122	2.033	0.017	0	1.0	122	2.033	[0. 0.]	0	0	
123	2.049	0.016	0	1.0	123	2.049	[0. 0.]	0	0	
124	2.066	0.017	0	1.0	124	2.066	[0. 0.]	0	0	
125	2.083	0.016	0	1.0	125	2.083	[0. 0.]	0	0	
126	2.099	0.017	0	1.0	126	2.099	[0. 0.]	0	0	
127	2.116	0.017	0	1.0	127	2.116	[0. 0.]	0	0	
128	2.132	0.017	0	1.0	128	2.132	[0. 0.]	0	0	
129	2.149	0.017	0	1.0	129	2.149	[0. 0.]	0	0	
130	2.166	0.017	0	1.0	130	2.166	[0. 0.]	0	0	
131	2.183	0.017	0	1.0	131	2.183	[0. 0.]	0	0	
132	2.2	0.017	0	1.0	132	2.2	[0. 0.]	0	0	
133	2.216	0.016	0	1.0	133	2.216	[0. 0.]	0	0	
134	2.233	0.017	0	1.0	134	2.233	[0. 0.]	0	0	
135	2.249	0.017	0	1.0	135	2.249	[0. 0.]	0	0	
136	2.266	0.017	0	1.0	136	2.266	[0. 0.]	0	0	
137	2.282	0.016	0	1.0	137	2.283	[0. 0.]	0	0	
138	2.299	0.017	0	1.0	138	2.299	[0. 0.]	0	0	
139	2.316	0.017	0	1.0	139	2.316	[0. 0.]	0	0	
140	2.333	0.017	0	1.0	140	2.333	[0. 0.]	0	0	
141	2.349	0.017	0	1.0	141	2.349	[0. 0.]	0	0	
142	2.366	0.017	0	1.0	142	2.366	[0. 0.]	0	0	
143	2.383	0.017	0	1.0	143	2.383	[0. 0.]	0	0	
144	2.399	0.016	0	1.0	144	2.399	[0. 0.]	0	0	
145	2.416	0.017	0	1.0	145	2.416	[0. 0.]	0	0	
146	2.433	0.017	0	1.0	146	2.433	[0. 0.]	0	0	
147	2.449	0.017	0	1.0	147	2.449	[0. 0.]	0	0	
148	2.466	0.017	0	1.0	148	2.466	[0. 0.]	0	0	
149	2.483	0.017	0	1.0	149	2.483	[0. 0.]	0	0	
150	2.499	0.017	0	1.0	150	2.499	[0. 0.]	0	0	
151	2.516	0.017	0	1.0	151	2.516	[0. 0.]	0	0	
152	2.533	0.017	0	1.0	152	2.533	[0. 0.]	0	0	
153	2.549	0.016	0	1.0	153	2.549	[0. 0.]	0	0	
154	2.566	0.017	0	1.0	154	2.566	[0. 0.]	0	0	
155	2.583	0.017	0	1.0	155	2.583	[0. 0.]	0	0	
156	2.6	0.017	0	1.0	156	2.6	[0. 0.]	0	0	
157	2.616	0.017	0	1.0	157	2.616	[0. 0.]	0	0	
158	2.633	0.017	0	1.0	158	2.633	[0. 0.]	0	0	
159	2.649	0.017	0	1.0	159	2.649	[0. 0.]	0	0	
160	2.666	0.016	0	1.0	160	2.666	[0. 0.]	0	0	
161	2.683	0.017	0	1.0	161	2.683	[0. 0.]	0	0	
162	2.699	0.016	0	1.0	162	2.699	[0. 0.]	0	0	
163	2.716	0.017	0	1.0	163	2.716	[0. 0.]	0	0	
164	2.733	0.017	0	1.0	164	2.733	[0. 0.]	0	0	
165	2.749	0.017	0	1.0	165	2.749	[0. 0.]	0	0	
166	2.766	0.017	0	1.0	166	2.766	[0. 0.]	0	0	
167	2.783	0.017	0	1.0	167	2.783	[0. 0.]	0	0	
168	2.8	0.017	0	1.0	168	2.8	[0. 0.]	0	0	
169	2.816	0.016	0	1.0	169	2.816	[0. 0.]	0	0	
170	2.833	0.017	0	1.0	170	2.833	[0. 0.]	0	0	
171	2.849	0.016	0	1.0	171	2.849	[0. 0.]	0	0	
172	2.866	0.017	0	1.0	172	2.866	[0. 0.]	0	0	
173	2.883	0.017	0	1.0	173	2.883	[0. 0.]	0	0	
174	2.9	0.017	0	1.0	174	2.9	[0. 0.]	0	0	
175	2.916	0.017	0	1.0	175	2.916	[0. 0.]	0	0	
176	2.933	0.017	0	1.0	176	2.933	[0. 0.]	0	0	
177	2.95	0.017	0	1.0	177	2.95	[0. 0.]	0	0	
178	2.966	0.017	0	1.0	178	2.966	[0. 0.]	0	0	
179	2.983	0.016	0	1.0	179	2.983	[0. 0.]	0	0	
180	3.0	0.017	0	1.0	180	3.0	[0. 0.]	0	0	
181	3.016	0.017	0	1.0	181	3.016	[0. 0.]	0	0	
182	3.033	0.017	0	1.0	182	3.033	[0. 0.]	0	0	
183	3.05	0.017	0	1.0	183	3.05	[0. 0.]	0	0	
184	3.066	0.016	0	1.0	184	3.066	[0. 0.]	0	0	
185	3.083	0.017	0	1.0	185	3.083	[0. 0.]	0	0	
186	3.1	0.017	0	1.0	186	3.1	[0. 0.]	0	0	
187	3.116	0.016	0	1.0	187	3.116	[0. 0.]	0	0	
188	3.133	0.017	0	1.0	188	3.133	[0. 0.]	0	0	
189	3.149	0.017	0	1.0	189	3.149	[0. 0.]	0	0	
190	3.166	0.017	0	1.0	190	3.166	[0. 0.]	0	0	
191	3.183	0.016	0	1.0	191	3.183	[0. 0.]	0	0	
192	3.2	0.017	0	1.0	192	3.2	[0. 0.]	0	0	
193	3.216	0.017	0	1.0	193	3.216	[0. 0.]	0	0	
194	3.233	0.016	0	1.0	194	3.233	[0. 0.]	0	0	
195	3.25	0.017	0	1.0	195	3.25	[0. 0.]	0	0	
196	3.267	0.017	0	1.0	196	3.267	[0. 0.]	0	0	
197	3.283	0.016	0	1.0	197	3.283	[0. 0.]	0	0	
198	3.3	0.017	0	1.0	198	3.3	[0. 0.]	0	0	
199	3.317	0.017	0	1.0	199	3.317	[0. 0.]	0	0	
200	3.333	0.016	0	1.0	200	3.333	[0. 0.]	0	0	
201	3.35	0.017	0	1.0	201	3.35	[0. 0.]	0	0	
202	3.367	0.017	0	1.0	202	3.367	[0. 0.]	0	0	
203	3.383	0.016	0	1.0	203	3.383	[0. 0.]	0	0	
204	3.4	0.017	0	1.0	204	3.4	[0. 0.]	0	0	
205	3.416	0.017	0	1.0	205	3.416	[0. 0.]	0	0	
206	3.433	0.017	0	1.0	206	3.433	[0. 0.]	0	0	
207	3.45	0.016	0	1.0	207	3.45	[0. 0.]	0	0	
208	3.466	0.017	0	1.0	208	3.466	[0. 0.]	0	0	
209	3.483	0.017	0	1.0	209	3.483	[0. 0.]	0	0	
210	3.5	0.017	0	1.0	210	3.5	[0. 0.]	0	0	
211	3.516	0.017	0	1.0	211	3.516	[0. 0.]	0	0	
212	3.533	0.017	0	1.0	212	3.533	[0. 0.]	0	0	
213	3.55	0.017	0	1.0	213	3.55	[0. 0.]	0	0	
214	3.566	0.017	0	1.0	214	3.567	[0. 0.]	0	0	
215	3.583	0.017	0	1.0	215	3.583	[0. 0.]	0	0	
216	3.6	0.017	0	1.0	216	3.6	[0. 0.]	0	0	
217	3.616	0.017	0	1.0	217	3.616	[0. 0.]	0	0	
218	3.633	0.016	0	1.0	218	3.633	[0. 0.]	0	0	
219	3.65	0.017	0	1.0	219	3.65	[0. 0.]	0	0	
220	3.667	0.017	0	1.0	220	3.667	[0. 0.]	0	0	
221	3.683	0.016	0	1.0	221	3.683	[0. 0.]	0	0	
222	3.7	0.017	0	1.0	222	3.7	[0. 0.]	0	0	
223	3.716	0.016	0	1.0	223	3.716	[0. 0.]	0	0	
224	3.733	0.017	0	1.0	224	3.733	[0. 0.]	0	0	
225	3.75	0.017	0	1.0	225	3.75	[0. 0.]	0	0	
226	3.767	0.017	0	1.0	226	3.767	[0. 0.]	0	0	
227	3.783	0.017	0	1.0	227	3.783	[0. 0.]	0	0	
228	3.8	0.017	0	1.0	228	3.8	[0. 0.]	0	0	
229	3.817	0.017	0	1.0	229	3.817	[0. 0.]	0	0	
230	3.833	0.017	0	1.0	230	3.833	[0. 0.]	0	0	
231	3.85	0.017	0	1.0	231	3.85	[0. 0.]	0	0	
232	3.867	0.017	0	1.0	232	3.867	[0. 0.]	0	0	
233	3.883	0.017	0	1.0	233	3.883	[0. 0.]	0	0	
234	3.9	0.017	0	1.0	234	3.9	[0. 0.]	0	0	
235	3.916	0.017	0	1.0	235	3.916	[0. 0.]	0	0	
236	3.933	0.017	0	1.0	236	3.933	[0. 0.]	0	0	
237	3.95	0.017	0	1.0	237	3.95	[0. 0.]	0	0	
238	3.966	0.017	0	1.0	238	3.967	[0. 0.]	0	0	
239	3.983	0.017	0	1.0	239	3.983	[0. 0.]	0	0	
240	4.0	0.017	0	1.0	240	4.0	[0. 0.]	0	0	
241	4.017	0.017	0	1.0	241	4.017	[0. 0.]	0	0	
242	4.033	0.016	0	6.0	1	0.016	[0.03333333 0.03333333]	0	0	
243	4.05	0.017	0	6.0	2	0.033	[0.05 0.05]	0	0	
244	4.066	0.016	0	6.0	3	0.05	[0.06666667 0.06666667]	0	0	
245	4.083	0.017	0	6.0	4	0.066	[0.08333333 0.08333333]	0	0	
246	4.1	0.017	0	6.0	5	0.083	[0.1 0.1]	0	0	
247	4.116	0.017	0	6.0	6	0.1	[0.11666667 0.11666667]	0	0	
248	4.133	0.017	0	6.0	7	0.116	[0.13333333 0.13333333]	0	0	
249	4.15	0.017	0	6.0	8	0.134	[0.15 0.15]	0	0	
250	4.167	0.016	0	6.0	9	0.15	[0.16666667 0.16666667]	0	0	
251	4.183	0.017	0	6.0	10	0.167	[0.18333333 0.18333333]	0	0	
252	4.2	0.017	0	6.0	11	0.183	[0.2 0.2]	0	0	
253	4.217	0.017	0	6.0	12	0.2	[0.21666667 0.21666667]	0	0	
254	4.233	0.017	0	6.0	13	0.217	[0.23333333 0.23333333]	0	0	
255	4.25	0.017	0	6.0	14	0.233	[0.25 0.25]	0	0	
256	4.267	0.016	0	6.0	15	0.25	[0.26666667 0.26666667]	0	0	
257	4.283	0.017	0	6.0	16	0.267	[0.28333333 0.28333333]	0	0	
258	4.3	0.017	0	6.0	17	0.283	[0.3 0.3]	0	0	
259	4.317	0.017	0	6.0	18	0.3	[0.31666667 0.31666667]	0	0	
260	4.333	0.016	0	6.0	19	0.316	[0.33333333 0.33333333]	0	0	
261	4.35	0.017	0	6.0	20	0.333	[0.35 0.35]	0	0	
262	4.367	0.017	0	6.0	21	0.35	[0.36666667 0.36666667]	0	0	
263	4.383	0.017	0	6.0	22	0.367	[0.38333333 0.38333333]	0	0	
264	4.4	0.017	0	6.0	23	0.383	[0.4 0.4]	0	0	
265	4.417	0.017	0	6.0	24	0.4	[0.41666667 0.41666667]	0	0	
266	4.433	0.016	0	6.0	25	0.416	[0.43333333 0.43333333]	0	0	
267	4.45	0.017	0	6.0	26	0.433	[0.45 0.45]	0	0	
268	4.467	0.017	0	6.0	27	0.45	[0.46666667 0.46666667]	0	0	
269	4.483	0.017	0	6.0	28	0.467	[0.48333333 0.48333333]	0	0	
270	4.5	0.016	0	6.0	29	0.483	[0.5 0.5]	0	0	
271	4.517	0.017	0	6.0	30	0.5	[0.51666667 0.51666667]	0	0	
272	4.534	0.017	0	6.0	31	0.517	[0.53333333 0.53333333]	0	0	
273	4.55	0.017	0	6.0	32	0.534	[0.55 0.55]	0	0	
274	4.567	0.017	0	6.0	33	0.55	[0.56666667 0.56666667]	0	0	
275	4.584	0.017	0	6.0	34	0.567	[0.58333333 0.58333333]	0	0	
276	4.6	0.016	0	6.0	35	0.583	[0.6 0.6]	0	0	
277	4.617	0.017	0	6.0	36	0.6	[0.61666667 0.61666667]	0	0	
278	4.634	0.017	0	6.0	37	0.617	[0.63333333 0.63333333]	0	0	
279	4.65	0.017	0	6.0	38	0.633	[0.65 0.65]	0	0	
280	4.667	0.017	0	6.0	39	0.65	[0.66666667 0.66666667]	0	0	
281	4.683	0.016	0	6.0	40	0.667	[0.68333333 0.68333333]	0	0	
282	4.7	0.017	0	6.0	41	0.683	[0.7 0.7]	0	0	
283	4.717	0.017	0	6.0	42	0.7	[0.71666667 0.71666667]	0	0	
284	4.734	0.017	0	6.0	43	0.717	[0.73333333 0.73333333]	0	0	
285	4.75	0.016	0	6.0	44	0.733	[0.75 0.75]	0	0	
286	4.767	0.017	0	6.0	45	0.75	[0.76666667 0.76666667]	0	0	
287	4.783	0.016	0	6.0	46	0.766	[0.78333333 0.78333333]	0	0	
288	4.8	0.017	0	6.0	47	0.783	[0.8 0.8]	0	0	
289	4.817	0.017	0	6.0	48	0.8	[0.81666667 0.81666667]	0	0	
290	4.833	0.016	0	6.0	49	0.816	[0.83333333 0.83333333]	0	0	
291	4.85	0.017	0	6.0	50	0.833	[0.85 0.85]	0	0	
292	4.867	0.017	0	6.0	51	0.85	[0.86666667 0.86666667]	0	0	
293	4.883	0.016	0	6.0	52	0.867	[0.88333333 0.88333333]	0	0	
294	4.9	0.017	0	6.0	53	0.883	[0.9 0.9]	0	0	
295	4.917	0.017	0	6.0	54	0.9	[0.91666667 0.91666667]	0	0	
296	4.933	0.016	0	6.0	55	0.916	[0.93333333 0.93333333]	0	0	
297	4.95	0.017	0	6.0	56	0.933	[0.95 0.95]	0	0	
298	4.967	0.017	0	6.0	57	0.95	[0.96666667 0.96666667]	0	0	
299	4.983	0.017	0	6.0	58	0.966	[0.98333333 0.98333333]	0	0	
300	5.0	0.017	0	6.0	59	0.983	[1. 1.]	0	0	
301	5.017	0.017	0	6.0	60	1.0	[1.01666667 1.01666667]	0	0	
302	5.033	0.016	0	6.0	61	1.016	[1.03333333 1.03333333]	0	0	
303	5.05	0.017	0	6.0	62	1.033	[1.05 1.05]	0	0	
304	5.067	0.017	0	6.0	63	1.05	[1.06666667 1.06666667]	0	0	
305	5.083	0.017	0	6.0	64	1.066	[1.08333333 1.08333333]	0	0	
306	5.1	0.017	0	6.0	65	1.083	[1.1 1.1]	0	0	
307	5.117	0.017	0	6.0	66	1.1	[1.11666667 1.11666667]	0	0	
308	5.133	0.017	0	6.0	67	1.116	[1.13333333 1.13333333]	0	0	
309	5.15	0.017	0	6.0	68	1.133	[1.15 1.15]	0	0	
310	5.167	0.017	0	6.0	69	1.15	[1.16666667 1.16666667]	0	0	
311	5.183	0.017	0	6.0	70	1.167	[1.18333333 1.18333333]	0	0	
312	5.2	0.017	0	6.0	71	1.184	[1.2 1.2]	0	0	
313	5.217	0.016	0	6.0	72	1.2	[1.21666667 1.21666667]	0	0	
314	5.234	0.017	0	6.0	73	1.217	[1.23333333 1.23333333]	0	0	
315	5.25	0.016	0	6.0	74	1.233	[1.25 1.25]	0	0	
316	5.267	0.017	0	6.0	75	1.25	[1.26666667 1.26666667]	0	0	
317	5.283	0.017	0	6.0	76	1.267	[1.28333333 1.28333333]	0	0	
318	5.3	0.017	0	6.0	77	1.283	[1.3 1.3]	0	0	
319	5.317	0.017	0	6.0	78	1.3	[1.31666667 1.31666667]	0	0	
320	5.333	0.017	0	6.0	79	1.316	[1.33333333 1.33333333]	0	0	
321	5.35	0.017	0	6.0	80	1.333	[1.35 1.35]	0	0	
322	5.367	0.017	0	6.0	81	1.35	[1.36666667 1.36666667]	0	0	
323	5.383	0.017	0	6.0	82	1.367	[1.38333333 1.38333333]	0	0	
324	5.4	0.017	0	6.0	83	1.384	[1.4 1.4]	0	0	
325	5.417	0.016	0	6.0	84	1.4	[1.41666667 1.41666667]	0	0	
326	5.433	0.017	0	6.0	85	1.416	[1.43333333 1.43333333]	0	0	
327	5.45	0.017	0	6.0	86	1.433	[1.45 1.45]	0	0	
328	5.467	0.017	0	6.0	87	1.45	[1.46666667 1.46666667]	0	0	
329	5.483	0.017	0	6.0	88	1.466	[1.48333333 1.48333333]	0	0	
330	5.5	0.017	0	6.0	89	1.483	[1.5 1.5]	0	0	
331	5.517	0.017	0	6.0	90	1.5	[1.51666667 1.51666667]	0	0	
332	5.533	0.017	0	6.0	91	1.516	[1.53333333 1.53333333]	0	0	
333	5.55	0.017	0	6.0	92	1.533	[1.55 1.55]	0	0	
334	5.567	0.017	0	6.0	93	1.55	[1.56666667 1.56666667]	0	0	
335	5.584	0.017	0	6.0	94	1.567	[1.58333333 1.58333333]	0	0	
336	5.6	0.017	0	6.0	95	1.583	[1.6 1.6]	0	0	
337	5.617	0.017	0	6.0	96	1.6	[1.61666667 1.61666667]	0	0	
338	5.633	0.016	0	6.0	97	1.616	[1.63333333 1.63333333]	0	0	
339	5.65	0.017	0	6.0	98	1.633	[1.65 1.65]	0	0	
340	5.667	0.017	0	6.0	99	1.65	[1.66666667 1.66666667]	0	0	
341	5.683	0.016	0	6.0	100	1.667	[1.68333333 1.68333333]	0	0	
342	5.7	0.017	0	6.0	101	1.683	[1.7 1.7]	0	0	
343	5.717	0.017	0	6.0	102	1.7	[1.71666667 1.71666667]	0	0	
344	5.734	0.017	0	6.0	103	1.717	[1.73333333 1.73333333]	0	0	
345	5.75	0.017	0	6.0	104	1.733	[1.75 1.75]	0	0	
346	5.767	0.017	0	6.0	105	1.75	[1.76666667 1.76666667]	0	0	
347	5.784	0.017	0	6.0	106	1.767	[1.78333333 1.78333333]	0	0	
348	5.801	0.017	0	6.0	107	1.784	[1.8 1.8]	0	0	
349	5.817	0.017	0	6.0	108	1.8	[1.81666667 1.81666667]	0	0	
350	5.834	0.017	0	6.0	109	1.817	[1.83333333 1.83333333]	0	0	
351	5.851	0.016	0	6.0	110	1.834	[1.85 1.85]	0	0	
352	5.867	0.017	0	6.0	111	1.85	[1.86666667 1.86666667]	0	0	
353	5.884	0.017	0	6.0	112	1.867	[1.88333333 1.88333333]	0	0	
354	5.9	0.017	0	6.0	113	1.884	[1.9 1.9]	0	0	
355	5.917	0.017	0	6.0	114	1.9	[1.91666667 1.91666667]	0	0	
356	5.934	0.017	0	6.0	115	1.917	[1.93333333 1.93333333]	0	0	
357	5.951	0.017	0	6.0	116	1.934	[1.95 1.95]	0	0	
358	5.967	0.017	0	6.0	117	1.95	[1.96666667 1.96666667]	0	0	
359	5.984	0.017	0	6.0	118	1.967	[1.98333333 1.98333333]	0	0	
360	6.0	0.017	0	6.0	119	1.984	[2. 2.]	0	0	
361	6.017	0.017	0	6.0	120	2.0	[2.01666667 2.01666667]	0	0	
362	6.034	0.017	0	6.0	121	2.017	[2.03333333 2.03333333]	0	0	
363	6.051	0.017	0	6.0	122	2.034	[2.05 2.05]	0	0	
364	6.067	0.017	0	6.0	123	2.05	[2.06666667 2.06666667]	0	0	
365	6.084	0.017	0	6.0	124	2.067	[2.08333333 2.08333333]	0	0	
366	6.1	0.017	0	6.0	125	2.084	[2.1 2.1]	0	0	
367	6.117	0.017	0	6.0	126	2.1	[2.11666667 2.11666667]	0	0	
368	6.134	0.017	0	6.0	127	2.117	[2.13333333 2.13333333]	0	0	
369	6.15	0.016	0	6.0	128	2.133	[2.15 2.15]	0	0	
370	6.167	0.017	0	6.0	129	2.151	[2.16666667 2.16666667]	0	0	
371	6.184	0.017	0	6.0	130	2.167	[2.18333333 2.18333333]	0	0	
372	6.201	0.016	0	6.0	131	2.184	[2.2 2.2]	0	0	
373	6.217	0.017	0	6.0	132	2.2	[2.21666667 2.21666667]	0	0	
374	6.234	0.016	0	6.0	133	2.217	[2.23333333 2.23333333]	0	0	
375	6.251	0.017	0	6.0	134	2.234	[2.25 2.25]	0	0	
376	6.267	0.017	0	6.0	135	2.25	[2.26666667 2.26666667]	0	0	
377	6.284	0.017	0	6.0	136	2.267	[2.28333333 2.28333333]	0	0	
378	6.301	0.017	0	6.0	137	2.285	[2.3 2.3]	0	0	
379	6.317	0.016	0	6.0	138	2.3	[2.31666667 2.31666667]	0	0	
380	6.334	0.017	0	6.0	139	2.317	[2.33333333 2.33333333]	0	0	
381	6.351	0.017	0	6.0	140	2.334	[2.35 2.35]	0	0	
382	6.367	0.016	0	6.0	141	2.35	[2.36666667 2.36666667]	0	0	
383	6.384	0.017	0	6.0	142	2.367	[2.38333333 2.38333333]	0	0	
384	6.401	0.016	0	6.0	143	2.384	[2.4 2.4]	0	0	
385	6.417	0.017	0	6.0	144	2.401	[2.41666667 2.41666667]	0	0	
386	6.434	0.017	0	6.0	145	2.417	[2.43333333 2.43333333]	0	0	
387	6.451	0.017	0	6.0	146	2.434	[2.45 2.45]	0	0	
388	6.468	0.018	0	6.0	147	2.451	[2.46666667 2.46666667]	0	0	
389	6.484	0.016	0	6.0	148	2.467	[2.48333333 2.48333333]	0	0	
390	6.501	0.017	0	6.0	149	2.484	[2.5 2.5]	0	0	
391	6.517	0.016	0	6.0	150	2.5	[2.51666667 2.51666667]	0	0	
392	6.534	0.017	0	6.0	151	2.517	[2.53333333 2.53333333]	0	0	
393	6.551	0.017	0	6.0	152	2.534	[2.55 2.55]	0	0	
394	6.568	0.017	0	6.0	153	2.551	[2.56666667 2.56666667]	0	0	
395	6.584	0.017	0	6.0	154	2.567	[2.58333333 2.58333333]	0	0	
396	6.601	0.017	0	6.0	155	2.584	[2.6 2.6]	0	0	
397	6.617	0.017	0	6.0	156	2.6	[2.61666667 2.61666667]	0	0	
398	6.634	0.017	0	6.0	157	2.617	[2.63333333 2.63333333]	0	0	
399	6.651	0.016	0	6.0	158	2.634	[2.65 2.65]	0	0	
400	6.667	0.017	0	6.0	159	2.651	[2.66666667 2.66666667]	0	0	
401	6.684	0.017	0	6.0	160	2.667	[2.68333333 2.68333333]	0	0	
402	6.701	0.017	0	6.0	161	2.684	[2.7 2.7]	0	0	
403	6.718	0.017	0	6.0	162	2.701	[2.71666667 2.71666667]	0	0	
404	6.736	0.018	0	6.0	163	2.719	[2.73333333 2.73333333]	0	0	
405	6.753	0.016	0	6.0	164	2.736	[2.75 2.75]	0	0	
406	6.769	0.017	0	6.0	165	2.752	[2.76666667 2.76666667]	0	0	
407	6.786	0.017	0	6.0	166	2.769	[2.78333333 2.78333333]	0	0	
408	6.803	0.017	0	6.0	167	2.786	[2.8 2.8]	0	0	
409	6.819	0.016	0	6.0	168	2.802	[2.81666667 2.81666667]	0	0	
410	6.836	0.017	0	6.0	169	2.819	[2.83333333 2.83333333]	0	0	
411	6.853	0.016	0	6.0	170	2.836	[2.85 2.85]	0	0	
412	6.87	0.017	0	6.0	171	2.853	[2.86666667 2.86666667]	0	0	
413	6.886	0.016	0	6.0	172	2.869	[2.88333333 2.88333333]	0	0	
414	6.902	0.016	0	6.0	173	2.885	[2.9 2.9]	0	0	
415	6.919	0.017	0	6.0	174	2.902	[2.91666667 2.91666667]	0	0	
416	6.936	0.017	0	6.0	175	2.919	[2.93333333 2.93333333]	0	0	
417	6.953	0.017	0	6.0	176	2.936	[2.95 2.95]	0	0	
418	6.969	0.017	0	6.0	177	2.953	[2.96666667 2.96666667]	0	0	
419	6.986	0.017	0	6.0	178	2.969	[2.98333333 2.98333333]	0	0	
420	7.002	0.016	0	6.0	179	2.986	[3. 3.]	0	0	
421	7.019	0.017	0	6.0	180	3.002	[3.01666667 3.01666667]	0	0	
422	7.036	0.017	0	6.0	181	3.019	[3.03333333 3.03333333]	0	0	
423	7.053	0.017	0	6.0	182	3.036	[3.05 3.05]	0	0	
424	7.069	0.017	0	6.0	183	3.053	[3.06666667 3.06666667]	0	0	
425	7.086	0.016	0	6.0	184	3.069	[3.08333333 3.08333333]	0	0	
426	7.103	0.017	0	6.0	185	3.086	[3.1 3.1]	0	0	
427	7.119	0.016	0	6.0	186	3.102	[3.11666667 3.11666667]	0	0	
428	7.136	0.017	0	6.0	187	3.119	[3.13333333 3.13333333]	0	0	
429	7.153	0.017	0	6.0	188	3.136	[3.15 3.15]	0	0	
430	7.169	0.017	0	6.0	189	3.153	[3.16666667 3.16666667]	0	0	
431	7.186	0.017	0	6.0	190	3.169	[3.18333333 3.18333333]	0	0	
432	7.203	0.017	0	6.0	191	3.186	[3.2 3.2]	0	0	
433	7.219	0.017	0	6.0	192	3.203	[3.21666667 3.21666667]	0	0	
434	7.236	0.016	0	6.0	193	3.219	[3.23333333 3.23333333]	0	0	
435	7.253	0.017	0	6.0	194	3.236	[3.25 3.25]	0	0	
436	7.27	0.017	0	6.0	195	3.253	[3.26666667 3.26666667]	0	0	
437	7.286	0.016	0	6.0	196	3.269	[3.28333333 3.28333333]	0	0	
438	7.303	0.017	0	6.0	197	3.286	[3.3 3.3]	0	0	
439	7.319	0.016	0	6.0	198	3.302	[3.31666667 3.31666667]	0	0	
440	7.336	0.017	0	6.0	199	3.319	[3.33333333 3.33333333]	0	0	
441	7.353	0.017	0	6.0	200	3.337	[3.35 3.35]	0	0	
442	7.37	0.017	0	6.0	201	3.353	[3.36666667 3.36666667]	0	0	
443	7.386	0.016	0	6.0	202	3.369	[3.38333333 3.38333333]	0	0	
444	7.403	0.016	0	6.0	203	3.386	[3.4 3.4]	0	0	
445	7.42	0.017	0	6.0	204	3.403	[3.41666667 3.41666667]	0	0	
446	7.436	0.017	0	6.0	205	3.419	[3.43333333 3.43333333]	0	0	
447	7.453	0.017	0	6.0	206	3.436	[3.45 3.45]	0	0	
448	7.47	0.017	0	6.0	207	3.453	[3.46666667 3.46666667]	0	0	
449	7.486	0.017	0	6.0	208	3.469	[3.48333333 3.48333333]	0	0	
450	7.503	0.017	0	6.0	209	3.486	[3.5 3.5]	0	0	
451	7.519	0.016	0	6.0	210	3.503	[3.51666667 3.51666667]	0	0	
452	7.537	0.017	0	6.0	211	3.52	[3.53333333 3.53333333]	0	0	
453	7.553	0.016	0	6.0	212	3.536	[3.55 3.55]	0	0	
454	7.57	0.017	0	6.0	213	3.553	[3.56666667 3.56666667]	0	0	
455	7.586	0.017	0	6.0	214	3.569	[3.58333333 3.58333333]	0	0	
456	7.603	0.017	0	6.0	215	3.586	[3.6 3.6]	0	0	
457	7.619	0.016	0	6.0	216	3.603	[3.61666667 3.61666667]	0	0	
458	7.636	0.017	0	6.0	217	3.619	[3.63333333 3.63333333]	0	0	
459	7.653	0.017	0	6.0	218	3.636	[3.65 3.65]	0	0	
460	7.67	0.017	0	6.0	219	3.653	[3.66666667 3.66666667]	0	0	
461	7.686	0.017	0	6.0	220	3.669	[3.68333333 3.68333333]	0	0	
462	7.703	0.017	0	6.0	221	3.686	[3.7 3.7]	0	0	
463	7.72	0.016	0	6.0	222	3.703	[3.71666667 3.71666667]	0	0	
464	7.736	0.017	0	6.0	223	3.719	[3.73333333 3.73333333]	0	0	
465	7.753	0.017	0	6.0	224	3.736	[3.75 3.75]	0	0	
466	7.77	0.017	0	6.0	225	3.753	[3.76666667 3.76666667]	0	0	
467	7.786	0.017	0	6.0	226	3.769	[3.78333333 3.78333333]	0	0	
468	7.803	0.017	0	6.0	227	3.786	[3.8 3.8]	0	0	
469	7.82	0.017	0	6.0	228	3.803	[3.81666667 3.81666667]	0	0	
470	7.836	0.017	0	6.0	229	3.819	[3.83333333 3.83333333]	0	0	
471	7.853	0.017	0	6.0	230	3.836	[3.85 3.85]	0	0	
472	7.87	0.017	0	6.0	231	3.853	[3.86666667 3.86666667]	0	0	
473	7.886	0.017	0	6.0	232	3.869	[3.88333333 3.88333333]	0	0	
474	7.903	0.017	0	6.0	233	3.886	[3.9 3.9]	0	0	
475	7.92	0.017	0	6.0	234	3.903	[3.91666667 3.91666667]	0	0	
476	7.936	0.017	0	6.0	235	3.92	[3.93333333 3.93333333]	0	0	
477	7.953	0.017	0	6.0	236	3.936	[3.95 3.95]	0	0	
478	7.97	0.016	0	6.0	237	3.953	[3.96666667 3.96666667]	0	0	
479	7.986	0.017	0	6.0	238	3.97	[3.98333333 3.98333333]	0	0	
480	8.003	0.017	0	6.0	239	3.986	[4. 4.]	0	0	
481	8.02	0.016	0	6.0	240	4.003	[4. 4.]	0	0	
482	8.036	0.017	0	1.0	1	0.017	[0. 0.]	0	0	
483	8.053	0.017	0	1.0	2	0.033	[0. 0.]	0	0	
484	8.07	0.017	0	1.0	3	0.05	[0. 0.]	0	0	
485	8.086	0.016	0	1.0	4	0.066	[0. 0.]	0	0	
486	8.103	0.017	0	1.0	5	0.083	[0. 0.]	0	0	
487	8.12	0.017	0	1.0	6	0.1	[0. 0.]	0	0	
488	8.136	0.017	0	1.0	7	0.116	[0. 0.]	0	0	
489	8.153	0.017	0	1.0	8	0.133	[0. 0.]	0	0	
490	8.17	0.017	0	1.0	9	0.15	[0. 0.]	0	0	
491	8.187	0.017	0	1.0	10	0.167	[0. 0.]	0	0	
492	8.203	0.016	0	1.0	11	0.183	[0. 0.]	0	0	
493	8.22	0.017	0	1.0	12	0.2	[0. 0.]	0	0	
494	8.236	0.016	0	1.0	13	0.216	[0. 0.]	0	0	
495	8.253	0.017	0	1.0	14	0.233	[0. 0.]	0	0	
496	8.27	0.017	0	1.0	15	0.25	[0. 0.]	0	0	
497	8.287	0.017	0	1.0	16	0.267	[0. 0.]	0	0	
498	8.303	0.016	0	1.0	17	0.283	[0. 0.]	0	0	
499	8.32	0.017	0	1.0	18	0.3	[0. 0.]	0	0	
500	8.337	0.017	0	1.0	19	0.317	[0. 0.]	0	0	
501	8.353	0.016	0	1.0	20	0.333	[0. 0.]	0	0	
502	8.37	0.017	0	1.0	21	0.35	[0. 0.]	0	0	
503	8.386	0.017	0	1.0	22	0.367	[0. 0.]	0	0	
504	8.403	0.017	0	1.0	23	0.383	[0. 0.]	0	0	
505	8.42	0.017	0	1.0	24	0.4	[0. 0.]	0	0	
506	8.437	0.017	0	1.0	25	0.417	[0. 0.]	0	0	
507	8.453	0.016	0	1.0	26	0.433	[0. 0.]	0	0	
508	8.47	0.017	0	1.0	27	0.45	[0. 0.]	0	0	
509	8.487	0.017	0	1.0	28	0.467	[0. 0.]	0	0	
510	8.503	0.017	0	1.0	29	0.483	[0. 0.]	0	0	
511	8.52	0.017	0	1.0	30	0.5	[0. 0.]	0	0	
512	8.537	0.017	0	1.0	31	0.517	[0. 0.]	0	0	
513	8.553	0.016	0	1.0	32	0.533	[0. 0.]	0	0	
514	8.57	0.017	0	1.0	33	0.55	[0. 0.]	0	0	
515	8.586	0.016	0	1.0	34	0.567	[0. 0.]	0	0	
516	8.603	0.017	0	1.0	35	0.584	[0. 0.]	0	0	
517	8.62	0.016	0	1.0	36	0.6	[0. 0.]	0	0	
518	8.637	0.017	0	1.0	37	0.617	[0. 0.]	0	0	
519	8.653	0.016	0	1.0	38	0.633	[0. 0.]	0	0	
520	8.67	0.017	0	1.0	39	0.65	[0. 0.]	0	0	
521	8.687	0.017	0	1.0	40	0.667	[0. 0.]	0	0	
522	8.703	0.016	0	1.0	41	0.683	[0. 0.]	0	0	
523	8.72	0.017	0	1.0	42	0.7	[0. 0.]	0	0	
524	8.737	0.016	0	1.0	43	0.717	[0. 0.]	0	0	
525	8.753	0.017	0	1.0	44	0.733	[0. 0.]	0	0	
526	8.77	0.017	0	1.0	45	0.75	[0. 0.]	0	0	
527	8.787	0.017	0	1.0	46	0.767	[0. 0.]	0	0	
528	8.803	0.017	0	1.0	47	0.783	[0. 0.]	0	0	
529	8.82	0.017	0	1.0	48	0.8	[0. 0.]	0	0	
530	8.837	0.017	0	1.0	49	0.817	[0. 0.]	0	0	
531	8.853	0.016	0	1.0	50	0.833	[0. 0.]	0	0	
532	8.87	0.017	0	1.0	51	0.85	[0. 0.]	0	0	
533	8.887	0.017	0	1.0	52	0.867	[0. 0.]	0	0	
534	8.903	0.017	0	1.0	53	0.883	[0. 0.]	0	0	
535	8.92	0.017	0	1.0	54	0.9	[0. 0.]	0	0	
536	8.937	0.017	0	1.0	55	0.917	[0. 0.]	0	0	
537	8.953	0.017	0	1.0	56	0.933	[0. 0.]	0	0	
538	8.97	0.017	0	1.0	57	0.95	[0. 0.]	0	0	
539	8.987	0.017	0	1.0	58	0.967	[0. 0.]	0	0	
540	9.003	0.016	0	1.0	59	0.983	[0. 0.]	0	0	
541	9.02	0.017	0	1.0	60	1.0	[0. 0.]	0	0	
542	9.037	0.017	0	1.0	61	1.017	[0. 0.]	0	0	
543	9.053	0.017	0	1.0	62	1.034	[0. 0.]	0	0	
544	9.07	0.017	0	1.0	63	1.05	[0. 0.]	0	0	
545	9.087	0.017	0	1.0	64	1.067	[0. 0.]	0	0	
546	9.104	0.017	0	1.0	65	1.084	[0. 0.]	0	0	
547	9.12	0.016	0	1.0	66	1.1	[0. 0.]	0	0	
548	9.137	0.017	0	1.0	67	1.117	[0. 0.]	0	0	
549	9.153	0.017	0	1.0	68	1.133	[0. 0.]	0	0	
550	9.17	0.017	0	1.0	69	1.15	[0. 0.]	0	0	
551	9.187	0.017	0	1.0	70	1.167	[0. 0.]	0	0	
552	9.204	0.017	0	1.0	71	1.184	[0. 0.]	0	0	
553	9.22	0.017	0	1.0	72	1.2	[0. 0.]	0	0	
554	9.237	0.017	0	1.0	73	1.217	[0. 0.]	0	0	
555	9.253	0.017	0	1.0	74	1.233	[0. 0.]	0	0	
556	9.27	0.017	0	1.0	75	1.25	[0. 0.]	0	0	
557	9.287	0.017	0	1.0	76	1.267	[0. 0.]	0	0	
558	9.303	0.017	0	1.0	77	1.283	[0. 0.]	0	0	
559	9.32	0.017	0	1.0	78	1.3	[0. 0.]	0	0	
560	9.337	0.017	0	1.0	79	1.317	[0. 0.]	0	0	
561	9.354	0.017	0	1.0	80	1.334	[0. 0.]	0	0	
562	9.37	0.017	0	1.0	81	1.35	[0. 0.]	0	0	
563	9.387	0.017	0	1.0	82	1.367	[0. 0.]	0	0	
564	9.403	0.016	0	1.0	83	1.383	[0. 0.]	0	0	
565	9.42	0.017	0	1.0	84	1.4	[0. 0.]	0	0	
566	9.437	0.017	0	1.0	85	1.417	[0. 0.]	0	0	
567	9.453	0.016	0	1.0	86	1.433	[0. 0.]	0	0	
568	9.47	0.017	0	1.0	87	1.45	[0. 0.]	0	0	
569	9.487	0.017	0	1.0	88	1.467	[0. 0.]	0	0	
570	9.504	0.017	0	1.0	89	1.484	[0. 0.]	0	0	
571	9.52	0.016	0	1.0	90	1.5	[0. 0.]	0	0	
572	9.537	0.017	0	1.0	91	1.517	[0. 0.]	0	0	
573	9.553	0.016	0	1.0	92	1.533	[0. 0.]	0	0	
574	9.57	0.017	0	1.0	93	1.55	[0. 0.]	0	0	
575	9.587	0.017	0	1.0	94	1.567	[0. 0.]	0	0	
576	9.604	0.017	0	1.0	95	1.584	[0. 0.]	0	0	
577	9.62	0.016	0	1.0	96	1.6	[0. 0.]	0	0	
578	9.637	0.017	0	1.0	97	1.617	[0. 0.]	0	0	
579	9.654	0.017	0	1.0	98	1.634	[0. 0.]	0	0	
580	9.671	0.017	0	1.0	99	1.651	[0. 0.]	0	0	
581	9.687	0.016	0	1.0	100	1.667	[0. 0.]	0	0	
582	9.704	0.017	0	1.0	101	1.684	[0. 0.]	0	0	
583	9.72	0.016	0	1.0	102	1.7	[0. 0.]	0	0	
584	9.737	0.017	0	1.0	103	1.717	[0. 0.]	0	0	
585	9.754	0.017	0	1.0	104	1.734	[0. 0.]	0	0	
586	9.77	0.017	0	1.0	105	1.75	[0. 0.]	0	0	
587	9.787	0.017	0	1.0	106	1.767	[0. 0.]	0	0	
588	9.804	0.017	0	1.0	107	1.784	[0. 0.]	0	0	
589	9.82	0.017	0	1.0	108	1.8	[0. 0.]	0	0	
590	9.837	0.017	0	1.0	109	1.817	[0. 0.]	0	0	
591	9.854	0.017	0	1.0	110	1.834	[0. 0.]	0	0	
592	9.87	0.016	0	1.0	111	1.85	[0. 0.]	0	0	
593	9.887	0.017	0	1.0	112	1.867	[0. 0.]	0	0	
594	9.903	0.016	0	1.0	113	1.883	[0. 0.]	0	0	
595	9.92	0.017	0	1.0	114	1.9	[0. 0.]	0	0	
596	9.937	0.017	0	1.0	115	1.917	[0. 0.]	0	0	
597	9.954	0.017	0	1.0	116	1.934	[0. 0.]	0	0	
598	9.97	0.017	0	1.0	117	1.95	[0. 0.]	0	0	
599	9.987	0.017	0	1.0	118	1.967	[0. 0.]	0	0	
600	10.004	0.016	0	1.0	119	1.984	[0. 0.]	0	0	
601	10.021	0.017	0	1.0	120	2.001	[0. 0.]	0	0	
602	10.037	0.016	0	1.0	121	2.017	[0. 0.]	0	0	
603	10.054	0.017	0	1.0	122	2.034	[0. 0.]	0	0	
604	10.07	0.017	0	1.0	123	2.05	[0. 0.]	0	0	
605	10.087	0.017	0	1.0	124	2.067	[0. 0.]	0	0	
606	10.104	0.017	0	1.0	125	2.084	[0. 0.]	0	0	
607	10.12	0.017	0	1.0	126	2.1	[0. 0.]	0	0	
608	10.137	0.017	0	1.0	127	2.117	[0. 0.]	0	0	
609	10.154	0.017	0	1.0	128	2.134	[0. 0.]	0	0	
610	10.17	0.017	0	1.0	129	2.15	[0. 0.]	0	0	
611	10.187	0.017	0	1.0	130	2.167	[0. 0.]	0	0	
612	10.204	0.017	0	1.0	131	2.184	[0. 0.]	0	0	
613	10.22	0.017	0	1.0	132	2.2	[0. 0.]	0	0	
614	10.237	0.017	0	1.0	133	2.217	[0. 0.]	0	0	
615	10.254	0.017	0	1.0	134	2.234	[0. 0.]	0	0	
616	10.271	0.017	0	1.0	135	2.251	[0. 0.]	0	0	
617	10.287	0.017	0	1.0	136	2.267	[0. 0.]	0	0	
618	10.304	0.017	0	1.0	137	2.284	[0. 0.]	0	0	
619	10.321	0.017	0	1.0	138	2.301	[0. 0.]	0	0	
620	10.337	0.017	0	1.0	139	2.317	[0. 0.]	0	0	
621	10.354	0.017	0	1.0	140	2.334	[0. 0.]	0	0	
622	10.371	0.017	0	1.0	141	2.351	[0. 0.]	0	0	
623	10.387	0.017	0	1.0	142	2.367	[0. 0.]	0	0	
624	10.404	0.017	0	1.0	143	2.384	[0. 0.]	0	0	
625	10.42	0.017	0	1.0	144	2.4	[0. 0.]	0	0	
626	10.437	0.017	0	1.0	145	2.417	[0. 0.]	0	0	
627	10.454	0.017	0	1.0	146	2.434	[0. 0.]	0	0	
628	10.471	0.017	0	1.0	147	2.451	[0. 0.]	0	0	
629	10.487	0.016	0	1.0	148	2.467	[0. 0.]	0	0	
630	10.504	0.017	0	1.0	149	2.484	[0. 0.]	0	0	
631	10.52	0.016	0	1.0	150	2.501	[0. 0.]	0	0	
632	10.538	0.017	0	1.0	151	2.518	[0. 0.]	0	0	
633	10.554	0.017	0	1.0	152	2.535	[0. 0.]	0	0	
634	10.571	0.017	0	1.0	153	2.552	[0. 0.]	0	0	
635	10.587	0.016	0	1.0	154	2.567	[0. 0.]	0	0	
636	10.604	0.017	0	1.0	155	2.584	[0. 0.]	0	0	
637	10.621	0.017	0	1.0	156	2.601	[0. 0.]	0	0	
638	10.637	0.017	0	1.0	157	2.617	[0. 0.]	0	0	
639	10.654	0.017	0	1.0	158	2.634	[0. 0.]	0	0	
640	10.671	0.017	0	1.0	159	2.651	[0. 0.]	0	0	
641	10.687	0.016	0	1.0	160	2.667	[0. 0.]	0	0	
642	10.704	0.017	0	1.0	161	2.684	[0. 0.]	0	0	
643	10.721	0.017	0	1.0	162	2.701	[0. 0.]	0	0	
644	10.737	0.017	0	1.0	163	2.717	[0. 0.]	0	0	
645	10.754	0.017	0	1.0	164	2.734	[0. 0.]	0	0	
646	10.771	0.017	0	1.0	165	2.751	[0. 0.]	0	0	
647	10.787	0.017	0	1.0	166	2.767	[0. 0.]	0	0	
648	10.804	0.017	0	1.0	167	2.784	[0. 0.]	0	0	
649	10.821	0.017	0	1.0	168	2.801	[0. 0.]	0	0	
650	10.838	0.017	0	1.0	169	2.818	[0. 0.]	0	0	
651	10.854	0.016	0	1.0	170	2.834	[0. 0.]	0	0	
652	10.871	0.017	0	1.0	171	2.851	[0. 0.]	0	0	
653	10.887	0.017	0	1.0	172	2.867	[0. 0.]	0	0	
654	10.904	0.017	0	1.0	173	2.884	[0. 0.]	0	0	
655	10.921	0.017	0	1.0	174	2.901	[0. 0.]	0	0	
656	10.937	0.017	0	1.0	175	2.918	[0. 0.]	0	0	
657	10.954	0.017	0	1.0	176	2.934	[0. 0.]	0	0	
658	10.971	0.017	0	1.0	177	2.951	[0. 0.]	0	0	
659	10.987	0.017	0	1.0	178	2.968	[0. 0.]	0	0	
660	11.004	0.017	0	1.0	179	2.984	[0. 0.]	0	0	
661	11.021	0.017	0	1.0	180	3.001	[0. 0.]	0	0	
662	11.037	0.017	0	1.0	181	3.017	[0. 0.]	0	0	
663	11.054	0.017	0	1.0	182	3.034	[0. 0.]	0	0	
664	11.071	0.017	0	1.0	183	3.051	[0. 0.]	0	0	
665	11.087	0.017	0	1.0	184	3.068	[0. 0.]	0	0	
666	11.104	0.017	0	1.0	185	3.084	[0. 0.]	0	0	
667	11.121	0.017	0	1.0	186	3.101	[0. 0.]	0	0	
668	11.138	0.017	0	1.0	187	3.118	[0. 0.]	0	0	
669	11.154	0.017	0	1.0	188	3.134	[0. 0.]	0	0	
670	11.171	0.017	0	1.0	189	3.151	[0. 0.]	0	0	
671	11.188	0.017	0	1.0	190	3.168	[0. 0.]	0	0	
672	11.204	0.016	0	1.0	191	3.184	[0. 0.]	0	0	
673	11.221	0.016	0	1.0	192	3.201	[0. 0.]	0	0	
674	11.237	0.017	0	1.0	193	3.217	[0. 0.]	0	0	
675	11.254	0.017	0	1.0	194	3.234	[0. 0.]	0	0	
676	11.271	0.017	0	1.0	195	3.251	[0. 0.]	0	0	
677	11.287	0.016	0	1.0	196	3.267	[0. 0.]	0	0	
678	11.304	0.017	0	1.0	197	3.284	[0. 0.]	0	0	
679	11.321	0.017	0	1.0	198	3.301	[0. 0.]	0	0	
680	11.338	0.017	0	1.0	199	3.318	[0. 0.]	0	0	
681	11.354	0.016	0	1.0	200	3.334	[0. 0.]	0	0	
682	11.371	0.017	0	1.0	201	3.351	[0. 0.]	0	0	
683	11.389	0.018	0	1.0	202	3.369	[0. 0.]	0	0	
684	11.404	0.015	0	1.0	203	3.384	[0. 0.]	0	0	
685	11.421	0.017	0	1.0	204	3.401	[0. 0.]	0	0	
686	11.437	0.016	0	1.0	205	3.417	[0. 0.]	0	0	
687	11.454	0.017	0	1.0	206	3.434	[0. 0.]	0	0	
688	11.471	0.017	0	1.0	207	3.451	[0. 0.]	0	0	
689	11.487	0.016	0	1.0	208	3.467	[0. 0.]	0	0	
690	11.504	0.017	0	1.0	209	3.484	[0. 0.]	0	0	
691	11.521	0.017	0	1.0	210	3.501	[0. 0.]	0	0	
692	11.538	0.017	0	1.0	211	3.518	[0. 0.]	0	0	
693	11.554	0.016	0	1.0	212	3.534	[0. 0.]	0	0	
694	11.571	0.017	0	1.0	213	3.551	[0. 0.]	0	0	
695	11.588	0.017	0	1.0	214	3.568	[0. 0.]	0	0	
696	11.604	0.016	0	1.0	215	3.584	[0. 0.]	0	0	
697	11.621	0.017	0	1.0	216	3.602	[0. 0.]	0	0	
698	11.638	0.017	0	1.0	217	3.618	[0. 0.]	0	0	
699	11.654	0.016	0	1.0	218	3.634	[0. 0.]	0	0	
700	11.671	0.017	0	1.0	219	3.651	[0. 0.]	0	0	
701	11.688	0.017	0	1.0	220	3.668	[0. 0.]	0	0	
702	11.704	0.016	0	1.0	221	3.684	[0. 0.]	0	0	
703	11.721	0.017	0	1.0	222	3.701	[0. 0.]	0	0	
704	11.74	0.019	0	1.0	223	3.72	[0. 0.]	0	0	
705	11.756	0.016	0	1.0	224	3.736	[0. 0.]	0	0	
706	11.773	0.017	0	1.0	225	3.753	[0. 0.]	0	0	
707	11.789	0.016	0	1.0	226	3.769	[0. 0.]	0	0	
708	11.806	0.017	0	1.0	227	3.786	[0. 0.]	0	0	
709	11.823	0.017	0	1.0	228	3.803	[0. 0.]	0	0	
710	11.839	0.016	0	1.0	229	3.819	[0. 0.]	0	0	
711	11.856	0.017	0	1.0	230	3.836	[0. 0.]	0	0	
712	11.873	0.017	0	1.0	231	3.853	[0. 0.]	0	0	
713	11.889	0.016	0	1.0	232	3.869	[0. 0.]	0	0	
714	11.906	0.017	0	1.0	233	3.886	[0. 0.]	0	0	
715	11.923	0.017	0	1.0	234	3.903	[0. 0.]	0	0	
716	11.94	0.017	0	1.0	235	3.92	[0. 0.]	0	0	
717	11.956	0.017	0	1.0	236	3.936	[0. 0.]	0	0	
718	11.973	0.017	0	1.0	237	3.953	[0. 0.]	0	0	
719	11.99	0.017	0	1.0	238	3.97	[0. 0.]	0	0	
720	12.006	0.017	0	1.0	239	3.986	[0. 0.]	0	0	
721	12.023	0.017	0	1.0	240	4.003	[0. 0.]	0	0	
