sample_num	sample_time	sampling_interval	imaging_frame	frame_time	stimulus_epoch	stim_frame	epoch_time	stim_info1	stim_info2	stim_info3	
1	0.017	0.017	0	1.0	1	0.017	0	0	0	
2	0.031	0.014	0	1.0	2	0.031	0	0	0	
3	0.048	0.017	0	1.0	3	0.048	0	0	0	
4	0.065	0.017	0	1.0	4	0.065	0	0	0	
5	0.081	0.017	0	1.0	5	0.081	0	0	0	
6	0.098	0.017	0	1.0	6	0.098	0	0	0	
7	0.115	0.017	0	1.0	7	0.115	0	0	0	
8	0.131	0.016	0	1.0	8	0.131	0	0	0	
9	0.15	0.019	0	1.0	9	0.15	0	0	0	
10	0.166	0.016	0	1.0	10	0.166	0	0	0	
11	0.183	0.017	0	1.0	11	0.183	0	0	0	
12	0.2	0.017	0	1.0	12	0.2	0	0	0	
13	0.216	0.016	0	1.0	13	0.216	0	0	0	
14	0.233	0.017	0	1.0	14	0.233	0	0	0	
15	0.25	0.017	0	1.0	15	0.25	0	0	0	
16	0.266	0.017	0	1.0	16	0.266	0	0	0	
17	0.283	0.017	0	1.0	17	0.283	0	0	0	
18	0.3	0.017	0	1.0	18	0.3	0	0	0	
19	0.317	0.018	0	1.0	19	0.317	0	0	0	
20	0.333	0.015	0	1.0	20	0.333	0	0	0	
21	0.35	0.017	0	1.0	21	0.35	0	0	0	
22	0.366	0.017	0	1.0	22	0.366	0	0	0	
23	0.383	0.017	0	1.0	23	0.383	0	0	0	
24	0.4	0.017	0	1.0	24	0.4	0	0	0	
25	0.416	0.016	0	1.0	25	0.416	0	0	0	
26	0.433	0.017	0	1.0	26	0.433	0	0	0	
27	0.45	0.017	0	1.0	27	0.45	0	0	0	
28	0.467	0.017	0	1.0	28	0.467	0	0	0	
29	0.483	0.016	0	1.0	29	0.483	0	0	0	
30	0.5	0.017	0	1.0	30	0.5	0	0	0	
31	0.516	0.016	0	1.0	31	0.516	0	0	0	
32	0.533	0.017	0	1.0	32	0.533	0	0	0	
33	0.55	0.017	0	1.0	33	0.55	0	0	0	
34	0.566	0.017	0	1.0	34	0.566	0	0	0	
35	0.583	0.017	0	1.0	35	0.583	0	0	0	
36	0.6	0.017	0	1.0	36	0.6	0	0	0	
37	0.616	0.016	0	1.0	37	0.616	0	0	0	
38	0.633	0.017	0	1.0	38	0.633	0	0	0	
39	0.65	0.017	0	1.0	39	0.65	0	0	0	
40	0.666	0.017	0	1.0	40	0.667	0	0	0	
41	0.683	0.017	0	1.0	41	0.683	0	0	0	
42	0.7	0.017	0	1.0	42	0.7	0	0	0	
43	0.716	0.017	0	1.0	43	0.716	0	0	0	
44	0.733	0.017	0	1.0	44	0.733	0	0	0	
45	0.75	0.017	0	1.0	45	0.75	0	0	0	
46	0.767	0.017	0	1.0	46	0.767	0	0	0	
47	0.783	0.017	0	1.0	47	0.783	0	0	0	
48	0.8	0.017	0	1.0	48	0.8	0	0	0	
49	0.817	0.017	0	1.0	49	0.817	0	0	0	
50	0.833	0.017	0	1.0	50	0.833	0	0	0	
51	0.85	0.016	0	1.0	51	0.85	0	0	0	
52	0.867	0.017	0	1.0	52	0.867	0	0	0	
53	0.883	0.017	0	1.0	53	0.883	0	0	0	
54	0.9	0.017	0	1.0	54	0.9	0	0	0	
55	0.917	0.017	0	1.0	55	0.917	0	0	0	
56	0.934	0.017	0	1.0	56	0.934	0	0	0	
57	0.95	0.016	0	1.0	57	0.95	0	0	0	
58	0.967	0.017	0	1.0	58	0.967	0	0	0	
59	0.983	0.016	0	1.0	59	0.983	0	0	0	
60	1.0	0.017	0	1.0	60	1.0	0	0	0	
61	1.017	0.017	0	1.0	61	1.017	0	0	0	
62	1.033	0.017	0	1.0	62	1.033	0	0	0	
63	1.05	0.017	0	1.0	63	1.05	0	0	0	
64	1.068	0.018	0	1.0	64	1.068	0	0	0	
65	1.083	0.015	0	1.0	65	1.083	0	0	0	
66	1.1	0.018	0	1.0	66	1.1	0	0	0	
67	1.116	0.016	0	1.0	67	1.116	0	0	0	
68	1.134	0.018	0	1.0	68	1.134	0	0	0	
69	1.15	0.016	0	1.0	69	1.15	0	0	0	
70	1.167	0.017	0	1.0	70	1.167	0	0	0	
71	1.183	0.017	0	1.0	71	1.183	0	0	0	
72	1.2	0.017	0	1.0	72	1.2	0	0	0	
73	1.217	0.017	0	1.0	73	1.217	0	0	0	
74	1.234	0.018	0	1.0	74	1.234	0	0	0	
75	1.25	0.015	0	1.0	75	1.25	0	0	0	
76	1.267	0.018	0	1.0	76	1.267	0	0	0	
77	1.283	0.016	0	1.0	77	1.283	0	0	0	
78	1.3	0.017	0	1.0	78	1.3	0	0	0	
79	1.317	0.017	0	1.0	79	1.317	0	0	0	
80	1.333	0.017	0	1.0	80	1.333	0	0	0	
81	1.35	0.017	0	1.0	81	1.35	0	0	0	
82	1.367	0.017	0	1.0	82	1.367	0	0	0	
83	1.383	0.017	0	1.0	83	1.383	0	0	0	
84	1.4	0.016	0	1.0	84	1.4	0	0	0	
85	1.417	0.017	0	1.0	85	1.417	0	0	0	
86	1.433	0.016	0	1.0	86	1.433	0	0	0	
87	1.45	0.017	0	1.0	87	1.45	0	0	0	
88	1.467	0.017	0	1.0	88	1.467	0	0	0	
89	1.483	0.016	0	1.0	89	1.483	0	0	0	
90	1.5	0.017	0	1.0	90	1.5	0	0	0	
91	1.517	0.017	0	1.0	91	1.517	0	0	0	
92	1.534	0.017	0	1.0	92	1.534	0	0	0	
93	1.55	0.016	0	1.0	93	1.55	0	0	0	
94	1.567	0.017	0	1.0	94	1.567	0	0	0	
95	1.584	0.017	0	1.0	95	1.584	0	0	0	
96	1.6	0.016	0	1.0	96	1.6	0	0	0	
97	1.617	0.017	0	1.0	97	1.617	0	0	0	
98	1.633	0.017	0	1.0	98	1.633	0	0	0	
99	1.65	0.017	0	1.0	99	1.65	0	0	0	
100	1.666	0.016	0	1.0	100	1.666	0	0	0	
101	1.684	0.017	0	1.0	101	1.684	0	0	0	
102	1.7	0.016	0	1.0	102	1.7	0	0	0	
103	1.717	0.017	0	1.0	103	1.717	0	0	0	
104	1.734	0.017	0	1.0	104	1.734	0	0	0	
105	1.75	0.017	0	1.0	105	1.75	0	0	0	
106	1.767	0.016	0	1.0	106	1.767	0	0	0	
107	1.784	0.017	0	1.0	107	1.784	0	0	0	
108	1.8	0.016	0	1.0	108	1.8	0	0	0	
109	1.817	0.018	0	1.0	109	1.817	0	0	0	
110	1.833	0.016	0	1.0	110	1.833	0	0	0	
111	1.85	0.017	0	1.0	111	1.85	0	0	0	
112	1.867	0.017	0	1.0	112	1.867	0	0	0	
113	1.883	0.017	0	1.0	113	1.883	0	0	0	
114	1.9	0.017	0	1.0	114	1.9	0	0	0	
115	1.916	0.016	0	1.0	115	1.916	0	0	0	
116	1.934	0.018	0	1.0	116	1.934	0	0	0	
117	1.95	0.016	0	1.0	117	1.95	0	0	0	
118	1.967	0.017	0	1.0	118	1.967	0	0	0	
119	1.983	0.017	0	1.0	119	1.983	0	0	0	
120	2.0	0.017	0	1.0	120	2.0	0	0	0	
121	2.017	0.017	0	1.0	121	2.017	0	0	0	
122	2.034	0.017	0	2.0	1	0.017	[  0.         -32.33333333]	0	0	
123	2.05	0.016	0	2.0	2	0.033	[  0.         -32.16666667]	0	0	
124	2.069	0.018	0	2.0	3	0.052	[  0. -32.]	0	0	
125	2.084	0.015	0	2.0	4	0.067	[  0.         -31.83333333]	0	0	
126	2.101	0.017	0	2.0	5	0.084	[  0.         -31.66666667]	0	0	
127	2.118	0.017	0	2.0	6	0.101	[  0.  -31.5]	0	0	
128	2.134	0.016	0	2.0	7	0.117	[  0.         -31.33333333]	0	0	
129	2.15	0.016	0	2.0	8	0.133	[  0.         -31.16666667]	0	0	
130	2.167	0.017	0	2.0	9	0.15	[  0. -31.]	0	0	
131	2.184	0.017	0	2.0	10	0.167	[  0.         -30.83333333]	0	0	
132	2.201	0.017	0	2.0	11	0.184	[  0.         -30.66666667]	0	0	
133	2.217	0.017	0	2.0	12	0.2	[  0.  -30.5]	0	0	
134	2.234	0.017	0	2.0	13	0.217	[  0.         -30.33333333]	0	0	
135	2.25	0.016	0	2.0	14	0.233	[  0.         -30.16666667]	0	0	
136	2.267	0.017	0	2.0	15	0.25	[  0. -30.]	0	0	
137	2.284	0.017	0	2.0	16	0.267	[  0.         -29.83333333]	0	0	
138	2.3	0.016	0	2.0	17	0.283	[  0.         -29.66666667]	0	0	
139	2.317	0.017	0	2.0	18	0.301	[  0.  -29.5]	0	0	
140	2.334	0.017	0	2.0	19	0.317	[  0.         -29.33333333]	0	0	
141	2.351	0.017	0	2.0	20	0.334	[  0.         -29.16666667]	0	0	
142	2.367	0.016	0	2.0	21	0.35	[  0. -29.]	0	0	
143	2.384	0.017	0	2.0	22	0.367	[  0.         -28.83333333]	0	0	
144	2.401	0.017	0	2.0	23	0.384	[  0.         -28.66666667]	0	0	
145	2.417	0.016	0	2.0	24	0.4	[  0.  -28.5]	0	0	
146	2.435	0.018	0	2.0	25	0.418	[  0.         -28.33333333]	0	0	
147	2.45	0.016	0	2.0	26	0.434	[  0.         -28.16666667]	0	0	
148	2.467	0.017	0	2.0	27	0.451	[  0. -28.]	0	0	
149	2.484	0.017	0	2.0	28	0.468	[  0.         -27.83333333]	0	0	
150	2.5	0.016	0	2.0	29	0.484	[  0.         -27.66666667]	0	0	
151	2.517	0.017	0	2.0	30	0.501	[  0.  -27.5]	0	0	
152	2.534	0.017	0	2.0	31	0.517	[  0.         -27.33333333]	0	0	
153	2.551	0.017	0	2.0	32	0.534	[  0.         -27.16666667]	0	0	
154	2.567	0.016	0	2.0	33	0.55	[  0. -27.]	0	0	
155	2.584	0.017	0	2.0	34	0.567	[  0.         -26.83333333]	0	0	
156	2.601	0.017	0	2.0	35	0.584	[  0.         -26.66666667]	0	0	
157	2.617	0.016	0	2.0	36	0.6	[  0.  -26.5]	0	0	
158	2.635	0.018	0	2.0	37	0.618	[  0.         -26.33333333]	0	0	
159	2.651	0.016	0	2.0	38	0.634	[  0.         -26.16666667]	0	0	
160	2.668	0.017	0	2.0	39	0.651	[  0. -26.]	0	0	
161	2.684	0.017	0	2.0	40	0.667	[  0.         -25.83333333]	0	0	
162	2.701	0.017	0	2.0	41	0.684	[  0.         -25.66666667]	0	0	
163	2.718	0.017	0	2.0	42	0.701	[  0.  -25.5]	0	0	
164	2.734	0.017	0	2.0	43	0.717	[  0.         -25.33333333]	0	0	
165	2.751	0.017	0	2.0	44	0.734	[  0.         -25.16666667]	0	0	
166	2.767	0.016	0	2.0	45	0.75	[  0. -25.]	0	0	
167	2.784	0.017	0	2.0	46	0.768	[  0.         -24.83333333]	0	0	
168	2.801	0.017	0	2.0	47	0.784	[  0.         -24.66666667]	0	0	
169	2.818	0.017	0	2.0	48	0.801	[  0.  -24.5]	0	0	
170	2.834	0.017	0	2.0	49	0.818	[  0.         -24.33333333]	0	0	
171	2.851	0.017	0	2.0	50	0.834	[  0.         -24.16666667]	0	0	
172	2.868	0.017	0	2.0	51	0.851	[  0. -24.]	0	0	
173	2.884	0.017	0	2.0	52	0.868	[  0.         -23.83333333]	0	0	
174	2.901	0.017	0	2.0	53	0.884	[  0.         -23.66666667]	0	0	
175	2.918	0.017	0	2.0	54	0.901	[  0.  -23.5]	0	0	
176	2.934	0.017	0	2.0	55	0.918	[  0.         -23.33333333]	0	0	
177	2.951	0.017	0	2.0	56	0.935	[  0.         -23.16666667]	0	0	
178	2.967	0.016	0	2.0	57	0.951	[  0. -23.]	0	0	
179	2.984	0.017	0	2.0	58	0.968	[  0.         -22.83333333]	0	0	
180	3.001	0.017	0	2.0	59	0.984	[  0.         -22.66666667]	0	0	
181	3.017	0.016	0	2.0	60	1.001	[  0.  -22.5]	0	0	
182	3.034	0.017	0	2.0	61	1.018	[  0.         -22.33333333]	0	0	
183	3.051	0.017	0	2.0	62	1.034	[  0.         -22.16666667]	0	0	
184	3.068	0.017	0	2.0	63	1.051	[  0. -22.]	0	0	
185	3.084	0.016	0	2.0	64	1.068	[  0.         -21.83333333]	0	0	
186	3.101	0.017	0	2.0	65	1.084	[  0.         -21.66666667]	0	0	
187	3.118	0.017	0	2.0	66	1.102	[  0.  -21.5]	0	0	
188	3.135	0.017	0	2.0	67	1.119	[  0.         -21.33333333]	0	0	
189	3.151	0.015	0	2.0	68	1.134	[  0.         -21.16666667]	0	0	
190	3.168	0.018	0	2.0	69	1.151	[  0. -21.]	0	0	
191	3.184	0.016	0	2.0	70	1.167	[  0.         -20.83333333]	0	0	
192	3.201	0.017	0	2.0	71	1.184	[  0.         -20.66666667]	0	0	
193	3.218	0.017	0	2.0	72	1.201	[  0.  -20.5]	0	0	
194	3.234	0.016	0	2.0	73	1.217	[  0.         -20.33333333]	0	0	
195	3.251	0.017	0	2.0	74	1.234	[  0.         -20.16666667]	0	0	
196	3.268	0.017	0	2.0	75	1.251	[  0. -20.]	0	0	
197	3.284	0.017	0	2.0	76	1.268	[  0.         -19.83333333]	0	0	
198	3.302	0.017	0	2.0	77	1.285	[  0.         -19.66666667]	0	0	
199	3.318	0.016	0	2.0	78	1.301	[  0.  -19.5]	0	0	
200	3.335	0.017	0	2.0	79	1.318	[  0.         -19.33333333]	0	0	
201	3.351	0.016	0	2.0	80	1.334	[  0.         -19.16666667]	0	0	
202	3.368	0.017	0	2.0	81	1.351	[  0. -19.]	0	0	
203	3.384	0.016	0	2.0	82	1.367	[  0.         -18.83333333]	0	0	
204	3.401	0.017	0	2.0	83	1.384	[  0.         -18.66666667]	0	0	
205	3.418	0.017	0	2.0	84	1.401	[  0.  -18.5]	0	0	
206	3.435	0.017	0	2.0	85	1.418	[  0.         -18.33333333]	0	0	
207	3.451	0.017	0	2.0	86	1.434	[  0.         -18.16666667]	0	0	
208	3.468	0.017	0	2.0	87	1.452	[  0. -18.]	0	0	
209	3.484	0.016	0	2.0	88	1.467	[  0.         -17.83333333]	0	0	
210	3.501	0.017	0	2.0	89	1.484	[  0.         -17.66666667]	0	0	
211	3.517	0.016	0	2.0	90	1.5	[  0.  -17.5]	0	0	
212	3.534	0.017	0	2.0	91	1.518	[  0.         -17.33333333]	0	0	
213	3.551	0.017	0	2.0	92	1.535	[  0.         -17.16666667]	0	0	
214	3.568	0.017	0	2.0	93	1.551	[  0. -17.]	0	0	
215	3.585	0.017	0	2.0	94	1.568	[  0.         -16.83333333]	0	0	
216	3.601	0.016	0	2.0	95	1.584	[  0.         -16.66666667]	0	0	
217	3.618	0.017	0	2.0	96	1.601	[  0.  -16.5]	0	0	
218	3.634	0.016	0	2.0	97	1.617	[  0.         -16.33333333]	0	0	
219	3.651	0.017	0	2.0	98	1.634	[  0.         -16.16666667]	0	0	
220	3.668	0.017	0	2.0	99	1.651	[  0. -16.]	0	0	
221	3.684	0.016	0	2.0	100	1.667	[  0.         -15.83333333]	0	0	
222	3.702	0.018	0	2.0	101	1.685	[  0.         -15.66666667]	0	0	
223	3.718	0.016	0	2.0	102	1.701	[  0.  -15.5]	0	0	
224	3.735	0.017	0	2.0	103	1.718	[  0.         -15.33333333]	0	0	
225	3.751	0.017	0	2.0	104	1.735	[  0.         -15.16666667]	0	0	
226	3.768	0.017	0	2.0	105	1.751	[  0. -15.]	0	0	
227	3.784	0.016	0	2.0	106	1.767	[  0.         -14.83333333]	0	0	
228	3.801	0.017	0	2.0	107	1.785	[  0.         -14.66666667]	0	0	
229	3.818	0.017	0	2.0	108	1.801	[  0.  -14.5]	0	0	
230	3.835	0.017	0	2.0	109	1.818	[  0.         -14.33333333]	0	0	
231	3.851	0.017	0	2.0	110	1.835	[  0.         -14.16666667]	0	0	
232	3.868	0.017	0	2.0	111	1.851	[  0. -14.]	0	0	
233	3.884	0.016	0	2.0	112	1.867	[  0.         -13.83333333]	0	0	
234	3.901	0.017	0	2.0	113	1.885	[  0.         -13.66666667]	0	0	
235	3.918	0.017	0	2.0	114	1.901	[  0.  -13.5]	0	0	
236	3.935	0.017	0	2.0	115	1.918	[  0.         -13.33333333]	0	0	
237	3.951	0.017	0	2.0	116	1.935	[  0.         -13.16666667]	0	0	
238	3.968	0.017	0	2.0	117	1.951	[  0. -13.]	0	0	
239	3.984	0.016	0	2.0	118	1.967	[  0.         -12.83333333]	0	0	
240	4.001	0.017	0	2.0	119	1.985	[  0.         -12.66666667]	0	0	
241	4.018	0.017	0	2.0	120	2.001	[  0.  -12.5]	0	0	
242	4.035	0.017	0	2.0	121	2.018	[  0.         -12.33333333]	0	0	
243	4.052	0.017	0	2.0	122	2.035	[  0.         -12.16666667]	0	0	
244	4.068	0.016	0	2.0	123	2.051	[  0. -12.]	0	0	
245	4.085	0.017	0	2.0	124	2.068	[  0.         -11.83333333]	0	0	
246	4.102	0.017	0	2.0	125	2.085	[  0.         -11.66666667]	0	0	
247	4.119	0.017	0	2.0	126	2.102	[  0.  -11.5]	0	0	
248	4.134	0.015	0	2.0	127	2.117	[  0.         -11.33333333]	0	0	
249	4.151	0.017	0	2.0	128	2.134	[  0.         -11.16666667]	0	0	
250	4.168	0.017	0	2.0	129	2.151	[  0. -11.]	0	0	
251	4.186	0.017	0	2.0	130	2.169	[  0.         -10.83333333]	0	0	
252	4.202	0.016	0	2.0	131	2.185	[  0.         -10.66666667]	0	0	
253	4.218	0.016	0	2.0	132	2.201	[  0.  -10.5]	0	0	
254	4.235	0.017	0	2.0	133	2.218	[  0.         -10.33333333]	0	0	
255	4.251	0.016	0	2.0	134	2.234	[  0.         -10.16666667]	0	0	
256	4.268	0.017	0	2.0	135	2.251	[  0. -10.]	0	0	
257	4.285	0.017	0	2.0	136	2.268	[ 0.         -9.83333333]	0	0	
258	4.302	0.017	0	2.0	137	2.285	[ 0.         -9.66666667]	0	0	
259	4.318	0.017	0	2.0	138	2.302	[ 0.  -9.5]	0	0	
260	4.335	0.017	0	2.0	139	2.318	[ 0.         -9.33333333]	0	0	
261	4.352	0.017	0	2.0	140	2.335	[ 0.         -9.16666667]	0	0	
262	4.368	0.016	0	2.0	141	2.351	[ 0. -9.]	0	0	
263	4.385	0.017	0	2.0	142	2.368	[ 0.         -8.83333333]	0	0	
264	4.401	0.016	0	2.0	143	2.384	[ 0.         -8.66666667]	0	0	
265	4.418	0.017	0	2.0	144	2.402	[ 0.  -8.5]	0	0	
266	4.435	0.017	0	2.0	145	2.418	[ 0.         -8.33333333]	0	0	
267	4.452	0.017	0	2.0	146	2.435	[ 0.         -8.16666667]	0	0	
268	4.468	0.016	0	2.0	147	2.451	[ 0. -8.]	0	0	
269	4.485	0.017	0	2.0	148	2.468	[ 0.         -7.83333333]	0	0	
270	4.502	0.016	0	2.0	149	2.485	[ 0.         -7.66666667]	0	0	
271	4.518	0.017	0	2.0	150	2.502	[ 0.  -7.5]	0	0	
272	4.535	0.017	0	2.0	151	2.518	[ 0.         -7.33333333]	0	0	
273	4.551	0.016	0	2.0	152	2.534	[ 0.         -7.16666667]	0	0	
274	4.568	0.017	0	2.0	153	2.552	[ 0. -7.]	0	0	
275	4.585	0.017	0	2.0	154	2.568	[ 0.         -6.83333333]	0	0	
276	4.602	0.017	0	2.0	155	2.585	[ 0.         -6.66666667]	0	0	
277	4.618	0.017	0	2.0	156	2.602	[ 0.  -6.5]	0	0	
278	4.635	0.017	0	2.0	157	2.618	[ 0.         -6.33333333]	0	0	
279	4.651	0.016	0	2.0	158	2.634	[ 0.         -6.16666667]	0	0	
280	4.668	0.017	0	2.0	159	2.652	[ 0. -6.]	0	0	
281	4.685	0.017	0	2.0	160	2.668	[ 0.         -5.83333333]	0	0	
282	4.701	0.016	0	2.0	161	2.684	[ 0.         -5.66666667]	0	0	
283	4.718	0.017	0	2.0	162	2.702	[ 0.  -5.5]	0	0	
284	4.735	0.017	0	2.0	163	2.718	[ 0.         -5.33333333]	0	0	
285	4.752	0.017	0	2.0	164	2.735	[ 0.         -5.16666667]	0	0	
286	4.768	0.016	0	2.0	165	2.751	[ 0. -5.]	0	0	
287	4.786	0.018	0	2.0	166	2.769	[ 0.         -4.83333333]	0	0	
288	4.801	0.016	0	2.0	167	2.784	[ 0.         -4.66666667]	0	0	
289	4.818	0.017	0	2.0	168	2.802	[ 0.  -4.5]	0	0	
290	4.835	0.017	0	2.0	169	2.818	[ 0.         -4.33333333]	0	0	
291	4.851	0.016	0	2.0	170	2.834	[ 0.         -4.16666667]	0	0	
292	4.868	0.017	0	2.0	171	2.852	[ 0. -4.]	0	0	
293	4.885	0.017	0	2.0	172	2.868	[ 0.         -3.83333333]	0	0	
294	4.902	0.016	0	2.0	173	2.885	[ 0.         -3.66666667]	0	0	
295	4.919	0.017	0	2.0	174	2.902	[ 0.  -3.5]	0	0	
296	4.935	0.017	0	2.0	175	2.918	[ 0.         -3.33333333]	0	0	
297	4.951	0.016	0	2.0	176	2.934	[ 0.         -3.16666667]	0	0	
298	4.969	0.017	0	2.0	177	2.952	[ 0. -3.]	0	0	
299	4.985	0.016	0	2.0	178	2.968	[ 0.         -2.83333333]	0	0	
300	5.001	0.016	0	2.0	179	2.985	[ 0.         -2.66666667]	0	0	
301	5.019	0.017	0	2.0	180	3.002	[ 0.  -2.5]	0	0	
302	5.035	0.017	0	2.0	181	3.018	[ 0.         -2.33333333]	0	0	
303	5.051	0.016	0	2.0	182	3.034	[ 0.         -2.16666667]	0	0	
304	5.068	0.017	0	2.0	183	3.052	[ 0. -2.]	0	0	
305	5.085	0.017	0	2.0	184	3.068	[ 0.         -1.83333333]	0	0	
306	5.102	0.017	0	2.0	185	3.085	[ 0.         -1.66666667]	0	0	
307	5.119	0.017	0	2.0	186	3.102	[ 0.  -1.5]	0	0	
308	5.135	0.017	0	2.0	187	3.118	[ 0.         -1.33333333]	0	0	
309	5.154	0.018	0	2.0	188	3.137	[ 0.         -1.16666667]	0	0	
310	5.171	0.017	0	2.0	189	3.154	[ 0. -1.]	0	0	
311	5.187	0.016	0	2.0	190	3.17	[ 0.         -0.83333333]	0	0	
312	5.204	0.017	0	2.0	191	3.187	[ 0.         -0.66666667]	0	0	
313	5.22	0.017	0	2.0	192	3.203	[ 0.  -0.5]	0	0	
314	5.237	0.017	0	2.0	193	3.22	[ 0.         -0.33333333]	0	0	
315	5.254	0.017	0	2.0	194	3.237	[ 0.         -0.16666667]	0	0	
316	5.272	0.018	0	2.0	195	3.255	[0.00000000e+00 8.25450819e-14]	0	0	
317	5.286	0.015	0	2.0	196	3.27	[0.         0.16666667]	0	0	
318	5.303	0.017	0	2.0	197	3.287	[0.         0.33333333]	0	0	
319	5.32	0.017	0	2.0	198	3.303	[0.  0.5]	0	0	
320	5.337	0.017	0	2.0	199	3.32	[0.         0.66666667]	0	0	
321	5.353	0.016	0	2.0	200	3.336	[0.         0.83333333]	0	0	
322	5.37	0.017	0	2.0	201	3.354	[0. 1.]	0	0	
323	5.387	0.017	0	2.0	202	3.371	[0.         1.16666667]	0	0	
324	5.404	0.016	0	2.0	203	3.387	[0.         1.33333333]	0	0	
325	5.42	0.016	0	2.0	204	3.403	[0.  1.5]	0	0	
326	5.438	0.018	0	2.0	205	3.421	[0.         1.66666667]	0	0	
327	5.453	0.016	0	2.0	206	3.436	[0.         1.83333333]	0	0	
328	5.47	0.017	0	2.0	207	3.454	[0. 2.]	0	0	
329	5.487	0.017	0	2.0	208	3.47	[0.         2.16666667]	0	0	
330	5.504	0.017	0	2.0	209	3.487	[0.         2.33333333]	0	0	
331	5.52	0.017	0	2.0	210	3.503	[0.  2.5]	0	0	
332	5.537	0.017	0	2.0	211	3.52	[0.         2.66666667]	0	0	
333	5.553	0.016	0	2.0	212	3.536	[0.         2.83333333]	0	0	
334	5.57	0.017	0	2.0	213	3.553	[0. 3.]	0	0	
335	5.587	0.017	0	2.0	214	3.57	[0.         3.16666667]	0	0	
336	5.603	0.016	0	2.0	215	3.586	[0.         3.33333333]	0	0	
337	5.62	0.017	0	2.0	216	3.604	[0.  3.5]	0	0	
338	5.637	0.017	0	2.0	217	3.62	[0.         3.66666667]	0	0	
339	5.653	0.016	0	2.0	218	3.636	[0.         3.83333333]	0	0	
340	5.67	0.017	0	2.0	219	3.654	[0. 4.]	0	0	
341	5.687	0.017	0	2.0	220	3.67	[0.         4.16666667]	0	0	
342	5.703	0.016	0	2.0	221	3.687	[0.         4.33333333]	0	0	
343	5.72	0.017	0	2.0	222	3.704	[0.  4.5]	0	0	
344	5.737	0.017	0	2.0	223	3.72	[0.         4.66666667]	0	0	
345	5.753	0.016	0	2.0	224	3.737	[0.         4.83333333]	0	0	
346	5.77	0.017	0	2.0	225	3.754	[0. 5.]	0	0	
347	5.787	0.017	0	2.0	226	3.77	[0.         5.16666667]	0	0	
348	5.804	0.017	0	2.0	227	3.787	[0.         5.33333333]	0	0	
349	5.82	0.017	0	2.0	228	3.804	[0.  5.5]	0	0	
350	5.837	0.017	0	2.0	229	3.82	[0.         5.66666667]	0	0	
351	5.854	0.017	0	2.0	230	3.837	[0.         5.83333333]	0	0	
352	5.87	0.017	0	2.0	231	3.854	[0. 6.]	0	0	
353	5.887	0.017	0	2.0	232	3.87	[0.         6.16666667]	0	0	
354	5.904	0.017	0	2.0	233	3.887	[0.         6.33333333]	0	0	
355	5.92	0.016	0	2.0	234	3.903	[0.  6.5]	0	0	
356	5.937	0.017	0	2.0	235	3.92	[0.         6.66666667]	0	0	
357	5.954	0.017	0	2.0	236	3.937	[0.         6.83333333]	0	0	
358	5.97	0.016	0	2.0	237	3.954	[0. 7.]	0	0	
359	5.987	0.017	0	2.0	238	3.97	[0.         7.16666667]	0	0	
360	6.004	0.017	0	2.0	239	3.987	[0.         7.33333333]	0	0	
361	6.02	0.017	0	2.0	240	4.004	[0.  7.5]	0	0	
362	6.037	0.017	0	2.0	241	4.02	[0.         7.66666667]	0	0	
363	6.054	0.017	0	2.0	242	4.037	[0.         7.83333333]	0	0	
364	6.07	0.016	0	2.0	243	4.054	[0. 8.]	0	0	
365	6.087	0.017	0	2.0	244	4.07	[0.         8.16666667]	0	0	
366	6.103	0.016	0	2.0	245	4.087	[0.         8.33333333]	0	0	
367	6.12	0.017	0	2.0	246	4.104	[0.  8.5]	0	0	
368	6.137	0.017	0	2.0	247	4.12	[0.         8.66666667]	0	0	
369	6.154	0.017	0	2.0	248	4.137	[0.         8.83333333]	0	0	
370	6.17	0.017	0	2.0	249	4.154	[0. 9.]	0	0	
371	6.187	0.017	0	2.0	250	4.17	[0.         9.16666667]	0	0	
372	6.204	0.017	0	2.0	251	4.187	[0.         9.33333333]	0	0	
373	6.22	0.016	0	2.0	252	4.204	[0.  9.5]	0	0	
374	6.237	0.017	0	2.0	253	4.22	[0.         9.66666667]	0	0	
375	6.254	0.017	0	2.0	254	4.237	[0.         9.83333333]	0	0	
376	6.27	0.016	0	2.0	255	4.254	[ 0. 10.]	0	0	
377	6.287	0.017	0	2.0	256	4.27	[ 0.         10.16666667]	0	0	
378	6.304	0.017	0	2.0	257	4.287	[ 0.         10.33333333]	0	0	
379	6.321	0.018	0	2.0	258	4.305	[ 0.  10.5]	0	0	
380	6.338	0.016	0	2.0	259	4.321	[ 0.         10.66666667]	0	0	
381	6.354	0.016	0	2.0	260	4.337	[ 0.         10.83333333]	0	0	
382	6.37	0.016	0	2.0	261	4.353	[ 0. 11.]	0	0	
383	6.387	0.017	0	2.0	262	4.371	[ 0.         11.16666667]	0	0	
384	6.404	0.017	0	2.0	263	4.387	[ 0.         11.33333333]	0	0	
385	6.42	0.016	0	2.0	264	4.403	[ 0.  11.5]	0	0	
386	6.437	0.017	0	2.0	265	4.42	[ 0.         11.66666667]	0	0	
387	6.454	0.017	0	2.0	266	4.437	[ 0.         11.83333333]	0	0	
388	6.471	0.017	0	2.0	267	4.454	[ 0. 12.]	0	0	
389	6.487	0.017	0	2.0	268	4.471	[ 0.         12.16666667]	0	0	
390	6.505	0.017	0	2.0	269	4.488	[ 0.         12.33333333]	0	0	
391	6.52	0.016	0	2.0	270	4.504	[ 0.  12.5]	0	0	
392	6.537	0.017	0	2.0	271	4.52	[ 0.         12.66666667]	0	0	
393	6.554	0.017	0	2.0	272	4.537	[ 0.         12.83333333]	0	0	
394	6.571	0.017	0	2.0	273	4.554	[ 0. 13.]	0	0	
395	6.587	0.017	0	2.0	274	4.571	[ 0.         13.16666667]	0	0	
396	6.604	0.017	0	2.0	275	4.587	[ 0.         13.33333333]	0	0	
397	6.62	0.016	0	2.0	276	4.604	[ 0.  13.5]	0	0	
398	6.637	0.017	0	2.0	277	4.621	[ 0.         13.66666667]	0	0	
399	6.654	0.017	0	2.0	278	4.637	[ 0.         13.83333333]	0	0	
400	6.67	0.016	0	2.0	279	4.653	[ 0. 14.]	0	0	
401	6.687	0.017	0	2.0	280	4.671	[ 0.         14.16666667]	0	0	
402	6.704	0.017	0	2.0	281	4.687	[ 0.         14.33333333]	0	0	
403	6.721	0.017	0	2.0	282	4.704	[ 0.  14.5]	0	0	
404	6.737	0.016	0	2.0	283	4.72	[ 0.         14.66666667]	0	0	
405	6.754	0.017	0	2.0	284	4.737	[ 0.         14.83333333]	0	0	
406	6.77	0.016	0	2.0	285	4.754	[ 0. 15.]	0	0	
407	6.787	0.017	0	2.0	286	4.771	[ 0.         15.16666667]	0	0	
408	6.804	0.017	0	2.0	287	4.787	[ 0.         15.33333333]	0	0	
409	6.82	0.016	0	2.0	288	4.804	[ 0.  15.5]	0	0	
410	6.837	0.017	0	2.0	289	4.821	[ 0.         15.66666667]	0	0	
411	6.854	0.017	0	2.0	290	4.837	[ 0.         15.83333333]	0	0	
412	6.87	0.016	0	2.0	291	4.853	[ 0. 16.]	0	0	
413	6.887	0.017	0	2.0	292	4.871	[ 0.         16.16666667]	0	0	
414	6.905	0.017	0	2.0	293	4.888	[ 0.         16.33333333]	0	0	
415	6.921	0.017	0	2.0	294	4.904	[ 0.  16.5]	0	0	
416	6.937	0.016	0	2.0	295	4.921	[ 0.         16.66666667]	0	0	
417	6.954	0.017	0	2.0	296	4.937	[ 0.         16.83333333]	0	0	
418	6.971	0.017	0	2.0	297	4.954	[ 0. 17.]	0	0	
419	6.987	0.016	0	2.0	298	4.97	[ 0.         17.16666667]	0	0	
420	7.004	0.017	0	2.0	299	4.987	[ 0.         17.33333333]	0	0	
421	7.021	0.017	0	2.0	300	5.004	[ 0.  17.5]	0	0	
422	7.037	0.017	0	2.0	301	5.021	[ 0.         17.66666667]	0	0	
423	7.054	0.017	0	2.0	302	5.037	[ 0.         17.83333333]	0	0	
424	7.071	0.017	0	2.0	303	5.054	[ 0. 18.]	0	0	
425	7.087	0.016	0	2.0	304	5.07	[ 0.         18.16666667]	0	0	
426	7.104	0.017	0	2.0	305	5.087	[ 0.         18.33333333]	0	0	
427	7.121	0.017	0	2.0	306	5.104	[ 0.  18.5]	0	0	
428	7.137	0.016	0	2.0	307	5.12	[ 0.         18.66666667]	0	0	
429	7.154	0.017	0	2.0	308	5.137	[ 0.         18.83333333]	0	0	
430	7.171	0.017	0	2.0	309	5.154	[ 0. 19.]	0	0	
431	7.188	0.017	0	2.0	310	5.171	[ 0.         19.16666667]	0	0	
432	7.204	0.017	0	2.0	311	5.187	[ 0.         19.33333333]	0	0	
433	7.221	0.017	0	2.0	312	5.204	[ 0.  19.5]	0	0	
434	7.237	0.016	0	2.0	313	5.22	[ 0.         19.66666667]	0	0	
435	7.254	0.017	0	2.0	314	5.238	[ 0.         19.83333333]	0	0	
436	7.271	0.017	0	2.0	315	5.254	[ 0. 20.]	0	0	
437	7.288	0.017	0	2.0	316	5.271	[ 0.         20.16666667]	0	0	
438	7.304	0.017	0	2.0	317	5.288	[ 0.         20.33333333]	0	0	
439	7.321	0.017	0	2.0	318	5.304	[ 0.  20.5]	0	0	
440	7.338	0.017	0	2.0	319	5.321	[ 0.         20.66666667]	0	0	
441	7.354	0.016	0	2.0	320	5.337	[ 0.         20.83333333]	0	0	
442	7.371	0.017	0	2.0	321	5.354	[ 0. 21.]	0	0	
443	7.388	0.017	0	2.0	322	5.371	[ 0.         21.16666667]	0	0	
444	7.405	0.017	0	2.0	323	5.389	[ 0.         21.33333333]	0	0	
445	7.421	0.015	0	2.0	324	5.404	[ 0.  21.5]	0	0	
446	7.438	0.017	0	2.0	325	5.421	[ 0.         21.66666667]	0	0	
447	7.454	0.017	0	2.0	326	5.438	[ 0.         21.83333333]	0	0	
448	7.471	0.017	0	2.0	327	5.454	[ 0. 22.]	0	0	
449	7.487	0.016	0	2.0	328	5.47	[ 0.         22.16666667]	0	0	
450	7.504	0.017	0	2.0	329	5.487	[ 0.         22.33333333]	0	0	
451	7.521	0.017	0	2.0	330	5.504	[ 0.  22.5]	0	0	
452	7.538	0.017	0	2.0	331	5.521	[ 0.         22.66666667]	0	0	
453	7.554	0.017	0	2.0	332	5.538	[ 0.         22.83333333]	0	0	
454	7.572	0.017	0	2.0	333	5.555	[ 0. 23.]	0	0	
455	7.588	0.016	0	2.0	334	5.571	[ 0.         23.16666667]	0	0	
456	7.604	0.017	0	2.0	335	5.588	[ 0.         23.33333333]	0	0	
457	7.621	0.017	0	2.0	336	5.604	[ 0.  23.5]	0	0	
458	7.637	0.016	0	2.0	337	5.62	[ 0.         23.66666667]	0	0	
459	7.654	0.017	0	2.0	338	5.638	[ 0.         23.83333333]	0	0	
460	7.671	0.017	0	2.0	339	5.654	[ 0. 24.]	0	0	
461	7.687	0.016	0	2.0	340	5.67	[ 0.         24.16666667]	0	0	
462	7.704	0.017	0	2.0	341	5.688	[ 0.         24.33333333]	0	0	
463	7.721	0.017	0	2.0	342	5.704	[ 0.  24.5]	0	0	
464	7.737	0.016	0	2.0	343	5.721	[ 0.         24.66666667]	0	0	
465	7.754	0.017	0	2.0	344	5.738	[ 0.         24.83333333]	0	0	
466	7.771	0.017	0	2.0	345	5.754	[ 0. 25.]	0	0	
467	7.788	0.017	0	2.0	346	5.771	[ 0.         25.16666667]	0	0	
468	7.805	0.017	0	2.0	347	5.788	[ 0.         25.33333333]	0	0	
469	7.821	0.017	0	2.0	348	5.804	[ 0.  25.5]	0	0	
470	7.838	0.017	0	2.0	349	5.821	[ 0.         25.66666667]	0	0	
471	7.854	0.016	0	2.0	350	5.837	[ 0.         25.83333333]	0	0	
472	7.871	0.017	0	2.0	351	5.854	[ 0. 26.]	0	0	
473	7.888	0.017	0	2.0	352	5.871	[ 0.         26.16666667]	0	0	
474	7.904	0.016	0	2.0	353	5.888	[ 0.         26.33333333]	0	0	
475	7.921	0.017	0	2.0	354	5.904	[ 0.  26.5]	0	0	
476	7.938	0.017	0	2.0	355	5.921	[ 0.         26.66666667]	0	0	
477	7.954	0.016	0	2.0	356	5.937	[ 0.         26.83333333]	0	0	
478	7.971	0.017	0	2.0	357	5.955	[ 0. 27.]	0	0	
479	7.988	0.017	0	2.0	358	5.971	[ 0.         27.16666667]	0	0	
480	8.004	0.016	0	2.0	359	5.987	[ 0.         27.33333333]	0	0	
481	8.021	0.017	0	2.0	360	6.004	[ 0.  27.5]	0	0	
482	8.038	0.017	0	2.0	361	6.021	[ 0.         27.66666667]	0	0	
483	8.054	0.017	0	2.0	362	6.038	[ 0.         27.83333333]	0	0	
484	8.071	0.017	0	2.0	363	6.054	[ 0. 28.]	0	0	
485	8.088	0.017	0	2.0	364	6.071	[ 0.         28.16666667]	0	0	
486	8.105	0.017	0	2.0	365	6.088	[ 0.         28.33333333]	0	0	
487	8.121	0.017	0	2.0	366	6.105	[ 0.  28.5]	0	0	
488	8.138	0.017	0	2.0	367	6.121	[ 0.         28.66666667]	0	0	
489	8.155	0.017	0	2.0	368	6.138	[ 0.         28.83333333]	0	0	
490	8.171	0.017	0	2.0	369	6.155	[ 0. 29.]	0	0	
491	8.188	0.017	0	2.0	370	6.171	[ 0.         29.16666667]	0	0	
492	8.204	0.016	0	2.0	371	6.188	[ 0.         29.33333333]	0	0	
493	8.221	0.017	0	2.0	372	6.205	[ 0.  29.5]	0	0	
494	8.238	0.017	0	2.0	373	6.221	[ 0.         29.66666667]	0	0	
495	8.255	0.017	0	2.0	374	6.238	[ 0.         29.83333333]	0	0	
496	8.271	0.017	0	2.0	375	6.254	[ 0. 30.]	0	0	
497	8.288	0.017	0	2.0	376	6.272	[ 0.         30.16666667]	0	0	
498	8.305	0.016	0	2.0	377	6.288	[ 0.         30.33333333]	0	0	
499	8.321	0.017	0	2.0	378	6.305	[ 0.  30.5]	0	0	
500	8.338	0.017	0	2.0	379	6.321	[ 0.         30.66666667]	0	0	
501	8.355	0.017	0	2.0	380	6.338	[ 0.         30.83333333]	0	0	
502	8.371	0.016	0	2.0	381	6.354	[ 0. 31.]	0	0	
503	8.388	0.017	0	2.0	382	6.371	[ 0.         31.16666667]	0	0	
504	8.405	0.016	0	2.0	383	6.388	[ 0.         31.33333333]	0	0	
505	8.421	0.017	0	2.0	384	6.405	[ 0.  31.5]	0	0	
506	8.438	0.017	0	2.0	385	6.421	[ 0.         31.66666667]	0	0	
507	8.455	0.017	0	2.0	386	6.439	[ 0.         31.83333333]	0	0	
508	8.472	0.016	0	2.0	387	6.455	[ 0. 32.]	0	0	
509	8.488	0.016	0	2.0	388	6.471	[ 0.         32.16666667]	0	0	
510	8.505	0.016	0	2.0	389	6.488	[ 0.         32.33333333]	0	0	
511	8.521	0.016	0	2.0	390	6.504	[ 0.         32.33333333]	0	0	
512	8.538	0.017	0	1.0	1	0.017	0	0	0	
513	8.554	0.016	0	1.0	2	0.033	0	0	0	
514	8.571	0.017	0	1.0	3	0.05	0	0	0	
515	8.588	0.017	0	1.0	4	0.067	0	0	0	
516	8.605	0.017	0	1.0	5	0.084	0	0	0	
517	8.621	0.016	0	1.0	6	0.1	0	0	0	
518	8.639	0.018	0	1.0	7	0.118	0	0	0	
519	8.654	0.015	0	1.0	8	0.133	0	0	0	
520	8.671	0.017	0	1.0	9	0.15	0	0	0	
521	8.688	0.017	0	1.0	10	0.167	0	0	0	
522	8.704	0.016	0	1.0	11	0.183	0	0	0	
523	8.721	0.017	0	1.0	12	0.2	0	0	0	
524	8.738	0.017	0	1.0	13	0.217	0	0	0	
525	8.754	0.017	0	1.0	14	0.233	0	0	0	
526	8.771	0.017	0	1.0	15	0.25	0	0	0	
527	8.788	0.017	0	1.0	16	0.267	0	0	0	
528	8.804	0.016	0	1.0	17	0.283	0	0	0	
529	8.821	0.016	0	1.0	18	0.3	0	0	0	
530	8.838	0.017	0	1.0	19	0.317	0	0	0	
531	8.854	0.017	0	1.0	20	0.333	0	0	0	
532	8.871	0.017	0	1.0	21	0.35	0	0	0	
533	8.888	0.017	0	1.0	22	0.367	0	0	0	
534	8.904	0.016	0	1.0	23	0.383	0	0	0	
535	8.921	0.017	0	1.0	24	0.4	0	0	0	
536	8.938	0.017	0	1.0	25	0.417	0	0	0	
537	8.954	0.016	0	1.0	26	0.433	0	0	0	
538	8.971	0.017	0	1.0	27	0.45	0	0	0	
539	8.988	0.017	0	1.0	28	0.467	0	0	0	
540	9.005	0.017	0	1.0	29	0.484	0	0	0	
541	9.021	0.016	0	1.0	30	0.5	0	0	0	
542	9.038	0.017	0	1.0	31	0.517	0	0	0	
543	9.054	0.016	0	1.0	32	0.533	0	0	0	
544	9.071	0.017	0	1.0	33	0.55	0	0	0	
545	9.088	0.017	0	1.0	34	0.567	0	0	0	
546	9.104	0.016	0	1.0	35	0.583	0	0	0	
547	9.123	0.019	0	1.0	36	0.602	0	0	0	
548	9.138	0.015	0	1.0	37	0.616	0	0	0	
549	9.155	0.018	0	1.0	38	0.634	0	0	0	
550	9.171	0.016	0	1.0	39	0.65	0	0	0	
551	9.188	0.017	0	1.0	40	0.667	0	0	0	
552	9.205	0.017	0	1.0	41	0.684	0	0	0	
553	9.221	0.016	0	1.0	42	0.7	0	0	0	
554	9.238	0.017	0	1.0	43	0.717	0	0	0	
555	9.254	0.016	0	1.0	44	0.733	0	0	0	
556	9.271	0.017	0	1.0	45	0.75	0	0	0	
557	9.288	0.017	0	1.0	46	0.767	0	0	0	
558	9.304	0.016	0	1.0	47	0.783	0	0	0	
559	9.321	0.017	0	1.0	48	0.8	0	0	0	
560	9.338	0.017	0	1.0	49	0.817	0	0	0	
561	9.354	0.016	0	1.0	50	0.833	0	0	0	
562	9.371	0.017	0	1.0	51	0.85	0	0	0	
563	9.388	0.017	0	1.0	52	0.867	0	0	0	
564	9.404	0.016	0	1.0	53	0.883	0	0	0	
565	9.422	0.017	0	1.0	54	0.901	0	0	0	
566	9.438	0.016	0	1.0	55	0.916	0	0	0	
567	9.455	0.018	0	1.0	56	0.934	0	0	0	
568	9.471	0.016	0	1.0	57	0.95	0	0	0	
569	9.488	0.017	0	1.0	58	0.967	0	0	0	
570	9.505	0.017	0	1.0	59	0.984	0	0	0	
571	9.522	0.017	0	1.0	60	1.001	0	0	0	
572	9.539	0.017	0	1.0	61	1.018	0	0	0	
573	9.555	0.016	0	1.0	62	1.034	0	0	0	
574	9.571	0.017	0	1.0	63	1.05	0	0	0	
575	9.589	0.017	0	1.0	64	1.067	0	0	0	
576	9.604	0.016	0	1.0	65	1.083	0	0	0	
577	9.622	0.018	0	1.0	66	1.101	0	0	0	
578	9.637	0.015	0	1.0	67	1.116	0	0	0	
579	9.655	0.018	0	1.0	68	1.134	0	0	0	
580	9.671	0.016	0	1.0	69	1.15	0	0	0	
581	9.688	0.017	0	1.0	70	1.167	0	0	0	
582	9.705	0.017	0	1.0	71	1.184	0	0	0	
583	9.722	0.017	0	1.0	72	1.201	0	0	0	
584	9.738	0.016	0	1.0	73	1.217	0	0	0	
585	9.755	0.017	0	1.0	74	1.234	0	0	0	
586	9.771	0.016	0	1.0	75	1.25	0	0	0	
587	9.788	0.017	0	1.0	76	1.267	0	0	0	
588	9.805	0.017	0	1.0	77	1.284	0	0	0	
589	9.823	0.018	0	1.0	78	1.301	0	0	0	
590	9.838	0.016	0	1.0	79	1.317	0	0	0	
591	9.855	0.017	0	1.0	80	1.334	0	0	0	
592	9.872	0.017	0	1.0	81	1.351	0	0	0	
593	9.888	0.016	0	1.0	82	1.367	0	0	0	
594	9.905	0.017	0	1.0	83	1.384	0	0	0	
595	9.922	0.017	0	1.0	84	1.401	0	0	0	
596	9.938	0.016	0	1.0	85	1.417	0	0	0	
597	9.955	0.017	0	1.0	86	1.434	0	0	0	
598	9.971	0.016	0	1.0	87	1.45	0	0	0	
599	9.988	0.017	0	1.0	88	1.467	0	0	0	
600	10.005	0.017	0	1.0	89	1.484	0	0	0	
601	10.022	0.017	0	1.0	90	1.501	0	0	0	
602	10.038	0.016	0	1.0	91	1.517	0	0	0	
603	10.055	0.017	0	1.0	92	1.534	0	0	0	
604	10.071	0.016	0	1.0	93	1.55	0	0	0	
605	10.088	0.017	0	1.0	94	1.567	0	0	0	
606	10.105	0.017	0	1.0	95	1.584	0	0	0	
607	10.122	0.017	0	1.0	96	1.601	0	0	0	
608	10.138	0.015	0	1.0	97	1.617	0	0	0	
609	10.157	0.019	0	1.0	98	1.636	0	0	0	
610	10.173	0.016	0	1.0	99	1.652	0	0	0	
611	10.19	0.016	0	1.0	100	1.669	0	0	0	
612	10.207	0.017	0	1.0	101	1.685	0	0	0	
613	10.223	0.017	0	1.0	102	1.702	0	0	0	
614	10.24	0.017	0	1.0	103	1.719	0	0	0	
615	10.257	0.017	0	1.0	104	1.736	0	0	0	
616	10.273	0.016	0	1.0	105	1.752	0	0	0	
617	10.29	0.017	0	1.0	106	1.769	0	0	0	
618	10.307	0.017	0	1.0	107	1.785	0	0	0	
619	10.324	0.018	0	1.0	108	1.803	0	0	0	
620	10.34	0.015	0	1.0	109	1.818	0	0	0	
621	10.357	0.018	0	1.0	110	1.836	0	0	0	
622	10.373	0.016	0	1.0	111	1.852	0	0	0	
623	10.39	0.017	0	1.0	112	1.869	0	0	0	
624	10.407	0.017	0	1.0	113	1.886	0	0	0	
625	10.423	0.016	0	1.0	114	1.902	0	0	0	
626	10.44	0.017	0	1.0	115	1.919	0	0	0	
627	10.457	0.017	0	1.0	116	1.936	0	0	0	
628	10.473	0.016	0	1.0	117	1.952	0	0	0	
629	10.49	0.016	0	1.0	118	1.969	0	0	0	
630	10.507	0.017	0	1.0	119	1.986	0	0	0	
631	10.523	0.016	0	1.0	120	2.002	0	0	0	
632	10.54	0.017	0	6.0	1	0.017	[-2.85750920e-16  3.23333333e+01]	0	0	
633	10.557	0.017	0	6.0	2	0.033	[-2.65340140e-16  3.21666667e+01]	0	0	
634	10.574	0.017	0	6.0	3	0.05	[-2.4492936e-16  3.2000000e+01]	0	0	
635	10.591	0.017	0	6.0	4	0.067	[-2.24518580e-16  3.18333333e+01]	0	0	
636	10.608	0.017	0	6.0	5	0.084	[-2.04107800e-16  3.16666667e+01]	0	0	
637	10.623	0.015	0	6.0	6	0.1	[-1.8369702e-16  3.1500000e+01]	0	0	
638	10.64	0.017	0	6.0	7	0.117	[-1.63286240e-16  3.13333333e+01]	0	0	
639	10.657	0.017	0	6.0	8	0.133	[-1.42875460e-16  3.11666667e+01]	0	0	
640	10.674	0.017	0	6.0	9	0.15	[-1.2246468e-16  3.1000000e+01]	0	0	
641	10.691	0.017	0	6.0	10	0.167	[-1.02053900e-16  3.08333333e+01]	0	0	
642	10.707	0.017	0	6.0	11	0.184	[-8.16431199e-17  3.06666667e+01]	0	0	
643	10.724	0.017	0	6.0	12	0.2	[-6.123234e-17  3.050000e+01]	0	0	
644	10.741	0.017	0	6.0	13	0.217	[-4.08215600e-17  3.03333333e+01]	0	0	
645	10.757	0.017	0	6.0	14	0.234	[-2.04107800e-17  3.01666667e+01]	0	0	
646	10.774	0.017	0	6.0	15	0.251	[3.08148791e-32 3.00000000e+01]	0	0	
647	10.79	0.016	0	6.0	16	0.266	[2.04107800e-17 2.98333333e+01]	0	0	
648	10.807	0.017	0	6.0	17	0.284	[4.08215600e-17 2.96666667e+01]	0	0	
649	10.824	0.017	0	6.0	18	0.3	[6.123234e-17 2.950000e+01]	0	0	
650	10.841	0.017	0	6.0	19	0.317	[8.16431199e-17 2.93333333e+01]	0	0	
651	10.857	0.017	0	6.0	20	0.334	[1.02053900e-16 2.91666667e+01]	0	0	
652	10.874	0.017	0	6.0	21	0.35	[1.2246468e-16 2.9000000e+01]	0	0	
653	10.891	0.017	0	6.0	22	0.367	[1.42875460e-16 2.88333333e+01]	0	0	
654	10.907	0.017	0	6.0	23	0.384	[1.63286240e-16 2.86666667e+01]	0	0	
655	10.924	0.017	0	6.0	24	0.4	[1.8369702e-16 2.8500000e+01]	0	0	
656	10.941	0.017	0	6.0	25	0.417	[2.04107800e-16 2.83333333e+01]	0	0	
657	10.957	0.017	0	6.0	26	0.434	[2.24518580e-16 2.81666667e+01]	0	0	
658	10.974	0.017	0	6.0	27	0.45	[2.4492936e-16 2.8000000e+01]	0	0	
659	10.991	0.017	0	6.0	28	0.467	[2.65340140e-16 2.78333333e+01]	0	0	
660	11.007	0.017	0	6.0	29	0.484	[2.85750920e-16 2.76666667e+01]	0	0	
661	11.024	0.017	0	6.0	30	0.5	[3.061617e-16 2.750000e+01]	0	0	
662	11.041	0.016	0	6.0	31	0.517	[3.26572480e-16 2.73333333e+01]	0	0	
663	11.057	0.017	0	6.0	32	0.534	[3.46983260e-16 2.71666667e+01]	0	0	
664	11.074	0.017	0	6.0	33	0.55	[3.6739404e-16 2.7000000e+01]	0	0	
665	11.091	0.016	0	6.0	34	0.567	[3.87804820e-16 2.68333333e+01]	0	0	
666	11.107	0.017	0	6.0	35	0.584	[4.08215600e-16 2.66666667e+01]	0	0	
667	11.124	0.017	0	6.0	36	0.6	[4.2862638e-16 2.6500000e+01]	0	0	
668	11.141	0.016	0	6.0	37	0.617	[4.49037160e-16 2.63333333e+01]	0	0	
669	11.157	0.017	0	6.0	38	0.634	[4.69447940e-16 2.61666667e+01]	0	0	
670	11.174	0.017	0	6.0	39	0.65	[4.8985872e-16 2.6000000e+01]	0	0	
671	11.191	0.017	0	6.0	40	0.667	[5.10269500e-16 2.58333333e+01]	0	0	
672	11.207	0.017	0	6.0	41	0.684	[5.30680280e-16 2.56666667e+01]	0	0	
673	11.224	0.017	0	6.0	42	0.7	[5.5109106e-16 2.5500000e+01]	0	0	
674	11.241	0.017	0	6.0	43	0.717	[5.71501840e-16 2.53333333e+01]	0	0	
675	11.257	0.017	0	6.0	44	0.734	[5.91912620e-16 2.51666667e+01]	0	0	
676	11.274	0.017	0	6.0	45	0.75	[6.123234e-16 2.500000e+01]	0	0	
677	11.291	0.017	0	6.0	46	0.767	[6.32734180e-16 2.48333333e+01]	0	0	
678	11.307	0.017	0	6.0	47	0.784	[6.53144960e-16 2.46666667e+01]	0	0	
679	11.324	0.017	0	6.0	48	0.8	[6.7355574e-16 2.4500000e+01]	0	0	
680	11.34	0.016	0	6.0	49	0.817	[6.93966520e-16 2.43333333e+01]	0	0	
681	11.357	0.017	0	6.0	50	0.834	[7.14377300e-16 2.41666667e+01]	0	0	
682	11.374	0.017	0	6.0	51	0.85	[7.34788079e-16 2.40000000e+01]	0	0	
683	11.39	0.016	0	6.0	52	0.867	[7.55198859e-16 2.38333333e+01]	0	0	
684	11.407	0.017	0	6.0	53	0.884	[7.75609639e-16 2.36666667e+01]	0	0	
685	11.424	0.017	0	6.0	54	0.9	[7.96020419e-16 2.35000000e+01]	0	0	
686	11.44	0.016	0	6.0	55	0.917	[8.16431199e-16 2.33333333e+01]	0	0	
687	11.457	0.017	0	6.0	56	0.934	[8.36841979e-16 2.31666667e+01]	0	0	
688	11.474	0.017	0	6.0	57	0.951	[8.57252759e-16 2.30000000e+01]	0	0	
689	11.491	0.017	0	6.0	58	0.967	[8.77663539e-16 2.28333333e+01]	0	0	
690	11.508	0.017	0	6.0	59	0.984	[8.98074319e-16 2.26666667e+01]	0	0	
691	11.524	0.017	0	6.0	60	1.001	[9.18485099e-16 2.25000000e+01]	0	0	
692	11.541	0.017	0	6.0	61	1.018	[9.38895879e-16 2.23333333e+01]	0	0	
693	11.557	0.016	0	6.0	62	1.033	[9.59306659e-16 2.21666667e+01]	0	0	
694	11.575	0.018	0	6.0	63	1.051	[9.79717439e-16 2.20000000e+01]	0	0	
695	11.591	0.016	0	6.0	64	1.067	[1.00012822e-15 2.18333333e+01]	0	0	
696	11.608	0.016	0	6.0	65	1.084	[1.02053900e-15 2.16666667e+01]	0	0	
697	11.624	0.017	0	6.0	66	1.101	[1.04094978e-15 2.15000000e+01]	0	0	
698	11.641	0.017	0	6.0	67	1.117	[1.06136056e-15 2.13333333e+01]	0	0	
699	11.658	0.017	0	6.0	68	1.134	[1.08177134e-15 2.11666667e+01]	0	0	
700	11.674	0.016	0	6.0	69	1.15	[1.10218212e-15 2.10000000e+01]	0	0	
701	11.691	0.017	0	6.0	70	1.167	[1.12259290e-15 2.08333333e+01]	0	0	
702	11.708	0.017	0	6.0	71	1.184	[1.14300368e-15 2.06666667e+01]	0	0	
703	11.724	0.017	0	6.0	72	1.201	[1.16341446e-15 2.05000000e+01]	0	0	
704	11.741	0.017	0	6.0	73	1.217	[1.18382524e-15 2.03333333e+01]	0	0	
705	11.758	0.016	0	6.0	74	1.234	[1.20423602e-15 2.01666667e+01]	0	0	
706	11.774	0.017	0	6.0	75	1.251	[1.2246468e-15 2.0000000e+01]	0	0	
707	11.791	0.017	0	6.0	76	1.267	[1.24505758e-15 1.98333333e+01]	0	0	
708	11.807	0.016	0	6.0	77	1.283	[1.26546836e-15 1.96666667e+01]	0	0	
709	11.824	0.017	0	6.0	78	1.301	[1.28587914e-15 1.95000000e+01]	0	0	
710	11.841	0.017	0	6.0	79	1.318	[1.30628992e-15 1.93333333e+01]	0	0	
711	11.857	0.016	0	6.0	80	1.334	[1.32670070e-15 1.91666667e+01]	0	0	
712	11.874	0.017	0	6.0	81	1.351	[1.34711148e-15 1.90000000e+01]	0	0	
713	11.891	0.017	0	6.0	82	1.367	[1.36752226e-15 1.88333333e+01]	0	0	
714	11.907	0.016	0	6.0	83	1.383	[1.38793304e-15 1.86666667e+01]	0	0	
715	11.924	0.017	0	6.0	84	1.401	[1.40834382e-15 1.85000000e+01]	0	0	
716	11.941	0.017	0	6.0	85	1.417	[1.42875460e-15 1.83333333e+01]	0	0	
717	11.957	0.016	0	6.0	86	1.434	[1.44916538e-15 1.81666667e+01]	0	0	
718	11.974	0.017	0	6.0	87	1.451	[1.46957616e-15 1.80000000e+01]	0	0	
719	11.991	0.017	0	6.0	88	1.467	[1.48998694e-15 1.78333333e+01]	0	0	
720	12.008	0.017	0	6.0	89	1.484	[1.51039772e-15 1.76666667e+01]	0	0	
721	12.024	0.016	0	6.0	90	1.5	[1.5308085e-15 1.7500000e+01]	0	0	
722	12.041	0.017	0	6.0	91	1.517	[1.55121928e-15 1.73333333e+01]	0	0	
723	12.057	0.016	0	6.0	92	1.534	[1.57163006e-15 1.71666667e+01]	0	0	
724	12.074	0.017	0	6.0	93	1.551	[1.59204084e-15 1.70000000e+01]	0	0	
725	12.091	0.017	0	6.0	94	1.567	[1.61245162e-15 1.68333333e+01]	0	0	
726	12.107	0.016	0	6.0	95	1.584	[1.63286240e-15 1.66666667e+01]	0	0	
727	12.124	0.017	0	6.0	96	1.601	[1.65327318e-15 1.65000000e+01]	0	0	
728	12.141	0.017	0	6.0	97	1.617	[1.67368396e-15 1.63333333e+01]	0	0	
729	12.158	0.017	0	6.0	98	1.634	[1.69409474e-15 1.61666667e+01]	0	0	
730	12.174	0.016	0	6.0	99	1.65	[1.71450552e-15 1.60000000e+01]	0	0	
731	12.191	0.017	0	6.0	100	1.667	[1.73491630e-15 1.58333333e+01]	0	0	
732	12.207	0.016	0	6.0	101	1.684	[1.75532708e-15 1.56666667e+01]	0	0	
733	12.224	0.017	0	6.0	102	1.701	[1.77573786e-15 1.55000000e+01]	0	0	
734	12.241	0.017	0	6.0	103	1.718	[1.79614864e-15 1.53333333e+01]	0	0	
735	12.258	0.016	0	6.0	104	1.734	[1.81655942e-15 1.51666667e+01]	0	0	
736	12.275	0.017	0	6.0	105	1.751	[1.8369702e-15 1.5000000e+01]	0	0	
737	12.291	0.017	0	6.0	106	1.767	[1.85738098e-15 1.48333333e+01]	0	0	
738	12.307	0.016	0	6.0	107	1.783	[1.87779176e-15 1.46666667e+01]	0	0	
739	12.324	0.017	0	6.0	108	1.801	[1.89820254e-15 1.45000000e+01]	0	0	
740	12.341	0.017	0	6.0	109	1.817	[1.91861332e-15 1.43333333e+01]	0	0	
741	12.358	0.017	0	6.0	110	1.834	[1.93902410e-15 1.41666667e+01]	0	0	
742	12.375	0.017	0	6.0	111	1.851	[1.95943488e-15 1.40000000e+01]	0	0	
743	12.391	0.017	0	6.0	112	1.867	[1.97984566e-15 1.38333333e+01]	0	0	
744	12.408	0.017	0	6.0	113	1.884	[2.00025644e-15 1.36666667e+01]	0	0	
745	12.424	0.016	0	6.0	114	1.9	[2.02066722e-15 1.35000000e+01]	0	0	
746	12.441	0.017	0	6.0	115	1.918	[2.04107800e-15 1.33333333e+01]	0	0	
747	12.457	0.016	0	6.0	116	1.934	[2.06148878e-15 1.31666667e+01]	0	0	
748	12.474	0.017	0	6.0	117	1.951	[2.08189956e-15 1.30000000e+01]	0	0	
749	12.491	0.017	0	6.0	118	1.967	[2.10231034e-15 1.28333333e+01]	0	0	
750	12.507	0.016	0	6.0	119	1.984	[2.12272112e-15 1.26666667e+01]	0	0	
751	12.525	0.017	0	6.0	120	2.001	[2.1431319e-15 1.2500000e+01]	0	0	
752	12.541	0.017	0	6.0	121	2.018	[2.16354268e-15 1.23333333e+01]	0	0	
753	12.558	0.017	0	6.0	122	2.034	[2.18395346e-15 1.21666667e+01]	0	0	
754	12.574	0.016	0	6.0	123	2.05	[2.20436424e-15 1.20000000e+01]	0	0	
755	12.591	0.017	0	6.0	124	2.068	[2.22477502e-15 1.18333333e+01]	0	0	
756	12.608	0.017	0	6.0	125	2.084	[2.24518580e-15 1.16666667e+01]	0	0	
757	12.624	0.016	0	6.0	126	2.1	[2.26559658e-15 1.15000000e+01]	0	0	
758	12.641	0.017	0	6.0	127	2.118	[2.28600736e-15 1.13333333e+01]	0	0	
759	12.658	0.016	0	6.0	128	2.134	[2.30641814e-15 1.11666667e+01]	0	0	
760	12.675	0.017	0	6.0	129	2.151	[2.32682892e-15 1.10000000e+01]	0	0	
761	12.691	0.017	0	6.0	130	2.168	[2.34723970e-15 1.08333333e+01]	0	0	
762	12.707	0.016	0	6.0	131	2.184	[2.36765048e-15 1.06666667e+01]	0	0	
763	12.725	0.018	0	6.0	132	2.201	[2.38806126e-15 1.05000000e+01]	0	0	
764	12.742	0.017	0	6.0	133	2.218	[2.40847204e-15 1.03333333e+01]	0	0	
765	12.758	0.016	0	6.0	134	2.234	[2.42888282e-15 1.01666667e+01]	0	0	
766	12.775	0.017	0	6.0	135	2.251	[2.4492936e-15 1.0000000e+01]	0	0	
767	12.791	0.017	0	6.0	136	2.268	[2.46970438e-15 9.83333333e+00]	0	0	
768	12.808	0.017	0	6.0	137	2.284	[2.49011516e-15 9.66666667e+00]	0	0	
769	12.825	0.017	0	6.0	138	2.301	[2.51052594e-15 9.50000000e+00]	0	0	
770	12.841	0.017	0	6.0	139	2.318	[2.53093672e-15 9.33333333e+00]	0	0	
771	12.858	0.017	0	6.0	140	2.334	[2.55134750e-15 9.16666667e+00]	0	0	
772	12.875	0.017	0	6.0	141	2.351	[2.57175828e-15 9.00000000e+00]	0	0	
773	12.891	0.016	0	6.0	142	2.367	[2.59216906e-15 8.83333333e+00]	0	0	
774	12.909	0.018	0	6.0	143	2.385	[2.61257984e-15 8.66666667e+00]	0	0	
775	12.924	0.016	0	6.0	144	2.401	[2.63299062e-15 8.50000000e+00]	0	0	
776	12.941	0.017	0	6.0	145	2.418	[2.65340140e-15 8.33333333e+00]	0	0	
777	12.958	0.016	0	6.0	146	2.434	[2.67381218e-15 8.16666667e+00]	0	0	
778	12.974	0.017	0	6.0	147	2.451	[2.69422296e-15 8.00000000e+00]	0	0	
779	12.991	0.017	0	6.0	148	2.468	[2.71463374e-15 7.83333333e+00]	0	0	
780	13.008	0.017	0	6.0	149	2.485	[2.73504452e-15 7.66666667e+00]	0	0	
781	13.024	0.016	0	6.0	150	2.501	[2.7554553e-15 7.5000000e+00]	0	0	
782	13.041	0.017	0	6.0	151	2.518	[2.77586608e-15 7.33333333e+00]	0	0	
783	13.058	0.017	0	6.0	152	2.534	[2.79627686e-15 7.16666667e+00]	0	0	
784	13.074	0.016	0	6.0	153	2.551	[2.81668764e-15 7.00000000e+00]	0	0	
785	13.091	0.017	0	6.0	154	2.568	[2.83709842e-15 6.83333333e+00]	0	0	
786	13.108	0.017	0	6.0	155	2.584	[2.85750920e-15 6.66666667e+00]	0	0	
787	13.125	0.017	0	6.0	156	2.601	[2.87791998e-15 6.50000000e+00]	0	0	
788	13.141	0.017	0	6.0	157	2.618	[2.89833076e-15 6.33333333e+00]	0	0	
789	13.158	0.017	0	6.0	158	2.634	[2.91874154e-15 6.16666667e+00]	0	0	
790	13.175	0.017	0	6.0	159	2.651	[2.93915232e-15 6.00000000e+00]	0	0	
791	13.191	0.017	0	6.0	160	2.668	[2.95956310e-15 5.83333333e+00]	0	0	
792	13.208	0.017	0	6.0	161	2.685	[2.97997388e-15 5.66666667e+00]	0	0	
793	13.224	0.016	0	6.0	162	2.7	[3.00038466e-15 5.50000000e+00]	0	0	
794	13.241	0.017	0	6.0	163	2.718	[3.02079544e-15 5.33333333e+00]	0	0	
795	13.258	0.017	0	6.0	164	2.735	[3.04120622e-15 5.16666667e+00]	0	0	
796	13.274	0.016	0	6.0	165	2.751	[3.061617e-15 5.000000e+00]	0	0	
797	13.291	0.017	0	6.0	166	2.768	[3.08202778e-15 4.83333333e+00]	0	0	
798	13.308	0.017	0	6.0	167	2.784	[3.10243856e-15 4.66666667e+00]	0	0	
799	13.324	0.016	0	6.0	168	2.8	[3.12284934e-15 4.50000000e+00]	0	0	
800	13.341	0.017	0	6.0	169	2.818	[3.14326012e-15 4.33333333e+00]	0	0	
801	13.358	0.017	0	6.0	170	2.835	[3.16367090e-15 4.16666667e+00]	0	0	
802	13.374	0.016	0	6.0	171	2.851	[3.18408168e-15 4.00000000e+00]	0	0	
803	13.391	0.017	0	6.0	172	2.868	[3.20449246e-15 3.83333333e+00]	0	0	
804	13.407	0.016	0	6.0	173	2.884	[3.22490324e-15 3.66666667e+00]	0	0	
805	13.425	0.017	0	6.0	174	2.901	[3.24531402e-15 3.50000000e+00]	0	0	
806	13.441	0.017	0	6.0	175	2.918	[3.26572480e-15 3.33333333e+00]	0	0	
807	13.458	0.017	0	6.0	176	2.934	[3.28613558e-15 3.16666667e+00]	0	0	
808	13.475	0.017	0	6.0	177	2.951	[3.30654636e-15 3.00000000e+00]	0	0	
809	13.491	0.016	0	6.0	178	2.967	[3.32695714e-15 2.83333333e+00]	0	0	
810	13.508	0.017	0	6.0	179	2.985	[3.34736792e-15 2.66666667e+00]	0	0	
811	13.525	0.017	0	6.0	180	3.001	[3.3677787e-15 2.5000000e+00]	0	0	
812	13.543	0.018	0	6.0	181	3.019	[3.38818948e-15 2.33333333e+00]	0	0	
813	13.558	0.015	0	6.0	182	3.034	[3.40860026e-15 2.16666667e+00]	0	0	
814	13.575	0.017	0	6.0	183	3.051	[3.42901104e-15 2.00000000e+00]	0	0	
815	13.591	0.016	0	6.0	184	3.068	[3.44942182e-15 1.83333333e+00]	0	0	
816	13.608	0.017	0	6.0	185	3.085	[3.46983260e-15 1.66666667e+00]	0	0	
817	13.624	0.016	0	6.0	186	3.101	[3.49024338e-15 1.50000000e+00]	0	0	
818	13.642	0.017	0	6.0	187	3.118	[3.51065416e-15 1.33333333e+00]	0	0	
819	13.658	0.017	0	6.0	188	3.135	[3.53106494e-15 1.16666667e+00]	0	0	
820	13.674	0.016	0	6.0	189	3.151	[3.55147572e-15 1.00000000e+00]	0	0	
821	13.691	0.017	0	6.0	190	3.168	[3.57188650e-15 8.33333333e-01]	0	0	
822	13.708	0.017	0	6.0	191	3.185	[3.59229728e-15 6.66666667e-01]	0	0	
823	13.725	0.017	0	6.0	192	3.201	[3.61270806e-15 5.00000000e-01]	0	0	
824	13.741	0.016	0	6.0	193	3.217	[3.63311884e-15 3.33333333e-01]	0	0	
825	13.758	0.017	0	6.0	194	3.235	[3.65352962e-15 1.66666667e-01]	0	0	
826	13.775	0.017	0	6.0	195	3.251	[ 3.67394040e-15 -8.25450819e-14]	0	0	
827	13.793	0.018	0	6.0	196	3.269	[ 3.69435118e-15 -1.66666667e-01]	0	0	
828	13.808	0.015	0	6.0	197	3.284	[ 3.71476196e-15 -3.33333333e-01]	0	0	
829	13.825	0.017	0	6.0	198	3.302	[ 3.73517274e-15 -5.00000000e-01]	0	0	
830	13.841	0.016	0	6.0	199	3.317	[ 3.75558352e-15 -6.66666667e-01]	0	0	
831	13.858	0.017	0	6.0	200	3.335	[ 3.77599430e-15 -8.33333333e-01]	0	0	
832	13.875	0.017	0	6.0	201	3.351	[ 3.79640508e-15 -1.00000000e+00]	0	0	
833	13.892	0.017	0	6.0	202	3.368	[ 3.81681586e-15 -1.16666667e+00]	0	0	
834	13.908	0.017	0	6.0	203	3.385	[ 3.83722664e-15 -1.33333333e+00]	0	0	
835	13.925	0.017	0	6.0	204	3.401	[ 3.85763742e-15 -1.50000000e+00]	0	0	
836	13.941	0.016	0	6.0	205	3.418	[ 3.87804820e-15 -1.66666667e+00]	0	0	
837	13.959	0.018	0	6.0	206	3.435	[ 3.89845898e-15 -1.83333333e+00]	0	0	
838	13.975	0.016	0	6.0	207	3.451	[ 3.91886976e-15 -2.00000000e+00]	0	0	
839	13.992	0.017	0	6.0	208	3.468	[ 3.93928054e-15 -2.16666667e+00]	0	0	
840	14.008	0.017	0	6.0	209	3.485	[ 3.95969132e-15 -2.33333333e+00]	0	0	
841	14.025	0.017	0	6.0	210	3.501	[ 3.9801021e-15 -2.5000000e+00]	0	0	
842	14.042	0.017	0	6.0	211	3.518	[ 4.00051288e-15 -2.66666667e+00]	0	0	
843	14.058	0.017	0	6.0	212	3.535	[ 4.02092366e-15 -2.83333333e+00]	0	0	
844	14.075	0.017	0	6.0	213	3.551	[ 4.04133444e-15 -3.00000000e+00]	0	0	
845	14.092	0.017	0	6.0	214	3.568	[ 4.06174522e-15 -3.16666667e+00]	0	0	
846	14.108	0.017	0	6.0	215	3.585	[ 4.08215600e-15 -3.33333333e+00]	0	0	
847	14.126	0.017	0	6.0	216	3.602	[ 4.10256678e-15 -3.50000000e+00]	0	0	
848	14.141	0.016	0	6.0	217	3.618	[ 4.12297756e-15 -3.66666667e+00]	0	0	
849	14.159	0.017	0	6.0	218	3.635	[ 4.14338834e-15 -3.83333333e+00]	0	0	
850	14.175	0.016	0	6.0	219	3.651	[ 4.16379912e-15 -4.00000000e+00]	0	0	
851	14.192	0.017	0	6.0	220	3.668	[ 4.18420990e-15 -4.16666667e+00]	0	0	
852	14.208	0.016	0	6.0	221	3.684	[ 4.20462068e-15 -4.33333333e+00]	0	0	
853	14.225	0.017	0	6.0	222	3.702	[ 4.22503146e-15 -4.50000000e+00]	0	0	
854	14.241	0.016	0	6.0	223	3.717	[ 4.24544224e-15 -4.66666667e+00]	0	0	
855	14.259	0.017	0	6.0	224	3.735	[ 4.26585302e-15 -4.83333333e+00]	0	0	
856	14.275	0.017	0	6.0	225	3.752	[ 4.2862638e-15 -5.0000000e+00]	0	0	
857	14.292	0.017	0	6.0	226	3.768	[ 4.30667458e-15 -5.16666667e+00]	0	0	
858	14.308	0.017	0	6.0	227	3.785	[ 4.32708536e-15 -5.33333333e+00]	0	0	
859	14.325	0.017	0	6.0	228	3.801	[ 4.34749614e-15 -5.50000000e+00]	0	0	
860	14.342	0.017	0	6.0	229	3.818	[ 4.36790692e-15 -5.66666667e+00]	0	0	
861	14.359	0.017	0	6.0	230	3.835	[ 4.38831770e-15 -5.83333333e+00]	0	0	
862	14.375	0.017	0	6.0	231	3.852	[ 4.40872848e-15 -6.00000000e+00]	0	0	
863	14.392	0.017	0	6.0	232	3.868	[ 4.42913926e-15 -6.16666667e+00]	0	0	
864	14.409	0.017	0	6.0	233	3.885	[ 4.44955004e-15 -6.33333333e+00]	0	0	
865	14.425	0.016	0	6.0	234	3.902	[ 4.46996082e-15 -6.50000000e+00]	0	0	
866	14.442	0.017	0	6.0	235	3.918	[ 4.49037160e-15 -6.66666667e+00]	0	0	
867	14.458	0.017	0	6.0	236	3.935	[ 4.51078238e-15 -6.83333333e+00]	0	0	
868	14.475	0.017	0	6.0	237	3.952	[ 4.53119316e-15 -7.00000000e+00]	0	0	
869	14.491	0.016	0	6.0	238	3.968	[ 4.55160394e-15 -7.16666667e+00]	0	0	
870	14.509	0.017	0	6.0	239	3.985	[ 4.57201472e-15 -7.33333333e+00]	0	0	
871	14.525	0.016	0	6.0	240	4.001	[ 4.5924255e-15 -7.5000000e+00]	0	0	
872	14.542	0.017	0	6.0	241	4.018	[ 4.61283628e-15 -7.66666667e+00]	0	0	
873	14.559	0.017	0	6.0	242	4.035	[ 4.63324706e-15 -7.83333333e+00]	0	0	
874	14.575	0.017	0	6.0	243	4.052	[ 4.65365784e-15 -8.00000000e+00]	0	0	
875	14.592	0.017	0	6.0	244	4.068	[ 4.67406862e-15 -8.16666667e+00]	0	0	
876	14.608	0.016	0	6.0	245	4.084	[ 4.69447940e-15 -8.33333333e+00]	0	0	
877	14.625	0.017	0	6.0	246	4.102	[ 4.71489018e-15 -8.50000000e+00]	0	0	
878	14.642	0.017	0	6.0	247	4.119	[ 4.73530096e-15 -8.66666667e+00]	0	0	
879	14.658	0.016	0	6.0	248	4.134	[ 4.75571174e-15 -8.83333333e+00]	0	0	
880	14.675	0.017	0	6.0	249	4.152	[ 4.77612252e-15 -9.00000000e+00]	0	0	
881	14.692	0.017	0	6.0	250	4.168	[ 4.79653330e-15 -9.16666667e+00]	0	0	
882	14.709	0.017	0	6.0	251	4.185	[ 4.81694408e-15 -9.33333333e+00]	0	0	
883	14.725	0.017	0	6.0	252	4.202	[ 4.83735486e-15 -9.50000000e+00]	0	0	
884	14.742	0.017	0	6.0	253	4.218	[ 4.85776564e-15 -9.66666667e+00]	0	0	
885	14.759	0.017	0	6.0	254	4.235	[ 4.87817642e-15 -9.83333333e+00]	0	0	
886	14.775	0.017	0	6.0	255	4.252	[ 4.8985872e-15 -1.0000000e+01]	0	0	
887	14.792	0.017	0	6.0	256	4.268	[ 4.91899798e-15 -1.01666667e+01]	0	0	
888	14.809	0.017	0	6.0	257	4.285	[ 4.93940876e-15 -1.03333333e+01]	0	0	
889	14.825	0.017	0	6.0	258	4.302	[ 4.95981954e-15 -1.05000000e+01]	0	0	
890	14.843	0.017	0	6.0	259	4.319	[ 4.98023032e-15 -1.06666667e+01]	0	0	
891	14.859	0.017	0	6.0	260	4.335	[ 5.00064110e-15 -1.08333333e+01]	0	0	
892	14.876	0.016	0	6.0	261	4.352	[ 5.02105188e-15 -1.10000000e+01]	0	0	
893	14.892	0.017	0	6.0	262	4.368	[ 5.04146266e-15 -1.11666667e+01]	0	0	
894	14.908	0.016	0	6.0	263	4.385	[ 5.06187344e-15 -1.13333333e+01]	0	0	
895	14.925	0.017	0	6.0	264	4.402	[ 5.08228422e-15 -1.15000000e+01]	0	0	
896	14.942	0.017	0	6.0	265	4.418	[ 5.10269500e-15 -1.16666667e+01]	0	0	
897	14.959	0.017	0	6.0	266	4.435	[ 5.12310578e-15 -1.18333333e+01]	0	0	
898	14.975	0.016	0	6.0	267	4.451	[ 5.14351656e-15 -1.20000000e+01]	0	0	
899	14.992	0.017	0	6.0	268	4.469	[ 5.16392734e-15 -1.21666667e+01]	0	0	
900	15.008	0.016	0	6.0	269	4.485	[ 5.18433812e-15 -1.23333333e+01]	0	0	
901	15.026	0.017	0	6.0	270	4.502	[ 5.2047489e-15 -1.2500000e+01]	0	0	
902	15.042	0.016	0	6.0	271	4.518	[ 5.22515968e-15 -1.26666667e+01]	0	0	
903	15.058	0.016	0	6.0	272	4.535	[ 5.24557046e-15 -1.28333333e+01]	0	0	
904	15.075	0.017	0	6.0	273	4.552	[ 5.26598124e-15 -1.30000000e+01]	0	0	
905	15.092	0.017	0	6.0	274	4.568	[ 5.28639202e-15 -1.31666667e+01]	0	0	
906	15.109	0.017	0	6.0	275	4.586	[ 5.30680280e-15 -1.33333333e+01]	0	0	
907	15.125	0.016	0	6.0	276	4.601	[ 5.32721358e-15 -1.35000000e+01]	0	0	
908	15.142	0.017	0	6.0	277	4.618	[ 5.34762436e-15 -1.36666667e+01]	0	0	
909	15.161	0.018	0	6.0	278	4.637	[ 5.36803514e-15 -1.38333333e+01]	0	0	
910	15.178	0.017	0	6.0	279	4.654	[ 5.38844592e-15 -1.40000000e+01]	0	0	
911	15.193	0.016	0	6.0	280	4.67	[ 5.40885670e-15 -1.41666667e+01]	0	0	
912	15.211	0.017	0	6.0	281	4.687	[ 5.42926748e-15 -1.43333333e+01]	0	0	
913	15.227	0.017	0	6.0	282	4.704	[ 5.44967826e-15 -1.45000000e+01]	0	0	
914	15.243	0.016	0	6.0	283	4.72	[ 5.47008904e-15 -1.46666667e+01]	0	0	
915	15.261	0.017	0	6.0	284	4.737	[ 5.49049982e-15 -1.48333333e+01]	0	0	
916	15.277	0.017	0	6.0	285	4.754	[ 5.5109106e-15 -1.5000000e+01]	0	0	
917	15.293	0.016	0	6.0	286	4.77	[ 5.53132138e-15 -1.51666667e+01]	0	0	
918	15.31	0.017	0	6.0	287	4.787	[ 5.55173216e-15 -1.53333333e+01]	0	0	
919	15.328	0.017	0	6.0	288	4.804	[ 5.57214294e-15 -1.55000000e+01]	0	0	
920	15.343	0.016	0	6.0	289	4.82	[ 5.59255372e-15 -1.56666667e+01]	0	0	
921	15.361	0.017	0	6.0	290	4.837	[ 5.61296450e-15 -1.58333333e+01]	0	0	
922	15.377	0.017	0	6.0	291	4.854	[ 5.63337528e-15 -1.60000000e+01]	0	0	
923	15.394	0.017	0	6.0	292	4.87	[ 5.65378606e-15 -1.61666667e+01]	0	0	
924	15.41	0.016	0	6.0	293	4.887	[ 5.67419684e-15 -1.63333333e+01]	0	0	
925	15.427	0.017	0	6.0	294	4.904	[ 5.69460762e-15 -1.65000000e+01]	0	0	
926	15.444	0.017	0	6.0	295	4.92	[ 5.71501840e-15 -1.66666667e+01]	0	0	
927	15.461	0.017	0	6.0	296	4.937	[ 5.73542918e-15 -1.68333333e+01]	0	0	
928	15.477	0.016	0	6.0	297	4.954	[ 5.75583996e-15 -1.70000000e+01]	0	0	
929	15.494	0.017	0	6.0	298	4.97	[ 5.77625074e-15 -1.71666667e+01]	0	0	
930	15.511	0.017	0	6.0	299	4.987	[ 5.79666152e-15 -1.73333333e+01]	0	0	
931	15.527	0.017	0	6.0	300	5.004	[ 5.8170723e-15 -1.7500000e+01]	0	0	
932	15.544	0.017	0	6.0	301	5.02	[ 5.83748308e-15 -1.76666667e+01]	0	0	
933	15.561	0.017	0	6.0	302	5.037	[ 5.85789386e-15 -1.78333333e+01]	0	0	
934	15.577	0.017	0	6.0	303	5.054	[ 5.87830464e-15 -1.80000000e+01]	0	0	
935	15.594	0.017	0	6.0	304	5.07	[ 5.89871542e-15 -1.81666667e+01]	0	0	
936	15.611	0.017	0	6.0	305	5.087	[ 5.91912620e-15 -1.83333333e+01]	0	0	
937	15.627	0.017	0	6.0	306	5.104	[ 5.93953698e-15 -1.85000000e+01]	0	0	
938	15.644	0.017	0	6.0	307	5.12	[ 5.95994776e-15 -1.86666667e+01]	0	0	
939	15.661	0.017	0	6.0	308	5.137	[ 5.98035854e-15 -1.88333333e+01]	0	0	
940	15.677	0.016	0	6.0	309	5.153	[ 6.00076932e-15 -1.90000000e+01]	0	0	
941	15.694	0.017	0	6.0	310	5.17	[ 6.02118010e-15 -1.91666667e+01]	0	0	
942	15.711	0.017	0	6.0	311	5.187	[ 6.04159088e-15 -1.93333333e+01]	0	0	
943	15.727	0.017	0	6.0	312	5.204	[ 6.06200166e-15 -1.95000000e+01]	0	0	
944	15.744	0.017	0	6.0	313	5.22	[ 6.08241244e-15 -1.96666667e+01]	0	0	
945	15.76	0.016	0	6.0	314	5.237	[ 6.10282322e-15 -1.98333333e+01]	0	0	
946	15.777	0.017	0	6.0	315	5.254	[ 6.123234e-15 -2.000000e+01]	0	0	
947	15.794	0.017	0	6.0	316	5.27	[ 6.14364478e-15 -2.01666667e+01]	0	0	
948	15.811	0.017	0	6.0	317	5.287	[ 6.16405556e-15 -2.03333333e+01]	0	0	
949	15.827	0.017	0	6.0	318	5.304	[ 6.18446634e-15 -2.05000000e+01]	0	0	
950	15.844	0.017	0	6.0	319	5.32	[ 6.20487712e-15 -2.06666667e+01]	0	0	
951	15.861	0.017	0	6.0	320	5.337	[ 6.22528790e-15 -2.08333333e+01]	0	0	
952	15.877	0.017	0	6.0	321	5.354	[ 6.24569868e-15 -2.10000000e+01]	0	0	
953	15.894	0.017	0	6.0	322	5.37	[ 6.26610946e-15 -2.11666667e+01]	0	0	
954	15.911	0.017	0	6.0	323	5.387	[ 6.28652024e-15 -2.13333333e+01]	0	0	
955	15.927	0.016	0	6.0	324	5.403	[ 6.30693102e-15 -2.15000000e+01]	0	0	
956	15.945	0.018	0	6.0	325	5.421	[ 6.32734180e-15 -2.16666667e+01]	0	0	
957	15.96	0.015	0	6.0	326	5.437	[ 6.34775258e-15 -2.18333333e+01]	0	0	
958	15.977	0.017	0	6.0	327	5.454	[ 6.36816336e-15 -2.20000000e+01]	0	0	
959	15.994	0.017	0	6.0	328	5.47	[ 6.38857414e-15 -2.21666667e+01]	0	0	
960	16.01	0.016	0	6.0	329	5.487	[ 6.40898492e-15 -2.23333333e+01]	0	0	
961	16.027	0.017	0	6.0	330	5.504	[ 6.4293957e-15 -2.2500000e+01]	0	0	
962	16.044	0.017	0	6.0	331	5.52	[ 6.44980648e-15 -2.26666667e+01]	0	0	
963	16.06	0.016	0	6.0	332	5.537	[ 6.47021726e-15 -2.28333333e+01]	0	0	
964	16.077	0.017	0	6.0	333	5.554	[ 6.49062804e-15 -2.30000000e+01]	0	0	
965	16.094	0.017	0	6.0	334	5.57	[ 6.51103882e-15 -2.31666667e+01]	0	0	
966	16.111	0.017	0	6.0	335	5.588	[ 6.53144960e-15 -2.33333333e+01]	0	0	
967	16.127	0.016	0	6.0	336	5.603	[ 6.55186038e-15 -2.35000000e+01]	0	0	
968	16.144	0.017	0	6.0	337	5.621	[ 6.57227116e-15 -2.36666667e+01]	0	0	
969	16.16	0.016	0	6.0	338	5.637	[ 6.59268194e-15 -2.38333333e+01]	0	0	
970	16.178	0.017	0	6.0	339	5.654	[ 6.61309272e-15 -2.40000000e+01]	0	0	
971	16.194	0.016	0	6.0	340	5.67	[ 6.63350350e-15 -2.41666667e+01]	0	0	
972	16.211	0.017	0	6.0	341	5.687	[ 6.65391428e-15 -2.43333333e+01]	0	0	
973	16.227	0.017	0	6.0	342	5.704	[ 6.67432506e-15 -2.45000000e+01]	0	0	
974	16.244	0.017	0	6.0	343	5.721	[ 6.69473584e-15 -2.46666667e+01]	0	0	
975	16.261	0.017	0	6.0	344	5.737	[ 6.71514662e-15 -2.48333333e+01]	0	0	
976	16.278	0.017	0	6.0	345	5.754	[ 6.7355574e-15 -2.5000000e+01]	0	0	
977	16.294	0.017	0	6.0	346	5.771	[ 6.75596818e-15 -2.51666667e+01]	0	0	
978	16.311	0.017	0	6.0	347	5.787	[ 6.77637896e-15 -2.53333333e+01]	0	0	
979	16.328	0.017	0	6.0	348	5.804	[ 6.79678974e-15 -2.55000000e+01]	0	0	
980	16.344	0.017	0	6.0	349	5.821	[ 6.81720052e-15 -2.56666667e+01]	0	0	
981	16.36	0.016	0	6.0	350	5.837	[ 6.83761130e-15 -2.58333333e+01]	0	0	
982	16.378	0.017	0	6.0	351	5.854	[ 6.85802208e-15 -2.60000000e+01]	0	0	
983	16.394	0.017	0	6.0	352	5.871	[ 6.87843286e-15 -2.61666667e+01]	0	0	
984	16.411	0.017	0	6.0	353	5.887	[ 6.89884364e-15 -2.63333333e+01]	0	0	
985	16.428	0.017	0	6.0	354	5.904	[ 6.91925442e-15 -2.65000000e+01]	0	0	
986	16.444	0.017	0	6.0	355	5.921	[ 6.93966520e-15 -2.66666667e+01]	0	0	
987	16.461	0.017	0	6.0	356	5.937	[ 6.96007598e-15 -2.68333333e+01]	0	0	
988	16.478	0.017	0	6.0	357	5.954	[ 6.98048676e-15 -2.70000000e+01]	0	0	
989	16.494	0.017	0	6.0	358	5.971	[ 7.00089754e-15 -2.71666667e+01]	0	0	
990	16.511	0.016	0	6.0	359	5.987	[ 7.02130832e-15 -2.73333333e+01]	0	0	
991	16.528	0.017	0	6.0	360	6.004	[ 7.0417191e-15 -2.7500000e+01]	0	0	
992	16.544	0.016	0	6.0	361	6.02	[ 7.06212988e-15 -2.76666667e+01]	0	0	
993	16.561	0.017	0	6.0	362	6.038	[ 7.08254066e-15 -2.78333333e+01]	0	0	
994	16.577	0.016	0	6.0	363	6.054	[ 7.10295144e-15 -2.80000000e+01]	0	0	
995	16.594	0.017	0	6.0	364	6.071	[ 7.12336222e-15 -2.81666667e+01]	0	0	
996	16.611	0.017	0	6.0	365	6.087	[ 7.14377300e-15 -2.83333333e+01]	0	0	
997	16.628	0.017	0	6.0	366	6.104	[ 7.16418378e-15 -2.85000000e+01]	0	0	
998	16.644	0.017	0	6.0	367	6.121	[ 7.18459455e-15 -2.86666667e+01]	0	0	
999	16.661	0.017	0	6.0	368	6.137	[ 7.20500533e-15 -2.88333333e+01]	0	0	
1000	16.678	0.017	0	6.0	369	6.154	[ 7.22541611e-15 -2.90000000e+01]	0	0	
1001	16.694	0.016	0	6.0	370	6.17	[ 7.24582689e-15 -2.91666667e+01]	0	0	
1002	16.711	0.017	0	6.0	371	6.188	[ 7.26623767e-15 -2.93333333e+01]	0	0	
1003	16.727	0.016	0	6.0	372	6.204	[ 7.28664845e-15 -2.95000000e+01]	0	0	
1004	16.744	0.017	0	6.0	373	6.221	[ 7.30705923e-15 -2.96666667e+01]	0	0	
1005	16.761	0.017	0	6.0	374	6.237	[ 7.32747001e-15 -2.98333333e+01]	0	0	
1006	16.778	0.017	0	6.0	375	6.254	[ 7.34788079e-15 -3.00000000e+01]	0	0	
1007	16.797	0.02	0	6.0	376	6.274	[ 7.36829157e-15 -3.01666667e+01]	0	0	
1008	16.81	0.013	0	6.0	377	6.287	[ 7.38870235e-15 -3.03333333e+01]	0	0	
1009	16.828	0.017	0	6.0	378	6.304	[ 7.40911313e-15 -3.05000000e+01]	0	0	
1010	16.844	0.017	0	6.0	379	6.321	[ 7.42952391e-15 -3.06666667e+01]	0	0	
1011	16.861	0.017	0	6.0	380	6.338	[ 7.44993469e-15 -3.08333333e+01]	0	0	
1012	16.877	0.016	0	6.0	381	6.354	[ 7.47034547e-15 -3.10000000e+01]	0	0	
1013	16.894	0.017	0	6.0	382	6.371	[ 7.49075625e-15 -3.11666667e+01]	0	0	
1014	16.91	0.016	0	6.0	383	6.387	[ 7.51116703e-15 -3.13333333e+01]	0	0	
1015	16.928	0.017	0	6.0	384	6.404	[ 7.53157781e-15 -3.15000000e+01]	0	0	
1016	16.945	0.017	0	6.0	385	6.421	[ 7.55198859e-15 -3.16666667e+01]	0	0	
1017	16.961	0.017	0	6.0	386	6.438	[ 7.57239937e-15 -3.18333333e+01]	0	0	
1018	16.977	0.016	0	6.0	387	6.454	[ 7.59281015e-15 -3.20000000e+01]	0	0	
1019	16.995	0.018	0	6.0	388	6.471	[ 7.61322093e-15 -3.21666667e+01]	0	0	
1020	17.011	0.016	0	6.0	389	6.488	[ 7.63363171e-15 -3.23333333e+01]	0	0	
1021	17.028	0.017	0	6.0	390	6.504	[ 7.63363171e-15 -3.23333333e+01]	0	0	
