sample_num	sample_time	sampling_interval	imaging_frame	frame_time	stimulus_epoch	stim_frame	epoch_time	stim_info1	stim_info2	stim_info3	
1	0.026	0.026	0	1.0	1	0.026	0	0	0	
2	0.044	0.017	0	1.0	2	0.044	0	0	0	
3	0.06	0.017	0	1.0	3	0.06	0	0	0	
4	0.079	0.019	0	1.0	4	0.079	0	0	0	
5	0.095	0.016	0	1.0	5	0.095	0	0	0	
6	0.112	0.017	0	1.0	6	0.112	0	0	0	
7	0.129	0.016	0	1.0	7	0.129	0	0	0	
8	0.145	0.017	0	1.0	8	0.145	0	0	0	
9	0.162	0.017	0	1.0	9	0.162	0	0	0	
10	0.179	0.017	0	1.0	10	0.179	0	0	0	
11	0.196	0.017	0	1.0	11	0.196	0	0	0	
12	0.212	0.016	0	1.0	12	0.212	0	0	0	
13	0.229	0.017	0	1.0	13	0.229	0	0	0	
14	0.245	0.016	0	1.0	14	0.245	0	0	0	
15	0.263	0.018	0	1.0	15	0.263	0	0	0	
16	0.278	0.016	0	1.0	16	0.278	0	0	0	
17	0.295	0.017	0	1.0	17	0.295	0	0	0	
18	0.313	0.017	0	1.0	18	0.313	0	0	0	
19	0.329	0.017	0	1.0	19	0.329	0	0	0	
20	0.345	0.016	0	1.0	20	0.345	0	0	0	
21	0.363	0.017	0	1.0	21	0.363	0	0	0	
22	0.378	0.016	0	1.0	22	0.378	0	0	0	
23	0.396	0.017	0	1.0	23	0.396	0	0	0	
24	0.412	0.017	0	1.0	24	0.412	0	0	0	
25	0.429	0.017	0	1.0	25	0.429	0	0	0	
26	0.445	0.017	0	1.0	26	0.445	0	0	0	
27	0.463	0.017	0	1.0	27	0.463	0	0	0	
28	0.478	0.016	0	1.0	28	0.478	0	0	0	
29	0.496	0.018	0	1.0	29	0.496	0	0	0	
30	0.512	0.016	0	1.0	30	0.512	0	0	0	
31	0.529	0.017	0	1.0	31	0.529	0	0	0	
32	0.546	0.017	0	1.0	32	0.546	0	0	0	
33	0.562	0.016	0	1.0	33	0.562	0	0	0	
34	0.579	0.018	0	1.0	34	0.579	0	0	0	
35	0.596	0.016	0	1.0	35	0.596	0	0	0	
36	0.612	0.017	0	1.0	36	0.612	0	0	0	
37	0.629	0.017	0	1.0	37	0.629	0	0	0	
38	0.646	0.016	0	1.0	38	0.646	0	0	0	
39	0.663	0.017	0	1.0	39	0.663	0	0	0	
40	0.679	0.016	0	1.0	40	0.679	0	0	0	
41	0.696	0.017	0	1.0	41	0.696	0	0	0	
42	0.712	0.016	0	1.0	42	0.712	0	0	0	
43	0.729	0.017	0	1.0	43	0.729	0	0	0	
44	0.745	0.016	0	1.0	44	0.745	0	0	0	
45	0.762	0.017	0	1.0	45	0.762	0	0	0	
46	0.779	0.017	0	1.0	46	0.779	0	0	0	
47	0.796	0.016	0	1.0	47	0.796	0	0	0	
48	0.812	0.017	0	1.0	48	0.812	0	0	0	
49	0.829	0.017	0	1.0	49	0.829	0	0	0	
50	0.847	0.018	0	1.0	50	0.847	0	0	0	
51	0.862	0.016	0	1.0	51	0.862	0	0	0	
52	0.879	0.017	0	1.0	52	0.879	0	0	0	
53	0.895	0.016	0	1.0	53	0.895	0	0	0	
54	0.912	0.017	0	1.0	54	0.912	0	0	0	
55	0.929	0.017	0	1.0	55	0.929	0	0	0	
56	0.946	0.017	0	1.0	56	0.946	0	0	0	
57	0.962	0.017	0	1.0	57	0.962	0	0	0	
58	0.979	0.017	0	1.0	58	0.979	0	0	0	
59	0.996	0.017	0	1.0	59	0.996	0	0	0	
60	1.012	0.017	0	1.0	60	1.012	0	0	0	
61	1.029	0.017	0	1.0	61	1.029	0	0	0	
62	1.046	0.017	0	1.0	62	1.046	0	0	0	
63	1.064	0.018	0	1.0	63	1.064	0	0	0	
64	1.078	0.014	0	1.0	64	1.078	0	0	0	
65	1.096	0.018	0	1.0	65	1.096	0	0	0	
66	1.112	0.016	0	1.0	66	1.112	0	0	0	
67	1.129	0.017	0	1.0	67	1.129	0	0	0	
68	1.146	0.017	0	1.0	68	1.146	0	0	0	
69	1.162	0.017	0	1.0	69	1.162	0	0	0	
70	1.179	0.017	0	1.0	70	1.179	0	0	0	
71	1.195	0.016	0	1.0	71	1.195	0	0	0	
72	1.213	0.018	0	1.0	72	1.213	0	0	0	
73	1.229	0.016	0	1.0	73	1.229	0	0	0	
74	1.246	0.017	0	1.0	74	1.246	0	0	0	
75	1.262	0.016	0	1.0	75	1.262	0	0	0	
76	1.279	0.017	0	1.0	76	1.279	0	0	0	
77	1.296	0.017	0	1.0	77	1.296	0	0	0	
78	1.312	0.016	0	1.0	78	1.312	0	0	0	
79	1.329	0.017	0	1.0	79	1.329	0	0	0	
80	1.346	0.017	0	1.0	80	1.346	0	0	0	
81	1.362	0.017	0	1.0	81	1.362	0	0	0	
82	1.379	0.017	0	1.0	82	1.379	0	0	0	
83	1.396	0.017	0	1.0	83	1.396	0	0	0	
84	1.412	0.016	0	1.0	84	1.412	0	0	0	
85	1.43	0.018	0	1.0	85	1.43	0	0	0	
86	1.445	0.015	0	1.0	86	1.445	0	0	0	
87	1.463	0.018	0	1.0	87	1.463	0	0	0	
88	1.479	0.016	0	1.0	88	1.479	0	0	0	
89	1.496	0.017	0	1.0	89	1.496	0	0	0	
90	1.512	0.017	0	1.0	90	1.512	0	0	0	
91	1.529	0.017	0	1.0	91	1.529	0	0	0	
92	1.546	0.017	0	1.0	92	1.546	0	0	0	
93	1.563	0.017	0	1.0	93	1.563	0	0	0	
94	1.579	0.016	0	1.0	94	1.579	0	0	0	
95	1.596	0.017	0	1.0	95	1.596	0	0	0	
96	1.613	0.016	0	1.0	96	1.613	0	0	0	
97	1.629	0.017	0	1.0	97	1.629	0	0	0	
98	1.647	0.018	0	1.0	98	1.647	0	0	0	
99	1.662	0.015	0	1.0	99	1.662	0	0	0	
100	1.679	0.017	0	1.0	100	1.679	0	0	0	
101	1.696	0.017	0	1.0	101	1.696	0	0	0	
102	1.712	0.016	0	1.0	102	1.712	0	0	0	
103	1.729	0.017	0	1.0	103	1.729	0	0	0	
104	1.746	0.017	0	1.0	104	1.746	0	0	0	
105	1.763	0.017	0	1.0	105	1.763	0	0	0	
106	1.779	0.017	0	1.0	106	1.779	0	0	0	
107	1.796	0.017	0	1.0	107	1.796	0	0	0	
108	1.813	0.017	0	1.0	108	1.813	0	0	0	
109	1.829	0.017	0	1.0	109	1.829	0	0	0	
110	1.846	0.017	0	1.0	110	1.846	0	0	0	
111	1.862	0.016	0	1.0	111	1.862	0	0	0	
112	1.88	0.017	0	1.0	112	1.88	0	0	0	
113	1.896	0.016	0	1.0	113	1.896	0	0	0	
114	1.913	0.017	0	1.0	114	1.913	0	0	0	
115	1.929	0.017	0	1.0	115	1.929	0	0	0	
116	1.946	0.017	0	1.0	116	1.946	0	0	0	
117	1.963	0.016	0	1.0	117	1.963	0	0	0	
118	1.979	0.017	0	1.0	118	1.979	0	0	0	
119	1.996	0.017	0	1.0	119	1.997	0	0	0	
120	2.012	0.016	0	1.0	120	2.012	0	0	0	
121	2.029	0.017	0	1.0	121	2.029	0	0	0	
122	2.046	0.017	0	1.0	122	2.046	0	0	0	
123	2.063	0.017	0	1.0	123	2.063	0	0	0	
124	2.079	0.016	0	1.0	124	2.079	0	0	0	
125	2.096	0.017	0	1.0	125	2.096	0	0	0	
126	2.112	0.016	0	1.0	126	2.112	0	0	0	
127	2.129	0.017	0	1.0	127	2.129	0	0	0	
128	2.147	0.017	0	1.0	128	2.147	0	0	0	
129	2.163	0.016	0	1.0	129	2.163	0	0	0	
130	2.179	0.017	0	1.0	130	2.179	0	0	0	
131	2.196	0.017	0	1.0	131	2.196	0	0	0	
132	2.213	0.017	0	1.0	132	2.213	0	0	0	
133	2.229	0.016	0	1.0	133	2.229	0	0	0	
134	2.246	0.017	0	1.0	134	2.246	0	0	0	
135	2.263	0.017	0	1.0	135	2.263	0	0	0	
136	2.279	0.016	0	1.0	136	2.279	0	0	0	
137	2.297	0.017	0	1.0	137	2.297	0	0	0	
138	2.312	0.016	0	1.0	138	2.312	0	0	0	
139	2.329	0.017	0	1.0	139	2.329	0	0	0	
140	2.346	0.017	0	1.0	140	2.346	0	0	0	
141	2.363	0.017	0	1.0	141	2.363	0	0	0	
142	2.38	0.017	0	1.0	142	2.38	0	0	0	
143	2.397	0.017	0	1.0	143	2.397	0	0	0	
144	2.413	0.016	0	1.0	144	2.413	0	0	0	
145	2.43	0.017	0	1.0	145	2.43	0	0	0	
146	2.446	0.016	0	1.0	146	2.446	0	0	0	
147	2.464	0.017	0	1.0	147	2.464	0	0	0	
148	2.479	0.016	0	1.0	148	2.479	0	0	0	
149	2.497	0.018	0	1.0	149	2.497	0	0	0	
150	2.513	0.016	0	1.0	150	2.513	0	0	0	
151	2.53	0.017	0	1.0	151	2.53	0	0	0	
152	2.546	0.017	0	1.0	152	2.546	0	0	0	
153	2.564	0.017	0	1.0	153	2.564	0	0	0	
154	2.58	0.016	0	1.0	154	2.58	0	0	0	
155	2.596	0.016	0	1.0	155	2.596	0	0	0	
156	2.613	0.017	0	1.0	156	2.613	0	0	0	
157	2.63	0.017	0	1.0	157	2.63	0	0	0	
158	2.646	0.016	0	1.0	158	2.646	0	0	0	
159	2.663	0.017	0	1.0	159	2.663	0	0	0	
160	2.68	0.017	0	1.0	160	2.68	0	0	0	
161	2.696	0.017	0	1.0	161	2.696	0	0	0	
162	2.713	0.017	0	1.0	162	2.713	0	0	0	
163	2.729	0.016	0	1.0	163	2.729	0	0	0	
164	2.746	0.017	0	1.0	164	2.746	0	0	0	
165	2.763	0.017	0	1.0	165	2.763	0	0	0	
166	2.78	0.017	0	1.0	166	2.78	0	0	0	
167	2.796	0.017	0	1.0	167	2.796	0	0	0	
168	2.813	0.017	0	1.0	168	2.813	0	0	0	
169	2.83	0.016	0	1.0	169	2.83	0	0	0	
170	2.846	0.017	0	1.0	170	2.846	0	0	0	
171	2.863	0.017	0	1.0	171	2.863	0	0	0	
172	2.879	0.016	0	1.0	172	2.879	0	0	0	
173	2.896	0.017	0	1.0	173	2.896	0	0	0	
174	2.913	0.017	0	1.0	174	2.913	0	0	0	
175	2.93	0.016	0	1.0	175	2.93	0	0	0	
176	2.946	0.017	0	1.0	176	2.946	0	0	0	
177	2.963	0.017	0	1.0	177	2.963	0	0	0	
178	2.98	0.017	0	1.0	178	2.98	0	0	0	
179	2.996	0.016	0	1.0	179	2.996	0	0	0	
180	3.013	0.017	0	1.0	180	3.013	0	0	0	
181	3.03	0.017	0	1.0	181	3.03	0	0	0	
182	3.046	0.016	0	1.0	182	3.046	0	0	0	
183	3.063	0.017	0	1.0	183	3.063	0	0	0	
184	3.08	0.017	0	1.0	184	3.08	0	0	0	
185	3.096	0.016	0	1.0	185	3.096	0	0	0	
186	3.113	0.017	0	1.0	186	3.113	0	0	0	
187	3.13	0.017	0	1.0	187	3.13	0	0	0	
188	3.146	0.016	0	1.0	188	3.146	0	0	0	
189	3.163	0.017	0	1.0	189	3.163	0	0	0	
190	3.18	0.017	0	1.0	190	3.18	0	0	0	
191	3.196	0.016	0	1.0	191	3.196	0	0	0	
192	3.213	0.017	0	1.0	192	3.213	0	0	0	
193	3.229	0.016	0	1.0	193	3.229	0	0	0	
194	3.246	0.017	0	1.0	194	3.246	0	0	0	
195	3.263	0.017	0	1.0	195	3.263	0	0	0	
196	3.28	0.017	0	1.0	196	3.28	0	0	0	
197	3.296	0.016	0	1.0	197	3.296	0	0	0	
198	3.314	0.018	0	1.0	198	3.314	0	0	0	
199	3.329	0.016	0	1.0	199	3.329	0	0	0	
200	3.346	0.017	0	1.0	200	3.346	0	0	0	
201	3.363	0.017	0	1.0	201	3.363	0	0	0	
202	3.38	0.017	0	1.0	202	3.38	0	0	0	
203	3.396	0.016	0	1.0	203	3.396	0	0	0	
204	3.413	0.017	0	1.0	204	3.413	0	0	0	
205	3.43	0.017	0	1.0	205	3.43	0	0	0	
206	3.447	0.017	0	1.0	206	3.447	0	0	0	
207	3.463	0.016	0	1.0	207	3.463	0	0	0	
208	3.481	0.018	0	1.0	208	3.481	0	0	0	
209	3.496	0.015	0	1.0	209	3.496	0	0	0	
210	3.513	0.017	0	1.0	210	3.513	0	0	0	
211	3.53	0.017	0	1.0	211	3.53	0	0	0	
212	3.546	0.017	0	1.0	212	3.546	0	0	0	
213	3.564	0.017	0	1.0	213	3.564	0	0	0	
214	3.579	0.016	0	1.0	214	3.58	0	0	0	
215	3.596	0.017	0	1.0	215	3.596	0	0	0	
216	3.613	0.017	0	1.0	216	3.613	0	0	0	
217	3.63	0.016	0	1.0	217	3.63	0	0	0	
218	3.647	0.017	0	1.0	218	3.647	0	0	0	
219	3.663	0.016	0	1.0	219	3.663	0	0	0	
220	3.68	0.017	0	1.0	220	3.68	0	0	0	
221	3.697	0.016	0	1.0	221	3.697	0	0	0	
222	3.713	0.017	0	1.0	222	3.713	0	0	0	
223	3.73	0.017	0	1.0	223	3.73	0	0	0	
224	3.747	0.017	0	1.0	224	3.747	0	0	0	
225	3.763	0.016	0	1.0	225	3.763	0	0	0	
226	3.78	0.017	0	1.0	226	3.78	0	0	0	
227	3.797	0.017	0	1.0	227	3.797	0	0	0	
228	3.813	0.016	0	1.0	228	3.813	0	0	0	
229	3.83	0.017	0	1.0	229	3.83	0	0	0	
230	3.847	0.016	0	1.0	230	3.847	0	0	0	
231	3.863	0.017	0	1.0	231	3.863	0	0	0	
232	3.881	0.017	0	1.0	232	3.881	0	0	0	
233	3.896	0.016	0	1.0	233	3.896	0	0	0	
234	3.913	0.017	0	1.0	234	3.913	0	0	0	
235	3.93	0.017	0	1.0	235	3.93	0	0	0	
236	3.946	0.016	0	1.0	236	3.946	0	0	0	
237	3.963	0.017	0	1.0	237	3.963	0	0	0	
238	3.98	0.017	0	1.0	238	3.98	0	0	0	
239	3.997	0.017	0	1.0	239	3.997	0	0	0	
240	4.013	0.017	0	1.0	240	4.013	0	0	0	
241	4.03	0.016	0	2.0	1	0.016	0	0	0	
242	4.048	0.018	0	2.0	2	0.034	0	0	0	
243	4.063	0.016	0	2.0	3	0.05	0	0	0	
244	4.081	0.017	0	2.0	4	0.067	0	0	0	
245	4.097	0.016	0	2.0	5	0.083	1	0	0	
246	4.113	0.017	0	2.0	6	0.1	1	0	0	
247	4.131	0.017	0	2.0	7	0.117	1	0	0	
248	4.147	0.017	0	2.0	8	0.134	1	0	0	
249	4.164	0.017	0	2.0	9	0.15	2	0	0	
250	4.18	0.016	0	2.0	10	0.167	2	0	0	
251	4.197	0.017	0	2.0	11	0.183	2	0	0	
252	4.214	0.017	0	2.0	12	0.2	2	0	0	
253	4.23	0.016	0	2.0	13	0.216	3	0	0	
254	4.247	0.017	0	2.0	14	0.234	3	0	0	
255	4.263	0.016	0	2.0	15	0.25	3	0	0	
256	4.28	0.017	0	2.0	16	0.267	3	0	0	
257	4.297	0.016	0	2.0	17	0.283	4	0	0	
258	4.313	0.016	0	2.0	18	0.3	4	0	0	
259	4.33	0.017	0	2.0	19	0.317	4	0	0	
260	4.347	0.016	0	2.0	20	0.333	4	0	0	
261	4.363	0.017	0	2.0	21	0.35	5	0	0	
262	4.381	0.017	0	2.0	22	0.367	5	0	0	
263	4.397	0.016	0	2.0	23	0.383	5	0	0	
264	4.414	0.017	0	2.0	24	0.4	5	0	0	
265	4.43	0.016	0	2.0	25	0.416	6	0	0	
266	4.447	0.017	0	2.0	26	0.433	6	0	0	
267	4.464	0.017	0	2.0	27	0.45	6	0	0	
268	4.48	0.016	0	2.0	28	0.466	6	0	0	
269	4.497	0.017	0	2.0	29	0.484	7	0	0	
270	4.513	0.016	0	2.0	30	0.5	7	0	0	
271	4.531	0.018	0	2.0	31	0.517	7	0	0	
272	4.547	0.016	0	2.0	32	0.533	7	0	0	
273	4.564	0.017	0	2.0	33	0.55	8	0	0	
274	4.58	0.016	0	2.0	34	0.566	8	0	0	
275	4.597	0.017	0	2.0	35	0.583	8	0	0	
276	4.614	0.017	0	2.0	36	0.6	8	0	0	
277	4.63	0.017	0	2.0	37	0.617	9	0	0	
278	4.646	0.016	0	2.0	38	0.633	9	0	0	
279	4.664	0.018	0	2.0	39	0.651	9	0	0	
280	4.68	0.016	0	2.0	40	0.667	9	0	0	
281	4.697	0.017	0	2.0	41	0.684	10	0	0	
282	4.713	0.016	0	2.0	42	0.7	10	0	0	
283	4.731	0.017	0	2.0	43	0.717	10	0	0	
284	4.747	0.016	0	2.0	44	0.733	10	0	0	
285	4.763	0.016	0	2.0	45	0.75	11	0	0	
286	4.781	0.017	0	2.0	46	0.767	11	0	0	
287	4.797	0.017	0	2.0	47	0.784	11	0	0	
288	4.813	0.016	0	2.0	48	0.8	11	0	0	
289	4.831	0.017	0	2.0	49	0.817	12	0	0	
290	4.847	0.016	0	2.0	50	0.833	12	0	0	
291	4.864	0.017	0	2.0	51	0.85	12	0	0	
292	4.88	0.016	0	2.0	52	0.866	12	0	0	
293	4.898	0.018	0	2.0	53	0.884	13	0	0	
294	4.914	0.016	0	2.0	54	0.9	13	0	0	
295	4.931	0.017	0	2.0	55	0.917	13	0	0	
296	4.946	0.016	0	2.0	56	0.933	13	0	0	
297	4.963	0.017	0	2.0	57	0.95	14	0	0	
298	4.981	0.017	0	2.0	58	0.967	14	0	0	
299	4.996	0.016	0	2.0	59	0.983	14	0	0	
300	5.014	0.018	0	2.0	60	1.0	14	0	0	
301	5.03	0.016	0	2.0	61	1.017	15	0	0	
302	5.047	0.017	0	2.0	62	1.034	15	0	0	
303	5.064	0.016	0	2.0	63	1.05	15	0	0	
304	5.083	0.019	0	2.0	64	1.069	15	0	0	
305	5.098	0.016	0	2.0	65	1.085	16	0	0	
306	5.117	0.018	0	2.0	66	1.103	16	0	0	
307	5.133	0.016	0	2.0	67	1.119	16	0	0	
308	5.15	0.017	0	2.0	68	1.136	16	0	0	
309	5.166	0.016	0	2.0	69	1.152	17	0	0	
310	5.183	0.017	0	2.0	70	1.169	17	0	0	
311	5.199	0.016	0	2.0	71	1.185	17	0	0	
312	5.216	0.017	0	2.0	72	1.202	17	0	0	
313	5.232	0.016	0	2.0	73	1.219	18	0	0	
314	5.25	0.017	0	2.0	74	1.236	18	0	0	
315	5.265	0.016	0	2.0	75	1.252	18	0	0	
316	5.283	0.017	0	2.0	76	1.269	18	0	0	
317	5.299	0.016	0	2.0	77	1.285	19	0	0	
318	5.316	0.017	0	2.0	78	1.302	19	0	0	
319	5.333	0.017	0	2.0	79	1.319	19	0	0	
320	5.35	0.017	0	2.0	80	1.336	19	0	0	
321	5.366	0.016	0	2.0	81	1.352	20	0	0	
322	5.383	0.017	0	2.0	82	1.369	20	0	0	
323	5.399	0.016	0	2.0	83	1.386	20	0	0	
324	5.416	0.017	0	2.0	84	1.403	20	0	0	
325	5.433	0.016	0	2.0	85	1.419	21	0	0	
326	5.45	0.017	0	2.0	86	1.436	21	0	0	
327	5.466	0.016	0	2.0	87	1.452	21	0	0	
328	5.482	0.016	0	2.0	88	1.469	21	0	0	
329	5.5	0.017	0	2.0	89	1.486	22	0	0	
330	5.516	0.016	0	2.0	90	1.502	22	0	0	
331	5.533	0.017	0	2.0	91	1.519	22	0	0	
332	5.549	0.017	0	2.0	92	1.536	22	0	0	
333	5.566	0.017	0	2.0	93	1.553	23	0	0	
334	5.582	0.016	0	2.0	94	1.569	23	0	0	
335	5.6	0.018	0	2.0	95	1.587	23	0	0	
336	5.616	0.016	0	2.0	96	1.603	23	0	0	
337	5.633	0.016	0	2.0	97	1.619	24	0	0	
338	5.65	0.017	0	2.0	98	1.636	24	0	0	
339	5.666	0.016	0	2.0	99	1.652	24	0	0	
340	5.683	0.017	0	2.0	100	1.669	24	0	0	
341	5.699	0.016	0	2.0	101	1.685	25	0	0	
342	5.717	0.018	0	2.0	102	1.703	25	0	0	
343	5.733	0.016	0	2.0	103	1.719	25	0	0	
344	5.749	0.017	0	2.0	104	1.736	25	0	0	
345	5.767	0.017	0	2.0	105	1.753	26	0	0	
346	5.783	0.016	0	2.0	106	1.769	26	0	0	
347	5.8	0.017	0	2.0	107	1.786	26	0	0	
348	5.816	0.016	0	2.0	108	1.802	26	0	0	
349	5.834	0.018	0	2.0	109	1.82	27	0	0	
350	5.849	0.015	0	2.0	110	1.836	27	0	0	
351	5.866	0.017	0	2.0	111	1.853	27	0	0	
352	5.883	0.016	0	2.0	112	1.869	27	0	0	
353	5.899	0.017	0	2.0	113	1.886	28	0	0	
354	5.916	0.017	0	2.0	114	1.903	28	0	0	
355	5.933	0.016	0	2.0	115	1.919	28	0	0	
356	5.949	0.017	0	2.0	116	1.936	28	0	0	
357	5.966	0.017	0	2.0	117	1.953	29	0	0	
358	5.983	0.016	0	2.0	118	1.969	29	0	0	
359	5.999	0.017	0	2.0	119	1.986	29	0	0	
360	6.016	0.017	0	2.0	120	2.003	29	0	0	
361	6.032	0.016	0	2.0	121	2.019	30	0	0	
362	6.05	0.018	0	2.0	122	2.036	30	0	0	
363	6.066	0.016	0	2.0	123	2.052	30	0	0	
364	6.084	0.018	0	2.0	124	2.07	30	0	0	
365	6.099	0.016	0	2.0	125	2.086	31	0	0	
366	6.117	0.017	0	2.0	126	2.103	31	0	0	
367	6.133	0.017	0	2.0	127	2.12	31	0	0	
368	6.149	0.016	0	2.0	128	2.136	31	0	0	
369	6.167	0.017	0	2.0	129	2.153	32	0	0	
370	6.183	0.016	0	2.0	130	2.169	32	0	0	
371	6.2	0.017	0	2.0	131	2.187	32	0	0	
372	6.216	0.016	0	2.0	132	2.202	32	0	0	
373	6.234	0.018	0	2.0	133	2.22	33	0	0	
374	6.25	0.016	0	2.0	134	2.236	33	0	0	
375	6.267	0.017	0	2.0	135	2.253	33	0	0	
376	6.283	0.016	0	2.0	136	2.269	33	0	0	
377	6.3	0.017	0	2.0	137	2.286	34	0	0	
378	6.316	0.016	0	2.0	138	2.303	34	0	0	
379	6.333	0.017	0	2.0	139	2.32	34	0	0	
380	6.35	0.016	0	2.0	140	2.336	34	0	0	
381	6.366	0.017	0	2.0	141	2.353	35	0	0	
382	6.383	0.017	0	2.0	142	2.37	35	0	0	
383	6.4	0.016	0	2.0	143	2.386	35	0	0	
384	6.417	0.017	0	2.0	144	2.403	35	0	0	
385	6.433	0.016	0	2.0	145	2.419	36	0	0	
386	6.45	0.018	0	2.0	146	2.437	36	0	0	
387	6.466	0.016	0	2.0	147	2.453	36	0	0	
388	6.483	0.017	0	2.0	148	2.47	36	0	0	
389	6.5	0.016	0	2.0	149	2.486	37	0	0	
390	6.517	0.017	0	2.0	150	2.503	37	0	0	
391	6.533	0.016	0	2.0	151	2.519	37	0	0	
392	6.55	0.017	0	2.0	152	2.536	37	0	0	
393	6.566	0.017	0	2.0	153	2.553	38	0	0	
394	6.583	0.016	0	2.0	154	2.569	38	0	0	
395	6.6	0.017	0	2.0	155	2.586	38	0	0	
396	6.617	0.017	0	2.0	156	2.603	38	0	0	
397	6.633	0.016	0	2.0	157	2.619	39	0	0	
398	6.65	0.017	0	2.0	158	2.636	39	0	0	
399	6.667	0.018	0	2.0	159	2.654	39	0	0	
400	6.684	0.016	0	2.0	160	2.67	39	0	0	
401	6.7	0.016	0	2.0	161	2.686	40	0	0	
402	6.716	0.016	0	2.0	162	2.703	40	0	0	
403	6.734	0.017	0	2.0	163	2.72	40	0	0	
404	6.75	0.016	0	2.0	164	2.736	40	0	0	
405	6.766	0.017	0	2.0	165	2.753	41	0	0	
406	6.784	0.017	0	2.0	166	2.77	41	0	0	
407	6.8	0.016	0	2.0	167	2.786	41	0	0	
408	6.816	0.017	0	2.0	168	2.803	41	0	0	
409	6.834	0.017	0	2.0	169	2.82	42	0	0	
410	6.85	0.016	0	2.0	170	2.836	42	0	0	
411	6.866	0.016	0	2.0	171	2.853	42	0	0	
412	6.884	0.017	0	2.0	172	2.87	42	0	0	
413	6.9	0.016	0	2.0	173	2.886	43	0	0	
414	6.916	0.017	0	2.0	174	2.903	43	0	0	
415	6.933	0.017	0	2.0	175	2.92	43	0	0	
416	6.95	0.016	0	2.0	176	2.936	43	0	0	
417	6.966	0.017	0	2.0	177	2.953	44	0	0	
418	6.983	0.017	0	2.0	178	2.97	44	0	0	
419	7.0	0.017	0	2.0	179	2.987	44	0	0	
420	7.016	0.016	0	2.0	180	3.003	44	0	0	
421	7.034	0.017	0	2.0	181	3.02	45	0	0	
422	7.05	0.016	0	2.0	182	3.036	45	0	0	
423	7.067	0.017	0	2.0	183	3.053	45	0	0	
424	7.083	0.016	0	2.0	184	3.069	45	0	0	
425	7.1	0.017	0	2.0	185	3.086	46	0	0	
426	7.117	0.017	0	2.0	186	3.103	46	0	0	
427	7.133	0.016	0	2.0	187	3.12	46	0	0	
428	7.15	0.017	0	2.0	188	3.137	46	0	0	
429	7.166	0.016	0	2.0	189	3.153	47	0	0	
430	7.184	0.017	0	2.0	190	3.17	47	0	0	
431	7.2	0.016	0	2.0	191	3.186	47	0	0	
432	7.217	0.017	0	2.0	192	3.204	47	0	0	
433	7.233	0.016	0	2.0	193	3.22	48	0	0	
434	7.25	0.017	0	2.0	194	3.237	48	0	0	
435	7.267	0.016	0	2.0	195	3.253	48	0	0	
436	7.284	0.017	0	2.0	196	3.27	48	0	0	
437	7.299	0.016	0	2.0	197	3.286	49	0	0	
438	7.317	0.018	0	2.0	198	3.303	49	0	0	
439	7.333	0.016	0	2.0	199	3.32	49	0	0	
440	7.35	0.017	0	2.0	200	3.337	49	0	0	
441	7.367	0.016	0	2.0	201	3.353	50	0	0	
442	7.383	0.016	0	2.0	202	3.369	50	0	0	
443	7.4	0.017	0	2.0	203	3.387	50	0	0	
444	7.417	0.016	0	2.0	204	3.403	50	0	0	
445	7.434	0.017	0	2.0	205	3.42	51	0	0	
446	7.449	0.016	0	2.0	206	3.436	51	0	0	
447	7.467	0.017	0	2.0	207	3.453	51	0	0	
448	7.483	0.016	0	2.0	208	3.47	51	0	0	
449	7.5	0.017	0	2.0	209	3.487	52	0	0	
450	7.516	0.016	0	2.0	210	3.503	52	0	0	
451	7.534	0.018	0	2.0	211	3.52	52	0	0	
452	7.55	0.016	0	2.0	212	3.536	52	0	0	
453	7.567	0.017	0	2.0	213	3.553	53	0	0	
454	7.583	0.017	0	2.0	214	3.57	53	0	0	
455	7.6	0.017	0	2.0	215	3.587	53	0	0	
456	7.617	0.016	0	2.0	216	3.603	53	0	0	
457	7.634	0.017	0	2.0	217	3.62	54	0	0	
458	7.65	0.016	0	2.0	218	3.637	54	0	0	
459	7.667	0.017	0	2.0	219	3.653	54	0	0	
460	7.684	0.017	0	2.0	220	3.671	54	0	0	
461	7.7	0.016	0	2.0	221	3.686	55	0	0	
462	7.717	0.017	0	2.0	222	3.704	55	0	0	
463	7.734	0.017	0	2.0	223	3.72	55	0	0	
464	7.751	0.017	0	2.0	224	3.737	55	0	0	
465	7.767	0.016	0	2.0	225	3.753	56	0	0	
466	7.783	0.017	0	2.0	226	3.77	56	0	0	
467	7.801	0.017	0	2.0	227	3.787	56	0	0	
468	7.817	0.016	0	2.0	228	3.803	56	0	0	
469	7.834	0.017	0	2.0	229	3.82	57	0	0	
470	7.85	0.016	0	2.0	230	3.836	57	0	0	
471	7.867	0.017	0	2.0	231	3.854	57	0	0	
472	7.883	0.016	0	2.0	232	3.87	57	0	0	
473	7.901	0.017	0	2.0	233	3.887	58	0	0	
474	7.917	0.017	0	2.0	234	3.904	58	0	0	
475	7.933	0.016	0	2.0	235	3.92	58	0	0	
476	7.951	0.017	0	2.0	236	3.937	58	0	0	
477	7.967	0.016	0	2.0	237	3.953	59	0	0	
478	7.983	0.017	0	2.0	238	3.97	59	0	0	
479	8.001	0.017	0	2.0	239	3.987	59	0	0	
480	8.017	0.016	0	2.0	240	4.003	59	0	0	
481	8.033	0.016	0	2.0	241	4.02	60	0	0	
482	8.051	0.017	0	2.0	242	4.037	60	0	0	
483	8.067	0.016	0	2.0	243	4.053	60	0	0	
484	8.083	0.017	0	2.0	244	4.07	60	0	0	
485	8.101	0.017	0	2.0	245	4.087	61	0	0	
486	8.117	0.017	0	2.0	246	4.104	61	0	0	
487	8.133	0.016	0	2.0	247	4.12	61	0	0	
488	8.151	0.017	0	2.0	248	4.137	61	0	0	
489	8.167	0.016	0	2.0	249	4.153	62	0	0	
490	8.183	0.017	0	2.0	250	4.17	62	0	0	
491	8.201	0.017	0	2.0	251	4.187	62	0	0	
492	8.217	0.016	0	2.0	252	4.203	62	0	0	
493	8.234	0.017	0	2.0	253	4.22	63	0	0	
494	8.25	0.016	0	2.0	254	4.237	63	0	0	
495	8.267	0.017	0	2.0	255	4.253	63	0	0	
496	8.284	0.017	0	2.0	256	4.27	63	0	0	
497	8.3	0.016	0	2.0	257	4.287	64	0	0	
498	8.317	0.017	0	2.0	258	4.304	64	0	0	
499	8.334	0.016	0	2.0	259	4.32	64	0	0	
500	8.35	0.017	0	2.0	260	4.337	64	0	0	
501	8.367	0.017	0	2.0	261	4.353	65	0	0	
502	8.384	0.017	0	2.0	262	4.37	65	0	0	
503	8.4	0.017	0	2.0	263	4.387	65	0	0	
504	8.417	0.017	0	2.0	264	4.404	65	0	0	
505	8.434	0.016	0	2.0	265	4.42	66	0	0	
506	8.451	0.017	0	2.0	266	4.437	66	0	0	
507	8.467	0.016	0	2.0	267	4.453	66	0	0	
508	8.484	0.018	0	2.0	268	4.47	66	0	0	
509	8.5	0.016	0	2.0	269	4.487	67	0	0	
510	8.517	0.017	0	2.0	270	4.504	67	0	0	
511	8.534	0.016	0	2.0	271	4.52	67	0	0	
512	8.551	0.017	0	2.0	272	4.537	67	0	0	
513	8.567	0.016	0	2.0	273	4.553	68	0	0	
514	8.584	0.017	0	2.0	274	4.57	68	0	0	
515	8.601	0.017	0	2.0	275	4.587	68	0	0	
516	8.617	0.016	0	2.0	276	4.603	68	0	0	
517	8.634	0.017	0	2.0	277	4.62	69	0	0	
518	8.65	0.017	0	2.0	278	4.637	69	0	0	
519	8.667	0.017	0	2.0	279	4.654	69	0	0	
520	8.684	0.016	0	2.0	280	4.67	69	0	0	
521	8.701	0.017	0	2.0	281	4.687	70	0	0	
522	8.717	0.016	0	2.0	282	4.703	70	0	0	
523	8.734	0.017	0	2.0	283	4.72	70	0	0	
524	8.75	0.016	0	2.0	284	4.737	70	0	0	
525	8.768	0.017	0	2.0	285	4.754	71	0	0	
526	8.783	0.015	0	2.0	286	4.77	71	0	0	
527	8.801	0.018	0	2.0	287	4.788	71	0	0	
528	8.817	0.016	0	2.0	288	4.803	71	0	0	
529	8.836	0.019	0	2.0	289	4.822	72	0	0	
530	8.85	0.014	0	2.0	290	4.836	72	0	0	
531	8.868	0.018	0	2.0	291	4.854	72	0	0	
532	8.884	0.016	0	2.0	292	4.87	72	0	0	
533	8.901	0.017	0	2.0	293	4.887	73	0	0	
534	8.917	0.016	0	2.0	294	4.903	73	0	0	
535	8.934	0.017	0	2.0	295	4.92	73	0	0	
536	8.951	0.017	0	2.0	296	4.937	73	0	0	
537	8.967	0.017	0	2.0	297	4.954	74	0	0	
538	8.984	0.017	0	2.0	298	4.971	74	0	0	
539	9.001	0.017	0	2.0	299	4.987	74	0	0	
540	9.017	0.016	0	2.0	300	5.003	74	0	0	
541	9.034	0.017	0	2.0	301	5.02	75	0	0	
542	9.051	0.017	0	2.0	302	5.037	75	0	0	
543	9.067	0.016	0	2.0	303	5.054	75	0	0	
544	9.084	0.017	0	2.0	304	5.071	75	0	0	
545	9.1	0.016	0	2.0	305	5.087	76	0	0	
546	9.118	0.017	0	2.0	306	5.104	76	0	0	
547	9.134	0.016	0	2.0	307	5.12	76	0	0	
548	9.15	0.016	0	2.0	308	5.137	76	0	0	
549	9.168	0.017	0	2.0	309	5.154	77	0	0	
550	9.184	0.016	0	2.0	310	5.17	77	0	0	
551	9.2	0.016	0	2.0	311	5.187	77	0	0	
552	9.218	0.017	0	2.0	312	5.204	77	0	0	
553	9.234	0.016	0	2.0	313	5.22	78	0	0	
554	9.25	0.017	0	2.0	314	5.237	78	0	0	
555	9.268	0.017	0	2.0	315	5.254	78	0	0	
556	9.284	0.016	0	2.0	316	5.27	78	0	0	
557	9.301	0.017	0	2.0	317	5.287	79	0	0	
558	9.318	0.017	0	2.0	318	5.304	79	0	0	
559	9.334	0.016	0	2.0	319	5.32	79	0	0	
560	9.351	0.017	0	2.0	320	5.338	79	0	0	
561	9.367	0.016	0	2.0	321	5.354	80	0	0	
562	9.384	0.017	0	2.0	322	5.371	80	0	0	
563	9.401	0.016	0	2.0	323	5.387	80	0	0	
564	9.418	0.018	0	2.0	324	5.405	80	0	0	
565	9.434	0.015	0	2.0	325	5.42	81	0	0	
566	9.451	0.017	0	2.0	326	5.438	81	0	0	
567	9.467	0.016	0	2.0	327	5.454	81	0	0	
568	9.484	0.017	0	2.0	328	5.471	81	0	0	
569	9.501	0.016	0	2.0	329	5.487	82	0	0	
570	9.518	0.017	0	2.0	330	5.504	82	0	0	
571	9.534	0.016	0	2.0	331	5.52	82	0	0	
572	9.551	0.017	0	2.0	332	5.538	82	0	0	
573	9.567	0.016	0	2.0	333	5.554	83	0	0	
574	9.584	0.017	0	2.0	334	5.571	83	0	0	
575	9.601	0.016	0	2.0	335	5.587	83	0	0	
576	9.618	0.017	0	2.0	336	5.604	83	0	0	
577	9.634	0.016	0	2.0	337	5.62	84	0	0	
578	9.651	0.017	0	2.0	338	5.637	84	0	0	
579	9.667	0.017	0	2.0	339	5.654	84	0	0	
580	9.685	0.017	0	2.0	340	5.671	84	0	0	
581	9.701	0.016	0	2.0	341	5.687	85	0	0	
582	9.718	0.017	0	2.0	342	5.704	85	0	0	
583	9.734	0.016	0	2.0	343	5.72	85	0	0	
584	9.751	0.017	0	2.0	344	5.738	85	0	0	
585	9.767	0.016	0	2.0	345	5.754	86	0	0	
586	9.784	0.017	0	2.0	346	5.771	86	0	0	
587	9.802	0.017	0	2.0	347	5.788	86	0	0	
588	9.817	0.016	0	2.0	348	5.804	86	0	0	
589	9.835	0.017	0	2.0	349	5.821	87	0	0	
590	9.851	0.017	0	2.0	350	5.838	87	0	0	
591	9.867	0.016	0	2.0	351	5.854	87	0	0	
592	9.885	0.018	0	2.0	352	5.871	87	0	0	
593	9.901	0.016	0	2.0	353	5.888	88	0	0	
594	9.917	0.016	0	2.0	354	5.904	88	0	0	
595	9.935	0.017	0	2.0	355	5.921	88	0	0	
596	9.951	0.016	0	2.0	356	5.937	88	0	0	
597	9.968	0.017	0	2.0	357	5.954	89	0	0	
598	9.984	0.016	0	2.0	358	5.971	89	0	0	
599	10.001	0.017	0	2.0	359	5.987	89	0	0	
600	10.017	0.016	0	2.0	360	6.004	89	0	0	
601	10.035	0.017	0	2.0	361	6.021	90	0	0	
602	10.051	0.016	0	2.0	362	6.037	90	0	0	
603	10.068	0.017	0	2.0	363	6.055	90	0	0	
604	10.086	0.018	0	2.0	364	6.073	90	0	0	
605	10.102	0.016	0	2.0	365	6.089	91	0	0	
606	10.12	0.017	0	2.0	366	6.106	91	0	0	
607	10.136	0.016	0	2.0	367	6.122	91	0	0	
608	10.153	0.017	0	2.0	368	6.14	91	0	0	
609	10.169	0.016	0	2.0	369	6.156	92	0	0	
610	10.186	0.017	0	2.0	370	6.173	92	0	0	
611	10.203	0.016	0	2.0	371	6.189	92	0	0	
612	10.22	0.017	0	2.0	372	6.206	92	0	0	
613	10.236	0.016	0	2.0	373	6.222	93	0	0	
614	10.253	0.017	0	2.0	374	6.24	93	0	0	
615	10.269	0.016	0	2.0	375	6.256	93	0	0	
616	10.287	0.017	0	2.0	376	6.273	93	0	0	
617	10.303	0.016	0	2.0	377	6.289	94	0	0	
618	10.32	0.017	0	2.0	378	6.306	94	0	0	
619	10.336	0.016	0	2.0	379	6.322	94	0	0	
620	10.353	0.017	0	2.0	380	6.34	94	0	0	
621	10.369	0.016	0	2.0	381	6.356	95	0	0	
622	10.387	0.017	0	2.0	382	6.373	95	0	0	
623	10.403	0.016	0	2.0	383	6.389	95	0	0	
624	10.419	0.017	0	2.0	384	6.406	95	0	0	
625	10.437	0.017	0	2.0	385	6.423	96	0	0	
626	10.453	0.016	0	2.0	386	6.439	96	0	0	
627	10.469	0.017	0	2.0	387	6.456	96	0	0	
628	10.487	0.017	0	2.0	388	6.473	96	0	0	
629	10.503	0.016	0	2.0	389	6.489	97	0	0	
630	10.52	0.017	0	2.0	390	6.506	97	0	0	
631	10.536	0.016	0	2.0	391	6.522	97	0	0	
632	10.553	0.017	0	2.0	392	6.54	97	0	0	
633	10.57	0.016	0	2.0	393	6.556	98	0	0	
634	10.587	0.017	0	2.0	394	6.573	98	0	0	
635	10.603	0.016	0	2.0	395	6.589	98	0	0	
636	10.619	0.017	0	2.0	396	6.606	98	0	0	
637	10.637	0.017	0	2.0	397	6.623	99	0	0	
638	10.653	0.017	0	2.0	398	6.64	99	0	0	
639	10.669	0.016	0	2.0	399	6.656	99	0	0	
640	10.687	0.018	0	2.0	400	6.674	99	0	0	
641	10.703	0.015	0	2.0	401	6.689	100	0	0	
642	10.72	0.017	0	2.0	402	6.706	100	0	0	
643	10.736	0.016	0	2.0	403	6.722	100	0	0	
644	10.754	0.018	0	2.0	404	6.74	100	0	0	
645	10.769	0.016	0	2.0	405	6.756	101	0	0	
646	10.787	0.017	0	2.0	406	6.773	101	0	0	
647	10.803	0.016	0	2.0	407	6.789	101	0	0	
648	10.82	0.017	0	2.0	408	6.806	101	0	0	
649	10.836	0.016	0	2.0	409	6.823	102	0	0	
650	10.853	0.016	0	2.0	410	6.839	102	0	0	
651	10.87	0.017	0	2.0	411	6.857	102	0	0	
652	10.886	0.016	0	2.0	412	6.873	102	0	0	
653	10.903	0.017	0	2.0	413	6.89	103	0	0	
654	10.919	0.016	0	2.0	414	6.906	103	0	0	
655	10.937	0.017	0	2.0	415	6.923	103	0	0	
656	10.953	0.017	0	2.0	416	6.94	103	0	0	
657	10.971	0.018	0	2.0	417	6.957	104	0	0	
658	10.986	0.015	0	2.0	418	6.972	104	0	0	
659	11.003	0.017	0	2.0	419	6.99	104	0	0	
660	11.02	0.016	0	2.0	420	7.006	104	0	0	
661	11.037	0.017	0	2.0	421	7.023	105	0	0	
662	11.053	0.017	0	2.0	422	7.04	105	0	0	
663	11.07	0.017	0	2.0	423	7.056	105	0	0	
664	11.086	0.016	0	2.0	424	7.073	105	0	0	
665	11.104	0.017	0	2.0	425	7.09	106	0	0	
666	11.119	0.016	0	2.0	426	7.106	106	0	0	
667	11.137	0.018	0	2.0	427	7.124	106	0	0	
668	11.153	0.016	0	2.0	428	7.139	106	0	0	
669	11.17	0.017	0	2.0	429	7.157	107	0	0	
670	11.186	0.016	0	2.0	430	7.173	107	0	0	
671	11.203	0.017	0	2.0	431	7.189	107	0	0	
672	11.22	0.017	0	2.0	432	7.207	107	0	0	
673	11.236	0.016	0	2.0	433	7.223	108	0	0	
674	11.253	0.017	0	2.0	434	7.24	108	0	0	
675	11.27	0.016	0	2.0	435	7.256	108	0	0	
676	11.287	0.017	0	2.0	436	7.273	108	0	0	
677	11.303	0.016	0	2.0	437	7.289	109	0	0	
678	11.32	0.017	0	2.0	438	7.306	109	0	0	
679	11.336	0.017	0	2.0	439	7.323	109	0	0	
680	11.354	0.017	0	2.0	440	7.34	109	0	0	
681	11.37	0.016	0	2.0	441	7.356	110	0	0	
682	11.386	0.017	0	2.0	442	7.373	110	0	0	
683	11.404	0.017	0	2.0	443	7.39	110	0	0	
684	11.419	0.015	0	2.0	444	7.406	110	0	0	
685	11.437	0.018	0	2.0	445	7.423	111	0	0	
686	11.453	0.016	0	2.0	446	7.44	111	0	0	
687	11.469	0.016	0	2.0	447	7.456	111	0	0	
688	11.487	0.018	0	2.0	448	7.473	111	0	0	
689	11.503	0.016	0	2.0	449	7.49	112	0	0	
690	11.52	0.017	0	2.0	450	7.507	112	0	0	
691	11.536	0.016	0	2.0	451	7.523	112	0	0	
692	11.554	0.017	0	2.0	452	7.54	112	0	0	
693	11.569	0.015	0	2.0	453	7.556	113	0	0	
694	11.587	0.017	0	2.0	454	7.573	113	0	0	
695	11.603	0.016	0	2.0	455	7.589	113	0	0	
696	11.62	0.017	0	2.0	456	7.607	113	0	0	
697	11.637	0.016	0	2.0	457	7.623	114	0	0	
698	11.654	0.017	0	2.0	458	7.64	114	0	0	
699	11.67	0.016	0	2.0	459	7.657	114	0	0	
700	11.687	0.016	0	2.0	460	7.673	114	0	0	
701	11.703	0.017	0	2.0	461	7.69	115	0	0	
702	11.72	0.017	0	2.0	462	7.707	115	0	0	
703	11.737	0.016	0	2.0	463	7.723	115	0	0	
704	11.754	0.017	0	2.0	464	7.74	115	0	0	
705	11.77	0.016	0	2.0	465	7.756	116	0	0	
706	11.787	0.017	0	2.0	466	7.773	116	0	0	
707	11.803	0.016	0	2.0	467	7.79	116	0	0	
708	11.82	0.017	0	2.0	468	7.807	116	0	0	
709	11.836	0.016	0	2.0	469	7.823	117	0	0	
710	11.854	0.017	0	2.0	470	7.84	117	0	0	
711	11.87	0.016	0	2.0	471	7.856	117	0	0	
712	11.887	0.017	0	2.0	472	7.873	117	0	0	
713	11.903	0.016	0	2.0	473	7.89	118	0	0	
714	11.921	0.017	0	2.0	474	7.907	118	0	0	
715	11.937	0.016	0	2.0	475	7.923	118	0	0	
716	11.953	0.017	0	2.0	476	7.94	118	0	0	
717	11.97	0.017	0	2.0	477	7.957	119	0	0	
718	11.987	0.016	0	2.0	478	7.973	119	0	0	
719	12.004	0.017	0	2.0	479	7.99	119	0	0	
720	12.02	0.017	0	2.0	480	8.007	119	0	0	
721	12.037	0.017	0	2.0	481	8.024	120	0	0	
722	12.053	0.016	0	2.0	482	8.04	120	0	0	
723	12.07	0.017	0	2.0	483	8.056	120	0	0	
724	12.087	0.017	0	2.0	484	8.073	120	0	0	
725	12.103	0.017	0	2.0	485	8.09	121	0	0	
726	12.121	0.017	0	2.0	486	8.107	121	0	0	
727	12.137	0.016	0	2.0	487	8.123	121	0	0	
728	12.153	0.017	0	2.0	488	8.14	121	0	0	
729	12.171	0.017	0	2.0	489	8.157	122	0	0	
730	12.187	0.016	0	2.0	490	8.173	122	0	0	
731	12.204	0.018	0	2.0	491	8.191	122	0	0	
732	12.22	0.016	0	2.0	492	8.206	122	0	0	
733	12.237	0.017	0	2.0	493	8.224	123	0	0	
734	12.253	0.016	0	2.0	494	8.24	123	0	0	
735	12.271	0.017	0	2.0	495	8.257	123	0	0	
736	12.287	0.016	0	2.0	496	8.273	123	0	0	
737	12.304	0.017	0	2.0	497	8.29	124	0	0	
738	12.32	0.016	0	2.0	498	8.306	124	0	0	
739	12.337	0.017	0	2.0	499	8.323	124	0	0	
740	12.353	0.017	0	2.0	500	8.34	124	0	0	
741	12.371	0.017	0	2.0	501	8.357	125	0	0	
742	12.387	0.016	0	2.0	502	8.373	125	0	0	
743	12.404	0.017	0	2.0	503	8.39	125	0	0	
744	12.42	0.016	0	2.0	504	8.407	125	0	0	
745	12.437	0.017	0	2.0	505	8.423	126	0	0	
746	12.453	0.017	0	2.0	506	8.44	126	0	0	
747	12.471	0.017	0	2.0	507	8.457	126	0	0	
748	12.487	0.016	0	2.0	508	8.473	126	0	0	
749	12.503	0.016	0	2.0	509	8.49	127	0	0	
750	12.521	0.017	0	2.0	510	8.507	127	0	0	
751	12.537	0.016	0	2.0	511	8.523	127	0	0	
752	12.554	0.017	0	2.0	512	8.54	127	0	0	
753	12.57	0.016	0	2.0	513	8.557	128	0	0	
754	12.587	0.017	0	2.0	514	8.573	128	0	0	
755	12.603	0.017	0	2.0	515	8.59	128	0	0	
756	12.621	0.017	0	2.0	516	8.607	128	0	0	
757	12.637	0.016	0	2.0	517	8.623	129	0	0	
758	12.654	0.017	0	2.0	518	8.64	129	0	0	
759	12.67	0.016	0	2.0	519	8.657	129	0	0	
760	12.688	0.017	0	2.0	520	8.674	129	0	0	
761	12.703	0.016	0	2.0	521	8.69	130	0	0	
762	12.721	0.017	0	2.0	522	8.707	130	0	0	
763	12.737	0.017	0	2.0	523	8.724	130	0	0	
764	12.754	0.016	0	2.0	524	8.74	130	0	0	
765	12.77	0.017	0	2.0	525	8.757	131	0	0	
766	12.787	0.017	0	2.0	526	8.774	131	0	0	
767	12.803	0.016	0	2.0	527	8.79	131	0	0	
768	12.821	0.017	0	2.0	528	8.807	131	0	0	
769	12.837	0.016	0	2.0	529	8.823	132	0	0	
770	12.854	0.017	0	2.0	530	8.84	132	0	0	
771	12.87	0.017	0	2.0	531	8.857	132	0	0	
772	12.887	0.017	0	2.0	532	8.874	132	0	0	
773	12.904	0.016	0	2.0	533	8.89	133	0	0	
774	12.921	0.017	0	2.0	534	8.907	133	0	0	
775	12.937	0.016	0	2.0	535	8.923	133	0	0	
776	12.953	0.016	0	2.0	536	8.94	133	0	0	
777	12.971	0.017	0	2.0	537	8.957	134	0	0	
778	12.987	0.016	0	2.0	538	8.973	134	0	0	
779	13.004	0.017	0	2.0	539	8.99	134	0	0	
780	13.02	0.017	0	2.0	540	9.007	134	0	0	
781	13.037	0.017	0	2.0	541	9.023	135	0	0	
782	13.054	0.017	0	2.0	542	9.04	135	0	0	
783	13.07	0.016	0	2.0	543	9.057	135	0	0	
784	13.088	0.018	0	2.0	544	9.074	135	0	0	
785	13.104	0.016	0	2.0	545	9.09	136	0	0	
786	13.121	0.017	0	2.0	546	9.107	136	0	0	
787	13.137	0.016	0	2.0	547	9.124	136	0	0	
788	13.154	0.017	0	2.0	548	9.14	136	0	0	
789	13.17	0.016	0	2.0	549	9.157	137	0	0	
790	13.187	0.017	0	2.0	550	9.174	137	0	0	
791	13.203	0.016	0	2.0	551	9.19	137	0	0	
792	13.221	0.018	0	2.0	552	9.207	137	0	0	
793	13.237	0.016	0	2.0	553	9.223	138	0	0	
794	13.254	0.017	0	2.0	554	9.24	138	0	0	
795	13.271	0.017	0	2.0	555	9.257	138	0	0	
796	13.287	0.016	0	2.0	556	9.274	138	0	0	
797	13.304	0.017	0	2.0	557	9.29	139	0	0	
798	13.32	0.017	0	2.0	558	9.307	139	0	0	
799	13.337	0.017	0	2.0	559	9.324	139	0	0	
800	13.354	0.017	0	2.0	560	9.341	139	0	0	
801	13.37	0.016	0	2.0	561	9.357	140	0	0	
802	13.388	0.017	0	2.0	562	9.374	140	0	0	
803	13.404	0.016	0	2.0	563	9.39	140	0	0	
804	13.42	0.017	0	2.0	564	9.407	140	0	0	
805	13.438	0.017	0	2.0	565	9.424	141	0	0	
806	13.454	0.016	0	2.0	566	9.44	141	0	0	
807	13.47	0.017	0	2.0	567	9.457	141	0	0	
808	13.488	0.017	0	2.0	568	9.474	141	0	0	
809	13.503	0.016	0	2.0	569	9.49	142	0	0	
810	13.521	0.018	0	2.0	570	9.508	142	0	0	
811	13.537	0.016	0	2.0	571	9.523	142	0	0	
812	13.554	0.017	0	2.0	572	9.541	142	0	0	
813	13.57	0.016	0	2.0	573	9.557	143	0	0	
814	13.588	0.017	0	2.0	574	9.574	143	0	0	
815	13.604	0.017	0	2.0	575	9.591	143	0	0	
816	13.62	0.016	0	2.0	576	9.607	143	0	0	
817	13.638	0.017	0	2.0	577	9.624	144	0	0	
818	13.653	0.016	0	2.0	578	9.64	144	0	0	
819	13.671	0.017	0	2.0	579	9.657	144	0	0	
820	13.687	0.016	0	2.0	580	9.674	144	0	0	
821	13.704	0.017	0	2.0	581	9.69	145	0	0	
822	13.72	0.016	0	2.0	582	9.707	145	0	0	
823	13.738	0.017	0	2.0	583	9.724	145	0	0	
824	13.754	0.016	0	2.0	584	9.74	145	0	0	
825	13.771	0.017	0	2.0	585	9.757	146	0	0	
826	13.788	0.017	0	2.0	586	9.774	146	0	0	
827	13.804	0.016	0	2.0	587	9.79	146	0	0	
828	13.821	0.017	0	2.0	588	9.807	146	0	0	
829	13.837	0.016	0	2.0	589	9.824	147	0	0	
830	13.855	0.017	0	2.0	590	9.841	147	0	0	
831	13.871	0.016	0	2.0	591	9.857	147	0	0	
832	13.888	0.017	0	2.0	592	9.874	147	0	0	
833	13.904	0.016	0	2.0	593	9.89	148	0	0	
834	13.92	0.016	0	2.0	594	9.907	148	0	0	
835	13.938	0.017	0	2.0	595	9.924	148	0	0	
836	13.954	0.016	0	2.0	596	9.94	148	0	0	
837	13.971	0.018	0	2.0	597	9.958	149	0	0	
838	13.987	0.016	0	2.0	598	9.974	149	0	0	
839	14.005	0.017	0	2.0	599	9.991	149	0	0	
840	14.021	0.016	0	2.0	600	10.007	149	0	0	
841	14.038	0.017	0	2.0	601	10.024	150	0	0	
842	14.054	0.016	0	2.0	602	10.04	150	0	0	
843	14.071	0.017	0	2.0	603	10.057	150	0	0	
844	14.088	0.017	0	2.0	604	10.074	150	0	0	
845	14.104	0.016	0	2.0	605	10.091	151	0	0	
846	14.121	0.016	0	2.0	606	10.107	151	0	0	
847	14.138	0.017	0	2.0	607	10.124	151	0	0	
848	14.154	0.016	0	2.0	608	10.141	151	0	0	
849	14.172	0.018	0	2.0	609	10.159	152	0	0	
850	14.187	0.015	0	2.0	610	10.173	152	0	0	
851	14.205	0.018	0	2.0	611	10.191	152	0	0	
852	14.22	0.015	0	2.0	612	10.207	152	0	0	
853	14.238	0.018	0	2.0	613	10.224	153	0	0	
854	14.254	0.016	0	2.0	614	10.24	153	0	0	
855	14.272	0.018	0	2.0	615	10.258	153	0	0	
856	14.287	0.016	0	2.0	616	10.274	153	0	0	
857	14.305	0.017	0	2.0	617	10.291	154	0	0	
858	14.321	0.016	0	2.0	618	10.307	154	0	0	
859	14.338	0.017	0	2.0	619	10.324	154	0	0	
860	14.354	0.016	0	2.0	620	10.341	154	0	0	
861	14.37	0.016	0	2.0	621	10.357	155	0	0	
862	14.388	0.017	0	2.0	622	10.374	155	0	0	
863	14.404	0.016	0	2.0	623	10.39	155	0	0	
864	14.421	0.018	0	2.0	624	10.408	155	0	0	
865	14.437	0.016	0	2.0	625	10.424	156	0	0	
866	14.455	0.017	0	2.0	626	10.441	156	0	0	
867	14.471	0.016	0	2.0	627	10.457	156	0	0	
868	14.488	0.017	0	2.0	628	10.474	156	0	0	
869	14.504	0.016	0	2.0	629	10.49	157	0	0	
870	14.522	0.018	0	2.0	630	10.508	157	0	0	
871	14.537	0.016	0	2.0	631	10.524	157	0	0	
872	14.555	0.017	0	2.0	632	10.541	157	0	0	
873	14.571	0.016	0	2.0	633	10.557	158	0	0	
874	14.587	0.017	0	2.0	634	10.574	158	0	0	
875	14.605	0.017	0	2.0	635	10.591	158	0	0	
876	14.621	0.016	0	2.0	636	10.607	158	0	0	
877	14.639	0.018	0	2.0	637	10.625	159	0	0	
878	14.654	0.015	0	2.0	638	10.641	159	0	0	
879	14.671	0.017	0	2.0	639	10.657	159	0	0	
880	14.687	0.017	0	2.0	640	10.674	159	0	0	
881	14.705	0.017	0	2.0	641	10.691	160	0	0	
882	14.721	0.016	0	2.0	642	10.707	160	0	0	
883	14.738	0.017	0	2.0	643	10.724	160	0	0	
884	14.754	0.016	0	2.0	644	10.74	160	0	0	
885	14.771	0.017	0	2.0	645	10.757	161	0	0	
886	14.788	0.017	0	2.0	646	10.774	161	0	0	
887	14.804	0.017	0	2.0	647	10.791	161	0	0	
888	14.821	0.017	0	2.0	648	10.808	161	0	0	
889	14.838	0.017	0	2.0	649	10.824	162	0	0	
890	14.855	0.017	0	2.0	650	10.841	162	0	0	
891	14.87	0.016	0	2.0	651	10.857	162	0	0	
892	14.888	0.018	0	2.0	652	10.875	162	0	0	
893	14.904	0.016	0	2.0	653	10.891	163	0	0	
894	14.921	0.017	0	2.0	654	10.908	163	0	0	
895	14.938	0.016	0	2.0	655	10.924	163	0	0	
896	14.955	0.017	0	2.0	656	10.941	163	0	0	
897	14.971	0.016	0	2.0	657	10.957	164	0	0	
898	14.988	0.017	0	2.0	658	10.975	164	0	0	
899	15.004	0.016	0	2.0	659	10.991	164	0	0	
900	15.022	0.017	0	2.0	660	11.008	164	0	0	
901	15.038	0.016	0	2.0	661	11.024	165	0	0	
902	15.055	0.017	0	2.0	662	11.041	165	0	0	
903	15.071	0.016	0	2.0	663	11.057	165	0	0	
904	15.09	0.019	0	2.0	664	11.076	165	0	0	
905	15.106	0.016	0	2.0	665	11.092	166	0	0	
906	15.123	0.017	0	2.0	666	11.109	166	0	0	
907	15.14	0.017	0	2.0	667	11.126	166	0	0	
908	15.156	0.016	0	2.0	668	11.142	166	0	0	
909	15.173	0.017	0	2.0	669	11.16	167	0	0	
910	15.189	0.016	0	2.0	670	11.175	167	0	0	
911	15.206	0.017	0	2.0	671	11.192	167	0	0	
912	15.224	0.018	0	2.0	672	11.21	167	0	0	
913	15.239	0.015	0	2.0	673	11.226	168	0	0	
914	15.257	0.018	0	2.0	674	11.244	168	0	0	
915	15.273	0.015	0	2.0	675	11.259	168	0	0	
916	15.29	0.017	0	2.0	676	11.276	168	0	0	
917	15.306	0.016	0	2.0	677	11.292	169	0	0	
918	15.324	0.018	0	2.0	678	11.31	169	0	0	
919	15.339	0.016	0	2.0	679	11.326	169	0	0	
920	15.357	0.017	0	2.0	680	11.343	169	0	0	
921	15.373	0.016	0	2.0	681	11.359	170	0	0	
922	15.39	0.017	0	2.0	682	11.376	170	0	0	
923	15.406	0.016	0	2.0	683	11.392	170	0	0	
924	15.424	0.018	0	2.0	684	11.41	170	0	0	
925	15.439	0.016	0	2.0	685	11.426	171	0	0	
926	15.457	0.018	0	2.0	686	11.443	171	0	0	
927	15.473	0.016	0	2.0	687	11.459	171	0	0	
928	15.489	0.017	0	2.0	688	11.476	171	0	0	
929	15.507	0.017	0	2.0	689	11.493	172	0	0	
930	15.523	0.016	0	2.0	690	11.509	172	0	0	
931	15.539	0.016	0	2.0	691	11.526	172	0	0	
932	15.557	0.017	0	2.0	692	11.543	172	0	0	
933	15.573	0.016	0	2.0	693	11.559	173	0	0	
934	15.589	0.017	0	2.0	694	11.576	173	0	0	
935	15.607	0.017	0	2.0	695	11.593	173	0	0	
936	15.623	0.016	0	2.0	696	11.609	173	0	0	
937	15.64	0.017	0	2.0	697	11.627	174	0	0	
938	15.656	0.016	0	2.0	698	11.643	174	0	0	
939	15.673	0.017	0	2.0	699	11.66	174	0	0	
940	15.69	0.017	0	2.0	700	11.677	174	0	0	
941	15.706	0.016	0	2.0	701	11.693	175	0	0	
942	15.723	0.017	0	2.0	702	11.709	175	0	0	
943	15.74	0.017	0	2.0	703	11.727	175	0	0	
944	15.756	0.016	0	2.0	704	11.743	175	0	0	
945	15.773	0.017	0	2.0	705	11.759	176	0	0	
946	15.79	0.017	0	2.0	706	11.776	176	0	0	
947	15.806	0.016	0	2.0	707	11.793	176	0	0	
948	15.823	0.017	0	2.0	708	11.81	176	0	0	
949	15.84	0.016	0	2.0	709	11.826	177	0	0	
950	15.857	0.017	0	2.0	710	11.843	177	0	0	
951	15.872	0.016	0	2.0	711	11.859	177	0	0	
952	15.89	0.017	0	2.0	712	11.876	177	0	0	
953	15.906	0.016	0	2.0	713	11.893	178	0	0	
954	15.923	0.017	0	2.0	714	11.91	178	0	0	
955	15.94	0.016	0	2.0	715	11.926	178	0	0	
956	15.957	0.017	0	2.0	716	11.943	178	0	0	
957	15.973	0.016	0	2.0	717	11.959	179	0	0	
958	15.99	0.017	0	2.0	718	11.976	179	0	0	
959	16.006	0.016	0	2.0	719	11.993	179	0	0	
960	16.023	0.017	0	2.0	720	12.01	179	0	0	
961	16.04	0.016	0	2.0	721	12.026	180	0	0	
962	16.057	0.017	0	2.0	722	12.043	180	0	0	
963	16.072	0.016	0	2.0	723	12.059	180	0	0	
964	16.09	0.017	0	2.0	724	12.076	180	0	0	
965	16.106	0.016	0	2.0	725	12.093	181	0	0	
966	16.123	0.017	0	2.0	726	12.11	181	0	0	
967	16.14	0.017	0	2.0	727	12.126	181	0	0	
968	16.157	0.017	0	2.0	728	12.143	181	0	0	
969	16.173	0.016	0	2.0	729	12.159	182	0	0	
970	16.19	0.018	0	2.0	730	12.177	182	0	0	
971	16.206	0.016	0	2.0	731	12.193	182	0	0	
972	16.224	0.017	0	2.0	732	12.21	182	0	0	
973	16.24	0.016	0	2.0	733	12.226	183	0	0	
974	16.256	0.016	0	2.0	734	12.243	183	0	0	
975	16.274	0.017	0	2.0	735	12.26	183	0	0	
976	16.29	0.016	0	2.0	736	12.276	183	0	0	
977	16.307	0.017	0	2.0	737	12.293	184	0	0	
978	16.324	0.017	0	2.0	738	12.31	184	0	0	
979	16.34	0.016	0	2.0	739	12.326	184	0	0	
980	16.356	0.016	0	2.0	740	12.343	184	0	0	
981	16.374	0.017	0	2.0	741	12.36	185	0	0	
982	16.39	0.016	0	2.0	742	12.376	185	0	0	
983	16.407	0.017	0	2.0	743	12.393	185	0	0	
984	16.423	0.016	0	2.0	744	12.41	185	0	0	
985	16.44	0.017	0	2.0	745	12.427	186	0	0	
986	16.456	0.016	0	2.0	746	12.443	186	0	0	
987	16.474	0.017	0	2.0	747	12.46	186	0	0	
988	16.49	0.017	0	2.0	748	12.477	186	0	0	
989	16.507	0.016	0	2.0	749	12.493	187	0	0	
990	16.524	0.017	0	2.0	750	12.51	187	0	0	
991	16.54	0.016	0	2.0	751	12.526	187	0	0	
992	16.557	0.017	0	2.0	752	12.543	187	0	0	
993	16.573	0.016	0	2.0	753	12.559	188	0	0	
994	16.591	0.018	0	2.0	754	12.577	188	0	0	
995	16.607	0.016	0	2.0	755	12.593	188	0	0	
996	16.624	0.017	0	2.0	756	12.61	188	0	0	
997	16.64	0.016	0	2.0	757	12.626	189	0	0	
998	16.657	0.017	0	2.0	758	12.643	189	0	0	
999	16.673	0.017	0	2.0	759	12.66	189	0	0	
1000	16.69	0.017	0	2.0	760	12.677	189	0	0	
1001	16.707	0.016	0	2.0	761	12.693	190	0	0	
1002	16.723	0.017	0	2.0	762	12.71	190	0	0	
1003	16.74	0.017	0	2.0	763	12.726	190	0	0	
1004	16.756	0.016	0	2.0	764	12.743	190	0	0	
1005	16.774	0.017	0	2.0	765	12.76	191	0	0	
1006	16.79	0.016	0	2.0	766	12.777	191	0	0	
1007	16.807	0.017	0	2.0	767	12.793	191	0	0	
1008	16.824	0.017	0	2.0	768	12.81	191	0	0	
1009	16.84	0.016	0	2.0	769	12.827	192	0	0	
1010	16.857	0.016	0	2.0	770	12.843	192	0	0	
1011	16.874	0.017	0	2.0	771	12.86	192	0	0	
1012	16.89	0.016	0	2.0	772	12.876	192	0	0	
1013	16.907	0.016	0	2.0	773	12.893	193	0	0	
1014	16.924	0.017	0	2.0	774	12.91	193	0	0	
1015	16.94	0.016	0	2.0	775	12.927	193	0	0	
1016	16.956	0.016	0	2.0	776	12.943	193	0	0	
1017	16.974	0.017	0	2.0	777	12.96	194	0	0	
1018	16.99	0.016	0	2.0	778	12.976	194	0	0	
1019	17.007	0.018	0	2.0	779	12.994	194	0	0	
1020	17.023	0.016	0	2.0	780	13.01	194	0	0	
1021	17.04	0.017	0	2.0	781	13.026	195	0	0	
1022	17.057	0.017	0	2.0	782	13.043	195	0	0	
1023	17.073	0.016	0	2.0	783	13.059	195	0	0	
1024	17.091	0.018	0	2.0	784	13.077	195	0	0	
1025	17.107	0.016	0	2.0	785	13.093	196	0	0	
1026	17.124	0.017	0	2.0	786	13.11	196	0	0	
1027	17.14	0.016	0	2.0	787	13.126	196	0	0	
1028	17.157	0.017	0	2.0	788	13.143	196	0	0	
1029	17.173	0.016	0	2.0	789	13.16	197	0	0	
1030	17.19	0.017	0	2.0	790	13.177	197	0	0	
1031	17.206	0.016	0	2.0	791	13.193	197	0	0	
1032	17.224	0.017	0	2.0	792	13.21	197	0	0	
1033	17.24	0.016	0	2.0	793	13.226	198	0	0	
1034	17.257	0.017	0	2.0	794	13.243	198	0	0	
1035	17.273	0.016	0	2.0	795	13.26	198	0	0	
1036	17.29	0.017	0	2.0	796	13.276	198	0	0	
1037	17.307	0.017	0	2.0	797	13.293	199	0	0	
1038	17.325	0.018	0	2.0	798	13.311	199	0	0	
1039	17.34	0.015	0	2.0	799	13.326	199	0	0	
1040	17.357	0.017	0	2.0	800	13.344	199	0	0	
1041	17.373	0.016	0	2.0	801	13.36	200	0	0	
1042	17.39	0.017	0	2.0	802	13.377	200	0	0	
1043	17.406	0.016	0	2.0	803	13.393	200	0	0	
1044	17.424	0.018	0	2.0	804	13.41	200	0	0	
1045	17.44	0.016	0	2.0	805	13.426	201	0	0	
1046	17.457	0.017	0	2.0	806	13.444	201	0	0	
1047	17.473	0.016	0	2.0	807	13.459	201	0	0	
1048	17.491	0.018	0	2.0	808	13.477	201	0	0	
1049	17.507	0.016	0	2.0	809	13.493	202	0	0	
1050	17.524	0.017	0	2.0	810	13.51	202	0	0	
1051	17.54	0.016	0	2.0	811	13.526	202	0	0	
1052	17.557	0.017	0	2.0	812	13.544	202	0	0	
1053	17.573	0.016	0	2.0	813	13.56	203	0	0	
1054	17.591	0.017	0	2.0	814	13.577	203	0	0	
1055	17.607	0.016	0	2.0	815	13.593	203	0	0	
1056	17.624	0.017	0	2.0	816	13.611	203	0	0	
1057	17.64	0.016	0	2.0	817	13.627	204	0	0	
1058	17.657	0.017	0	2.0	818	13.644	204	0	0	
1059	17.674	0.016	0	2.0	819	13.66	204	0	0	
1060	17.69	0.016	0	2.0	820	13.677	204	0	0	
1061	17.708	0.017	0	2.0	821	13.694	205	0	0	
1062	17.724	0.016	0	2.0	822	13.71	205	0	0	
1063	17.74	0.017	0	2.0	823	13.727	205	0	0	
1064	17.758	0.017	0	2.0	824	13.744	205	0	0	
1065	17.774	0.016	0	2.0	825	13.76	206	0	0	
1066	17.79	0.017	0	2.0	826	13.777	206	0	0	
1067	17.807	0.017	0	2.0	827	13.794	206	0	0	
1068	17.824	0.016	0	2.0	828	13.81	206	0	0	
1069	17.841	0.017	0	2.0	829	13.827	207	0	0	
1070	17.857	0.016	0	2.0	830	13.844	207	0	0	
1071	17.874	0.017	0	2.0	831	13.86	207	0	0	
1072	17.89	0.016	0	2.0	832	13.877	207	0	0	
1073	17.908	0.018	0	2.0	833	13.894	208	0	0	
1074	17.924	0.016	0	2.0	834	13.91	208	0	0	
1075	17.941	0.017	0	2.0	835	13.927	208	0	0	
1076	17.957	0.016	0	2.0	836	13.943	208	0	0	
1077	17.974	0.017	0	2.0	837	13.96	209	0	0	
1078	17.99	0.016	0	2.0	838	13.977	209	0	0	
1079	18.008	0.017	0	2.0	839	13.994	209	0	0	
1080	18.024	0.017	0	2.0	840	14.011	209	0	0	
1081	18.04	0.016	0	2.0	841	14.027	210	0	0	
1082	18.058	0.017	0	2.0	842	14.044	210	0	0	
1083	18.074	0.016	0	2.0	843	14.06	210	0	0	
1084	18.091	0.017	0	2.0	844	14.077	210	0	0	
1085	18.107	0.016	0	2.0	845	14.093	211	0	0	
1086	18.124	0.017	0	2.0	846	14.111	211	0	0	
1087	18.14	0.016	0	2.0	847	14.127	211	0	0	
1088	18.157	0.017	0	2.0	848	14.144	211	0	0	
1089	18.174	0.017	0	2.0	849	14.16	212	0	0	
1090	18.191	0.017	0	2.0	850	14.177	212	0	0	
1091	18.207	0.016	0	2.0	851	14.193	212	0	0	
1092	18.224	0.017	0	2.0	852	14.211	212	0	0	
1093	18.24	0.016	0	2.0	853	14.227	213	0	0	
1094	18.258	0.017	0	2.0	854	14.244	213	0	0	
1095	18.274	0.016	0	2.0	855	14.26	213	0	0	
1096	18.29	0.017	0	2.0	856	14.277	213	0	0	
1097	18.308	0.017	0	2.0	857	14.294	214	0	0	
1098	18.324	0.016	0	2.0	858	14.31	214	0	0	
1099	18.341	0.017	0	2.0	859	14.327	214	0	0	
1100	18.358	0.017	0	2.0	860	14.344	214	0	0	
1101	18.374	0.017	0	2.0	861	14.361	215	0	0	
1102	18.392	0.018	0	2.0	862	14.378	215	0	0	
1103	18.407	0.015	0	2.0	863	14.394	215	0	0	
1104	18.425	0.018	0	2.0	864	14.411	215	0	0	
1105	18.441	0.016	0	2.0	865	14.427	216	0	0	
1106	18.457	0.017	0	2.0	866	14.444	216	0	0	
1107	18.474	0.017	0	2.0	867	14.461	216	0	0	
1108	18.491	0.016	0	2.0	868	14.477	216	0	0	
1109	18.507	0.017	0	2.0	869	14.494	217	0	0	
1110	18.524	0.016	0	2.0	870	14.51	217	0	0	
1111	18.541	0.017	0	2.0	871	14.527	217	0	0	
1112	18.557	0.016	0	2.0	872	14.543	217	0	0	
1113	18.575	0.018	0	2.0	873	14.561	218	0	0	
1114	18.59	0.016	0	2.0	874	14.577	218	0	0	
1115	18.608	0.017	0	2.0	875	14.594	218	0	0	
1116	18.624	0.016	0	2.0	876	14.61	218	0	0	
1117	18.641	0.017	0	2.0	877	14.628	219	0	0	
1118	18.657	0.016	0	2.0	878	14.644	219	0	0	
1119	18.674	0.016	0	2.0	879	14.66	219	0	0	
1120	18.691	0.017	0	2.0	880	14.678	219	0	0	
1121	18.707	0.016	0	2.0	881	14.693	220	0	0	
1122	18.724	0.018	0	2.0	882	14.711	220	0	0	
1123	18.74	0.016	0	2.0	883	14.727	220	0	0	
1124	18.758	0.017	0	2.0	884	14.744	220	0	0	
1125	18.774	0.016	0	2.0	885	14.76	221	0	0	
1126	18.791	0.017	0	2.0	886	14.777	221	0	0	
1127	18.807	0.017	0	2.0	887	14.794	221	0	0	
1128	18.825	0.018	0	2.0	888	14.811	221	0	0	
1129	18.841	0.016	0	2.0	889	14.827	222	0	0	
1130	18.858	0.017	0	2.0	890	14.844	222	0	0	
1131	18.874	0.016	0	2.0	891	14.861	222	0	0	
1132	18.891	0.016	0	2.0	892	14.877	222	0	0	
1133	18.908	0.017	0	2.0	893	14.894	223	0	0	
1134	18.924	0.016	0	2.0	894	14.91	223	0	0	
1135	18.941	0.017	0	2.0	895	14.928	223	0	0	
1136	18.958	0.017	0	2.0	896	14.944	223	0	0	
1137	18.975	0.017	0	2.0	897	14.961	224	0	0	
1138	18.99	0.016	0	2.0	898	14.977	224	0	0	
1139	19.008	0.017	0	2.0	899	14.994	224	0	0	
1140	19.024	0.016	0	2.0	900	15.01	224	0	0	
1141	19.041	0.017	0	2.0	901	15.028	225	0	0	
1142	19.057	0.016	0	2.0	902	15.044	225	0	0	
1143	19.075	0.017	0	2.0	903	15.061	225	0	0	
1144	19.091	0.016	0	2.0	904	15.077	225	0	0	
1145	19.108	0.017	0	2.0	905	15.094	226	0	0	
1146	19.124	0.016	0	2.0	906	15.111	226	0	0	
1147	19.141	0.017	0	2.0	907	15.127	226	0	0	
1148	19.157	0.017	0	2.0	908	15.144	226	0	0	
1149	19.175	0.017	0	2.0	909	15.161	227	0	0	
1150	19.19	0.016	0	2.0	910	15.177	227	0	0	
1151	19.208	0.017	0	2.0	911	15.194	227	0	0	
1152	19.224	0.016	0	2.0	912	15.21	227	0	0	
1153	19.242	0.018	0	2.0	913	15.228	228	0	0	
1154	19.257	0.016	0	2.0	914	15.244	228	0	0	
1155	19.275	0.017	0	2.0	915	15.261	228	0	0	
1156	19.291	0.016	0	2.0	916	15.277	228	0	0	
1157	19.307	0.016	0	2.0	917	15.294	229	0	0	
1158	19.325	0.017	0	2.0	918	15.311	229	0	0	
1159	19.341	0.016	0	2.0	919	15.327	229	0	0	
1160	19.357	0.016	0	2.0	920	15.344	229	0	0	
1161	19.375	0.017	0	2.0	921	15.361	230	0	0	
1162	19.391	0.016	0	2.0	922	15.377	230	0	0	
1163	19.408	0.017	0	2.0	923	15.394	230	0	0	
1164	19.424	0.016	0	2.0	924	15.41	230	0	0	
1165	19.441	0.017	0	2.0	925	15.428	231	0	0	
1166	19.458	0.016	0	2.0	926	15.444	231	0	0	
1167	19.475	0.017	0	2.0	927	15.461	231	0	0	
1168	19.491	0.016	0	2.0	928	15.477	231	0	0	
1169	19.507	0.016	0	2.0	929	15.494	232	0	0	
1170	19.525	0.017	0	2.0	930	15.511	232	0	0	
1171	19.541	0.016	0	2.0	931	15.527	232	0	0	
1172	19.558	0.017	0	2.0	932	15.544	232	0	0	
1173	19.574	0.016	0	2.0	933	15.56	233	0	0	
1174	19.592	0.018	0	2.0	934	15.578	233	0	0	
1175	19.607	0.016	0	2.0	935	15.594	233	0	0	
1176	19.625	0.017	0	2.0	936	15.611	233	0	0	
1177	19.641	0.016	0	2.0	937	15.627	234	0	0	
1178	19.657	0.017	0	2.0	938	15.644	234	0	0	
1179	19.675	0.017	0	2.0	939	15.661	234	0	0	
1180	19.691	0.016	0	2.0	940	15.677	234	0	0	
1181	19.708	0.017	0	2.0	941	15.695	235	0	0	
1182	19.724	0.016	0	2.0	942	15.711	235	0	0	
1183	19.741	0.017	0	2.0	943	15.727	235	0	0	
1184	19.758	0.017	0	2.0	944	15.744	235	0	0	
1185	19.775	0.017	0	2.0	945	15.761	236	0	0	
1186	19.791	0.016	0	2.0	946	15.777	236	0	0	
1187	19.808	0.018	0	2.0	947	15.795	236	0	0	
1188	19.824	0.016	0	2.0	948	15.811	236	0	0	
1189	19.842	0.017	0	2.0	949	15.828	237	0	0	
1190	19.858	0.016	0	2.0	950	15.844	237	0	0	
1191	19.874	0.017	0	2.0	951	15.861	237	0	0	
1192	19.892	0.017	0	2.0	952	15.878	237	0	0	
1193	19.908	0.016	0	2.0	953	15.894	238	0	0	
1194	19.925	0.017	0	2.0	954	15.911	238	0	0	
1195	19.941	0.016	0	2.0	955	15.927	238	0	0	
1196	19.958	0.017	0	2.0	956	15.944	238	0	0	
1197	19.975	0.017	0	2.0	957	15.961	239	0	0	
1198	19.991	0.016	0	2.0	958	15.977	239	0	0	
1199	20.008	0.017	0	2.0	959	15.995	239	0	0	
1200	20.024	0.016	0	2.0	960	16.011	239	0	0	
1201	20.041	0.017	0	2.0	961	16.028	240	0	0	
1202	20.057	0.016	0	2.0	962	16.044	240	0	0	
1203	20.075	0.017	0	2.0	963	16.061	240	0	0	
1204	20.094	0.019	0	2.0	964	16.08	240	0	0	
1205	20.109	0.016	0	2.0	965	16.096	241	0	0	
1206	20.127	0.017	0	2.0	966	16.113	241	0	0	
1207	20.143	0.016	0	2.0	967	16.129	241	0	0	
1208	20.16	0.017	0	2.0	968	16.147	241	0	0	
1209	20.176	0.015	0	2.0	969	16.162	242	0	0	
1210	20.193	0.018	0	2.0	970	16.18	242	0	0	
1211	20.209	0.016	0	2.0	971	16.196	242	0	0	
1212	20.227	0.017	0	2.0	972	16.213	242	0	0	
1213	20.243	0.016	0	2.0	973	16.229	243	0	0	
1214	20.259	0.017	0	2.0	974	16.246	243	0	0	
1215	20.277	0.017	0	2.0	975	16.263	243	0	0	
1216	20.293	0.016	0	2.0	976	16.279	243	0	0	
1217	20.31	0.017	0	2.0	977	16.296	244	0	0	
1218	20.326	0.016	0	2.0	978	16.313	244	0	0	
1219	20.343	0.017	0	2.0	979	16.329	244	0	0	
1220	20.36	0.017	0	2.0	980	16.346	244	0	0	
1221	20.376	0.016	0	2.0	981	16.362	245	0	0	
1222	20.393	0.017	0	2.0	982	16.38	245	0	0	
1223	20.409	0.016	0	2.0	983	16.396	245	0	0	
1224	20.427	0.017	0	2.0	984	16.413	245	0	0	
1225	20.443	0.016	0	2.0	985	16.429	246	0	0	
1226	20.46	0.017	0	2.0	986	16.446	246	0	0	
1227	20.476	0.016	0	2.0	987	16.462	246	0	0	
1228	20.493	0.017	0	2.0	988	16.48	246	0	0	
1229	20.51	0.017	0	2.0	989	16.496	247	0	0	
1230	20.527	0.017	0	2.0	990	16.513	247	0	0	
1231	20.543	0.016	0	2.0	991	16.529	247	0	0	
1232	20.559	0.017	0	2.0	992	16.546	247	0	0	
1233	20.577	0.017	0	2.0	993	16.563	248	0	0	
1234	20.593	0.016	0	2.0	994	16.579	248	0	0	
1235	20.61	0.017	0	2.0	995	16.596	248	0	0	
1236	20.626	0.016	0	2.0	996	16.612	248	0	0	
1237	20.644	0.018	0	2.0	997	16.63	249	0	0	
1238	20.659	0.016	0	2.0	998	16.646	249	0	0	
1239	20.677	0.017	0	2.0	999	16.663	249	0	0	
1240	20.693	0.016	0	2.0	1000	16.68	249	0	0	
1241	20.709	0.016	0	2.0	1001	16.696	250	0	0	
1242	20.727	0.017	0	2.0	1002	16.713	250	0	0	
1243	20.743	0.016	0	2.0	1003	16.729	250	0	0	
1244	20.76	0.018	0	2.0	1004	16.747	250	0	0	
1245	20.776	0.016	0	2.0	1005	16.763	251	0	0	
1246	20.794	0.017	0	2.0	1006	16.78	251	0	0	
1247	20.81	0.016	0	2.0	1007	16.796	251	0	0	
1248	20.827	0.017	0	2.0	1008	16.813	251	0	0	
1249	20.843	0.017	0	2.0	1009	16.83	252	0	0	
1250	20.86	0.016	0	2.0	1010	16.846	252	0	0	
1251	20.876	0.017	0	2.0	1011	16.863	252	0	0	
1252	20.894	0.017	0	2.0	1012	16.88	252	0	0	
1253	20.91	0.016	0	2.0	1013	16.896	253	0	0	
1254	20.926	0.017	0	2.0	1014	16.913	253	0	0	
1255	20.944	0.017	0	2.0	1015	16.93	253	0	0	
1256	20.96	0.017	0	2.0	1016	16.947	253	0	0	
1257	20.976	0.016	0	2.0	1017	16.963	254	0	0	
1258	20.994	0.017	0	2.0	1018	16.98	254	0	0	
1259	21.01	0.016	0	2.0	1019	16.996	254	0	0	
1260	21.027	0.017	0	2.0	1020	17.013	254	0	0	
1261	21.043	0.016	0	2.0	1021	17.03	255	0	0	
1262	21.06	0.017	0	2.0	1022	17.047	255	0	0	
1263	21.076	0.016	0	2.0	1023	17.063	255	0	0	
1264	21.094	0.017	0	2.0	1024	17.08	255	0	0	
1265	21.111	0.017	0	2.0	1025	17.097	256	0	0	
1266	21.126	0.016	0	2.0	1026	17.113	256	0	0	
1267	21.144	0.017	0	2.0	1027	17.13	256	0	0	
1268	21.16	0.016	0	2.0	1028	17.147	256	0	0	
1269	21.176	0.016	0	2.0	1029	17.163	257	0	0	
1270	21.194	0.017	0	2.0	1030	17.18	257	0	0	
1271	21.21	0.017	0	2.0	1031	17.197	257	0	0	
1272	21.227	0.016	0	2.0	1032	17.213	257	0	0	
1273	21.244	0.017	0	2.0	1033	17.23	258	0	0	
1274	21.26	0.016	0	2.0	1034	17.246	258	0	0	
1275	21.277	0.017	0	2.0	1035	17.263	258	0	0	
1276	21.293	0.016	0	2.0	1036	17.279	258	0	0	
1277	21.31	0.017	0	2.0	1037	17.297	259	0	0	
1278	21.326	0.016	0	2.0	1038	17.313	259	0	0	
1279	21.344	0.017	0	2.0	1039	17.33	259	0	0	
1280	21.36	0.016	0	2.0	1040	17.346	259	0	0	
1281	21.377	0.017	0	2.0	1041	17.363	260	0	0	
1282	21.393	0.016	0	2.0	1042	17.38	260	0	0	
1283	21.411	0.017	0	2.0	1043	17.397	260	0	0	
1284	21.427	0.016	0	2.0	1044	17.413	260	0	0	
1285	21.443	0.016	0	2.0	1045	17.43	261	0	0	
1286	21.46	0.017	0	2.0	1046	17.446	261	0	0	
1287	21.477	0.017	0	2.0	1047	17.463	261	0	0	
1288	21.493	0.016	0	2.0	1048	17.479	261	0	0	
1289	21.51	0.017	0	2.0	1049	17.497	262	0	0	
1290	21.526	0.016	0	2.0	1050	17.513	262	0	0	
1291	21.544	0.017	0	2.0	1051	17.53	262	0	0	
1292	21.56	0.016	0	2.0	1052	17.546	262	0	0	
1293	21.577	0.017	0	2.0	1053	17.563	263	0	0	
1294	21.594	0.017	0	2.0	1054	17.581	263	0	0	
1295	21.609	0.015	0	2.0	1055	17.596	263	0	0	
1296	21.627	0.018	0	2.0	1056	17.613	263	0	0	
1297	21.643	0.016	0	2.0	1057	17.63	264	0	0	
1298	21.66	0.017	0	2.0	1058	17.646	264	0	0	
1299	21.677	0.017	0	2.0	1059	17.664	264	0	0	
1300	21.693	0.016	0	2.0	1060	17.68	264	0	0	
1301	21.71	0.017	0	2.0	1061	17.696	265	0	0	
1302	21.726	0.017	0	2.0	1062	17.713	265	0	0	
1303	21.744	0.017	0	2.0	1063	17.73	265	0	0	
1304	21.76	0.017	0	2.0	1064	17.747	265	0	0	
1305	21.777	0.017	0	2.0	1065	17.763	266	0	0	
1306	21.793	0.016	0	2.0	1066	17.78	266	0	0	
1307	21.81	0.017	0	2.0	1067	17.797	266	0	0	
1308	21.827	0.016	0	2.0	1068	17.813	266	0	0	
1309	21.844	0.017	0	2.0	1069	17.83	267	0	0	
1310	21.86	0.016	0	2.0	1070	17.846	267	0	0	
1311	21.877	0.018	0	2.0	1071	17.864	267	0	0	
1312	21.893	0.016	0	2.0	1072	17.88	267	0	0	
1313	21.91	0.017	0	2.0	1073	17.897	268	0	0	
1314	21.927	0.016	0	2.0	1074	17.913	268	0	0	
1315	21.944	0.017	0	2.0	1075	17.93	268	0	0	
1316	21.96	0.016	0	2.0	1076	17.946	268	0	0	
1317	21.977	0.017	0	2.0	1077	17.963	269	0	0	
1318	21.993	0.016	0	2.0	1078	17.979	269	0	0	
1319	22.011	0.018	0	2.0	1079	17.997	269	0	0	
1320	22.026	0.016	0	2.0	1080	18.013	269	0	0	
1321	22.044	0.018	0	2.0	1081	18.03	270	0	0	
1322	22.06	0.016	0	2.0	1082	18.046	270	0	0	
1323	22.077	0.017	0	2.0	1083	18.064	270	0	0	
1324	22.093	0.016	0	2.0	1084	18.08	270	0	0	
1325	22.111	0.017	0	2.0	1085	18.097	271	0	0	
1326	22.126	0.016	0	2.0	1086	18.113	271	0	0	
1327	22.144	0.018	0	2.0	1087	18.13	271	0	0	
1328	22.16	0.016	0	2.0	1088	18.146	271	0	0	
1329	22.177	0.018	0	2.0	1089	18.164	272	0	0	
1330	22.193	0.016	0	2.0	1090	18.179	272	0	0	
1331	22.211	0.018	0	2.0	1091	18.197	272	0	0	
1332	22.227	0.016	0	2.0	1092	18.213	272	0	0	
1333	22.244	0.017	0	2.0	1093	18.23	273	0	0	
1334	22.26	0.016	0	2.0	1094	18.246	273	0	0	
1335	22.277	0.018	0	2.0	1095	18.264	273	0	0	
1336	22.293	0.016	0	2.0	1096	18.28	273	0	0	
1337	22.311	0.017	0	2.0	1097	18.297	274	0	0	
1338	22.327	0.016	0	2.0	1098	18.313	274	0	0	
1339	22.344	0.017	0	2.0	1099	18.33	274	0	0	
1340	22.36	0.016	0	2.0	1100	18.346	274	0	0	
1341	22.377	0.017	0	2.0	1101	18.364	275	0	0	
1342	22.394	0.017	0	2.0	1102	18.38	275	0	0	
1343	22.41	0.016	0	2.0	1103	18.397	275	0	0	
1344	22.428	0.017	0	2.0	1104	18.414	275	0	0	
1345	22.444	0.016	0	2.0	1105	18.43	276	0	0	
1346	22.461	0.017	0	2.0	1106	18.447	276	0	0	
1347	22.477	0.016	0	2.0	1107	18.463	276	0	0	
1348	22.494	0.017	0	2.0	1108	18.48	276	0	0	
1349	22.511	0.017	0	2.0	1109	18.497	277	0	0	
1350	22.527	0.016	0	2.0	1110	18.513	277	0	0	
1351	22.544	0.017	0	2.0	1111	18.531	277	0	0	
1352	22.56	0.016	0	2.0	1112	18.547	277	0	0	
1353	22.578	0.017	0	2.0	1113	18.564	278	0	0	
1354	22.594	0.016	0	2.0	1114	18.58	278	0	0	
1355	22.611	0.017	0	2.0	1115	18.598	278	0	0	
1356	22.627	0.016	0	2.0	1116	18.613	278	0	0	
1357	22.644	0.018	0	2.0	1117	18.631	279	0	0	
1358	22.661	0.017	0	2.0	1118	18.648	279	0	0	
1359	22.677	0.016	0	2.0	1119	18.664	279	0	0	
1360	22.694	0.017	0	2.0	1120	18.68	279	0	0	
1361	22.71	0.017	0	2.0	1121	18.697	280	0	0	
1362	22.728	0.017	0	2.0	1122	18.714	280	0	0	
1363	22.744	0.016	0	2.0	1123	18.73	280	0	0	
1364	22.76	0.017	0	2.0	1124	18.747	280	0	0	
1365	22.778	0.017	0	2.0	1125	18.764	281	0	0	
1366	22.794	0.016	0	2.0	1126	18.78	281	0	0	
1367	22.81	0.017	0	2.0	1127	18.797	281	0	0	
1368	22.828	0.018	0	2.0	1128	18.814	281	0	0	
1369	22.844	0.016	0	2.0	1129	18.83	282	0	0	
1370	22.86	0.017	0	2.0	1130	18.847	282	0	0	
1371	22.878	0.017	0	2.0	1131	18.864	282	0	0	
1372	22.894	0.016	0	2.0	1132	18.88	282	0	0	
1373	22.911	0.017	0	2.0	1133	18.897	283	0	0	
1374	22.927	0.016	0	2.0	1134	18.914	283	0	0	
1375	22.944	0.017	0	2.0	1135	18.93	283	0	0	
1376	22.96	0.017	0	2.0	1136	18.947	283	0	0	
1377	22.978	0.017	0	2.0	1137	18.964	284	0	0	
1378	22.994	0.016	0	2.0	1138	18.98	284	0	0	
1379	23.01	0.016	0	2.0	1139	18.997	284	0	0	
1380	23.028	0.017	0	2.0	1140	19.014	284	0	0	
1381	23.044	0.016	0	2.0	1141	19.03	285	0	0	
1382	23.06	0.017	0	2.0	1142	19.047	285	0	0	
1383	23.078	0.017	0	2.0	1143	19.064	285	0	0	
1384	23.094	0.016	0	2.0	1144	19.08	285	0	0	
1385	23.111	0.017	0	2.0	1145	19.097	286	0	0	
1386	23.127	0.016	0	2.0	1146	19.113	286	0	0	
1387	23.144	0.017	0	2.0	1147	19.131	286	0	0	
1388	23.16	0.016	0	2.0	1148	19.147	286	0	0	
1389	23.178	0.017	0	2.0	1149	19.164	287	0	0	
1390	23.194	0.016	0	2.0	1150	19.18	287	0	0	
1391	23.211	0.017	0	2.0	1151	19.198	287	0	0	
1392	23.227	0.016	0	2.0	1152	19.214	287	0	0	
1393	23.244	0.017	0	2.0	1153	19.231	288	0	0	
1394	23.26	0.016	0	2.0	1154	19.247	288	0	0	
1395	23.278	0.017	0	2.0	1155	19.264	288	0	0	
1396	23.294	0.016	0	2.0	1156	19.28	288	0	0	
1397	23.311	0.017	0	2.0	1157	19.297	289	0	0	
1398	23.328	0.017	0	2.0	1158	19.314	289	0	0	
1399	23.344	0.016	0	2.0	1159	19.33	289	0	0	
1400	23.361	0.017	0	2.0	1160	19.347	289	0	0	
1401	23.377	0.016	0	2.0	1161	19.363	290	0	0	
1402	23.395	0.018	0	2.0	1162	19.381	290	0	0	
1403	23.411	0.016	0	2.0	1163	19.397	290	0	0	
1404	23.428	0.017	0	2.0	1164	19.414	290	0	0	
1405	23.444	0.016	0	2.0	1165	19.43	291	0	0	
1406	23.461	0.017	0	2.0	1166	19.447	291	0	0	
1407	23.478	0.017	0	2.0	1167	19.464	291	0	0	
1408	23.494	0.016	0	2.0	1168	19.48	291	0	0	
1409	23.511	0.017	0	2.0	1169	19.497	292	0	0	
1410	23.528	0.017	0	2.0	1170	19.514	292	0	0	
1411	23.544	0.016	0	2.0	1171	19.53	292	0	0	
1412	23.561	0.017	0	2.0	1172	19.548	292	0	0	
1413	23.577	0.016	0	2.0	1173	19.564	293	0	0	
1414	23.594	0.017	0	2.0	1174	19.581	293	0	0	
1415	23.611	0.016	0	2.0	1175	19.597	293	0	0	
1416	23.628	0.017	0	2.0	1176	19.614	293	0	0	
1417	23.644	0.016	0	2.0	1177	19.631	294	0	0	
1418	23.66	0.016	0	2.0	1178	19.647	294	0	0	
1419	23.678	0.017	0	2.0	1179	19.664	294	0	0	
1420	23.694	0.016	0	2.0	1180	19.681	294	0	0	
1421	23.712	0.018	0	2.0	1181	19.698	295	0	0	
1422	23.727	0.015	0	2.0	1182	19.713	295	0	0	
1423	23.744	0.017	0	2.0	1183	19.731	295	0	0	
1424	23.761	0.017	0	2.0	1184	19.747	295	0	0	
1425	23.778	0.017	0	2.0	1185	19.764	296	0	0	
1426	23.794	0.016	0	2.0	1186	19.78	296	0	0	
1427	23.811	0.018	0	2.0	1187	19.798	296	0	0	
1428	23.827	0.016	0	2.0	1188	19.814	296	0	0	
1429	23.845	0.017	0	2.0	1189	19.831	297	0	0	
1430	23.861	0.016	0	2.0	1190	19.847	297	0	0	
1431	23.878	0.017	0	2.0	1191	19.865	297	0	0	
1432	23.894	0.016	0	2.0	1192	19.88	297	0	0	
1433	23.911	0.017	0	2.0	1193	19.897	298	0	0	
1434	23.927	0.017	0	2.0	1194	19.914	298	0	0	
1435	23.945	0.017	0	2.0	1195	19.931	298	0	0	
1436	23.961	0.016	0	2.0	1196	19.947	298	0	0	
1437	23.978	0.017	0	2.0	1197	19.964	299	0	0	
1438	23.994	0.016	0	2.0	1198	19.98	299	0	0	
1439	24.011	0.017	0	2.0	1199	19.998	299	0	0	
1440	24.027	0.016	0	2.0	1200	20.014	299	0	0	
