sample_num	sample_time	sampling_interval	imaging_frame	frame_time	stimulus_epoch	stim_frame	epoch_time	stim_info1	stim_info2	stim_info3	
1	0.023	0.023	0	1.0	1	0.023	0	0	0	
2	0.039	0.016	0	1.0	2	0.039	0	0	0	
3	0.055	0.016	0	1.0	3	0.055	0	0	0	
4	0.072	0.017	0	1.0	4	0.072	0	0	0	
5	0.088	0.016	0	1.0	5	0.088	0	0	0	
6	0.105	0.017	0	1.0	6	0.105	0	0	0	
7	0.122	0.017	0	1.0	7	0.122	0	0	0	
8	0.138	0.016	0	1.0	8	0.138	0	0	0	
9	0.155	0.017	0	1.0	9	0.155	0	0	0	
10	0.172	0.017	0	1.0	10	0.172	0	0	0	
11	0.188	0.017	0	1.0	11	0.188	0	0	0	
12	0.205	0.017	0	1.0	12	0.205	0	0	0	
13	0.223	0.017	0	1.0	13	0.223	0	0	0	
14	0.238	0.016	0	1.0	14	0.238	0	0	0	
15	0.256	0.018	0	1.0	15	0.256	0	0	0	
16	0.271	0.016	0	1.0	16	0.271	0	0	0	
17	0.288	0.017	0	1.0	17	0.288	0	0	0	
18	0.305	0.017	0	1.0	18	0.305	0	0	0	
19	0.322	0.017	0	1.0	19	0.322	0	0	0	
20	0.339	0.017	0	1.0	20	0.339	0	0	0	
21	0.355	0.016	0	1.0	21	0.355	0	0	0	
22	0.373	0.018	0	1.0	22	0.373	0	0	0	
23	0.388	0.015	0	1.0	23	0.388	0	0	0	
24	0.405	0.017	0	1.0	24	0.405	0	0	0	
25	0.423	0.018	0	1.0	25	0.423	0	0	0	
26	0.438	0.015	0	1.0	26	0.438	0	0	0	
27	0.456	0.018	0	1.0	27	0.456	0	0	0	
28	0.471	0.016	0	1.0	28	0.471	0	0	0	
29	0.488	0.017	0	1.0	29	0.488	0	0	0	
30	0.505	0.017	0	1.0	30	0.505	0	0	0	
31	0.522	0.017	0	1.0	31	0.522	0	0	0	
32	0.538	0.016	0	1.0	32	0.539	0	0	0	
33	0.555	0.016	0	1.0	33	0.555	0	0	0	
34	0.572	0.018	0	1.0	34	0.572	0	0	0	
35	0.588	0.016	0	1.0	35	0.588	0	0	0	
36	0.606	0.018	0	1.0	36	0.606	0	0	0	
37	0.624	0.018	0	1.0	37	0.624	0	0	0	
38	0.638	0.014	0	1.0	38	0.638	0	0	0	
39	0.654	0.016	0	1.0	39	0.654	0	0	0	
40	0.672	0.017	0	1.0	40	0.672	0	0	0	
41	0.688	0.016	0	1.0	41	0.688	0	0	0	
42	0.705	0.017	0	1.0	42	0.705	0	0	0	
43	0.721	0.016	0	1.0	43	0.721	0	0	0	
44	0.738	0.018	0	1.0	44	0.738	0	0	0	
45	0.754	0.016	0	1.0	45	0.754	0	0	0	
46	0.771	0.017	0	1.0	46	0.771	0	0	0	
47	0.788	0.017	0	1.0	47	0.788	0	0	0	
48	0.805	0.017	0	1.0	48	0.805	0	0	0	
49	0.821	0.016	0	1.0	49	0.821	0	0	0	
50	0.838	0.017	0	1.0	50	0.838	0	0	0	
51	0.854	0.016	0	1.0	51	0.854	0	0	0	
52	0.871	0.017	0	1.0	52	0.871	0	0	0	
53	0.888	0.017	0	1.0	53	0.888	0	0	0	
54	0.904	0.016	0	1.0	54	0.904	0	0	0	
55	0.922	0.018	0	1.0	55	0.922	0	0	0	
56	0.938	0.016	0	1.0	56	0.938	0	0	0	
57	0.955	0.017	0	1.0	57	0.955	0	0	0	
58	0.971	0.016	0	1.0	58	0.971	0	0	0	
59	0.988	0.017	0	1.0	59	0.988	0	0	0	
60	1.005	0.017	0	1.0	60	1.005	0	0	0	
61	1.022	0.017	0	1.0	61	1.022	0	0	0	
62	1.038	0.016	0	1.0	62	1.038	0	0	0	
63	1.055	0.018	0	1.0	63	1.055	0	0	0	
64	1.071	0.016	0	1.0	64	1.071	0	0	0	
65	1.088	0.017	0	1.0	65	1.088	0	0	0	
66	1.105	0.017	0	1.0	66	1.105	0	0	0	
67	1.121	0.016	0	1.0	67	1.121	0	0	0	
68	1.138	0.017	0	1.0	68	1.138	0	0	0	
69	1.155	0.017	0	1.0	69	1.155	0	0	0	
70	1.171	0.017	0	1.0	70	1.171	0	0	0	
71	1.188	0.017	0	1.0	71	1.188	0	0	0	
72	1.205	0.017	0	1.0	72	1.205	0	0	0	
73	1.222	0.017	0	1.0	73	1.222	0	0	0	
74	1.238	0.017	0	1.0	74	1.238	0	0	0	
75	1.255	0.017	0	1.0	75	1.255	0	0	0	
76	1.272	0.017	0	1.0	76	1.272	0	0	0	
77	1.288	0.017	0	1.0	77	1.288	0	0	0	
78	1.305	0.017	0	1.0	78	1.305	0	0	0	
79	1.321	0.016	0	1.0	79	1.321	0	0	0	
80	1.338	0.017	0	1.0	80	1.338	0	0	0	
81	1.355	0.017	0	1.0	81	1.355	0	0	0	
82	1.371	0.016	0	1.0	82	1.371	0	0	0	
83	1.388	0.017	0	1.0	83	1.388	0	0	0	
84	1.405	0.017	0	1.0	84	1.405	0	0	0	
85	1.422	0.018	0	1.0	85	1.423	0	0	0	
86	1.439	0.016	0	1.0	86	1.439	0	0	0	
87	1.455	0.016	0	1.0	87	1.455	0	0	0	
88	1.472	0.017	0	1.0	88	1.472	0	0	0	
89	1.488	0.017	0	1.0	89	1.488	0	0	0	
90	1.505	0.017	0	1.0	90	1.505	0	0	0	
91	1.521	0.016	0	1.0	91	1.521	0	0	0	
92	1.538	0.017	0	1.0	92	1.538	0	0	0	
93	1.555	0.017	0	1.0	93	1.555	0	0	0	
94	1.572	0.017	0	1.0	94	1.572	0	0	0	
95	1.588	0.016	0	1.0	95	1.588	0	0	0	
96	1.606	0.018	0	1.0	96	1.606	0	0	0	
97	1.621	0.015	0	1.0	97	1.621	0	0	0	
98	1.638	0.017	0	1.0	98	1.638	0	0	0	
99	1.655	0.017	0	1.0	99	1.655	0	0	0	
100	1.675	0.02	0	1.0	100	1.675	0	0	0	
101	1.688	0.013	0	1.0	101	1.688	0	0	0	
102	1.705	0.017	0	1.0	102	1.705	0	0	0	
103	1.722	0.017	0	1.0	103	1.722	0	0	0	
104	1.738	0.017	0	1.0	104	1.738	0	0	0	
105	1.755	0.017	0	1.0	105	1.755	0	0	0	
106	1.772	0.017	0	1.0	106	1.772	0	0	0	
107	1.788	0.017	0	1.0	107	1.788	0	0	0	
108	1.806	0.017	0	1.0	108	1.806	0	0	0	
109	1.822	0.016	0	1.0	109	1.822	0	0	0	
110	1.838	0.017	0	1.0	110	1.838	0	0	0	
111	1.855	0.017	0	1.0	111	1.855	0	0	0	
112	1.871	0.016	0	1.0	112	1.871	0	0	0	
113	1.888	0.017	0	1.0	113	1.888	0	0	0	
114	1.905	0.017	0	1.0	114	1.905	0	0	0	
115	1.922	0.017	0	1.0	115	1.922	0	0	0	
116	1.938	0.016	0	1.0	116	1.938	0	0	0	
117	1.955	0.017	0	1.0	117	1.955	0	0	0	
118	1.972	0.016	0	1.0	118	1.972	0	0	0	
119	1.988	0.017	0	1.0	119	1.988	0	0	0	
120	2.005	0.017	0	1.0	120	2.005	0	0	0	
121	2.024	0.019	0	2.0	1	0.019	[-42.48512728 -32.2823444 ]	0	0	
122	2.04	0.016	0	2.0	2	0.035	[-42.45047533 -32.1193198 ]	0	0	
123	2.057	0.017	0	2.0	3	0.052	[-42.41582338 -31.9562952 ]	0	0	
124	2.074	0.017	0	2.0	4	0.068	[-42.38117143 -31.7932706 ]	0	0	
125	2.09	0.017	0	2.0	5	0.085	[-42.34651948 -31.630246  ]	0	0	
126	2.107	0.017	0	2.0	6	0.102	[-42.31186754 -31.4672214 ]	0	0	
127	2.124	0.017	0	2.0	7	0.118	[-42.27721559 -31.3041968 ]	0	0	
128	2.14	0.017	0	2.0	8	0.135	[-42.24256364 -31.1411722 ]	0	0	
129	2.157	0.017	0	2.0	9	0.152	[-42.20791169 -30.9781476 ]	0	0	
130	2.174	0.017	0	2.0	10	0.168	[-42.17325974 -30.815123  ]	0	0	
131	2.19	0.017	0	2.0	11	0.185	[-42.13860779 -30.6520984 ]	0	0	
132	2.207	0.017	0	2.0	12	0.202	[-42.10395585 -30.4890738 ]	0	0	
133	2.224	0.017	0	2.0	13	0.218	[-42.0693039 -30.3260492]	0	0	
134	2.24	0.017	0	2.0	14	0.235	[-42.03465195 -30.1630246 ]	0	0	
135	2.257	0.017	0	2.0	15	0.252	[-42. -30.]	0	0	
136	2.274	0.017	0	2.0	16	0.268	[-41.96534805 -29.8369754 ]	0	0	
137	2.289	0.016	0	2.0	17	0.284	[-41.9306961 -29.6739508]	0	0	
138	2.307	0.018	0	2.0	18	0.302	[-41.89604415 -29.5109262 ]	0	0	
139	2.324	0.017	0	2.0	19	0.319	[-41.86139221 -29.3479016 ]	0	0	
140	2.34	0.016	0	2.0	20	0.335	[-41.82674026 -29.184877  ]	0	0	
141	2.357	0.017	0	2.0	21	0.352	[-41.79208831 -29.0218524 ]	0	0	
142	2.374	0.016	0	2.0	22	0.368	[-41.75743636 -28.8588278 ]	0	0	
143	2.39	0.017	0	2.0	23	0.385	[-41.72278441 -28.6958032 ]	0	0	
144	2.407	0.017	0	2.0	24	0.402	[-41.68813246 -28.5327786 ]	0	0	
145	2.424	0.017	0	2.0	25	0.419	[-41.65348052 -28.369754  ]	0	0	
146	2.441	0.017	0	2.0	26	0.435	[-41.61882857 -28.2067294 ]	0	0	
147	2.457	0.017	0	2.0	27	0.452	[-41.58417662 -28.0437048 ]	0	0	
148	2.474	0.017	0	2.0	28	0.469	[-41.54952467 -27.8806802 ]	0	0	
149	2.49	0.017	0	2.0	29	0.485	[-41.51487272 -27.7176556 ]	0	0	
150	2.507	0.017	0	2.0	30	0.502	[-41.48022077 -27.554631  ]	0	0	
151	2.524	0.017	0	2.0	31	0.518	[-41.44556882 -27.3916064 ]	0	0	
152	2.54	0.017	0	2.0	32	0.535	[-41.41091688 -27.2285818 ]	0	0	
153	2.557	0.017	0	2.0	33	0.552	[-41.37626493 -27.0655572 ]	0	0	
154	2.574	0.017	0	2.0	34	0.568	[-41.34161298 -26.9025326 ]	0	0	
155	2.59	0.017	0	2.0	35	0.585	[-41.30696103 -26.739508  ]	0	0	
156	2.607	0.017	0	2.0	36	0.602	[-41.27230908 -26.5764834 ]	0	0	
157	2.624	0.017	0	2.0	37	0.619	[-41.23765713 -26.4134588 ]	0	0	
158	2.64	0.016	0	2.0	38	0.635	[-41.20300519 -26.2504342 ]	0	0	
159	2.657	0.017	0	2.0	39	0.652	[-41.16835324 -26.0874096 ]	0	0	
160	2.674	0.017	0	2.0	40	0.668	[-41.13370129 -25.924385  ]	0	0	
161	2.691	0.017	0	2.0	41	0.685	[-41.09904934 -25.7613604 ]	0	0	
162	2.707	0.017	0	2.0	42	0.702	[-41.06439739 -25.5983358 ]	0	0	
163	2.724	0.017	0	2.0	43	0.719	[-41.02974544 -25.4353112 ]	0	0	
164	2.74	0.016	0	2.0	44	0.735	[-40.99509349 -25.2722866 ]	0	0	
165	2.757	0.017	0	2.0	45	0.752	[-40.96044155 -25.109262  ]	0	0	
166	2.773	0.016	0	2.0	46	0.768	[-40.9257896 -24.9462374]	0	0	
167	2.79	0.016	0	2.0	47	0.784	[-40.89113765 -24.7832128 ]	0	0	
168	2.807	0.018	0	2.0	48	0.802	[-40.8564857 -24.6201882]	0	0	
169	2.824	0.017	0	2.0	49	0.819	[-40.82183375 -24.4571636 ]	0	0	
170	2.84	0.016	0	2.0	50	0.835	[-40.7871818 -24.294139 ]	0	0	
171	2.857	0.017	0	2.0	51	0.852	[-40.75252986 -24.1311144 ]	0	0	
172	2.874	0.017	0	2.0	52	0.869	[-40.71787791 -23.9680898 ]	0	0	
173	2.89	0.017	0	2.0	53	0.885	[-40.68322596 -23.8050652 ]	0	0	
174	2.907	0.017	0	2.0	54	0.902	[-40.64857401 -23.6420406 ]	0	0	
175	2.924	0.017	0	2.0	55	0.919	[-40.61392206 -23.479016  ]	0	0	
176	2.941	0.017	0	2.0	56	0.935	[-40.57927011 -23.31599139]	0	0	
177	2.957	0.017	0	2.0	57	0.952	[-40.54461816 -23.15296679]	0	0	
178	2.974	0.017	0	2.0	58	0.969	[-40.50996622 -22.98994219]	0	0	
179	2.99	0.017	0	2.0	59	0.985	[-40.47531427 -22.82691759]	0	0	
180	3.007	0.017	0	2.0	60	1.002	[-40.44066232 -22.66389299]	0	0	
181	3.024	0.017	0	2.0	61	1.019	[-40.40601037 -22.50086839]	0	0	
182	3.041	0.017	0	2.0	62	1.036	[-40.37135842 -22.33784379]	0	0	
183	3.057	0.016	0	2.0	63	1.052	[-40.33670647 -22.17481919]	0	0	
184	3.074	0.017	0	2.0	64	1.069	[-40.30205452 -22.01179459]	0	0	
185	3.091	0.017	0	2.0	65	1.085	[-40.26740258 -21.84876999]	0	0	
186	3.107	0.017	0	2.0	66	1.102	[-40.23275063 -21.68574539]	0	0	
187	3.124	0.017	0	2.0	67	1.119	[-40.19809868 -21.52272079]	0	0	
188	3.14	0.017	0	2.0	68	1.135	[-40.16344673 -21.35969619]	0	0	
189	3.157	0.017	0	2.0	69	1.152	[-40.12879478 -21.19667159]	0	0	
190	3.174	0.017	0	2.0	70	1.169	[-40.09414283 -21.03364699]	0	0	
191	3.191	0.017	0	2.0	71	1.186	[-40.05949089 -20.87062239]	0	0	
192	3.207	0.016	0	2.0	72	1.202	[-40.02483894 -20.70759779]	0	0	
193	3.224	0.017	0	2.0	73	1.219	[-39.99018699 -20.54457319]	0	0	
194	3.241	0.017	0	2.0	74	1.236	[-39.95553504 -20.38154859]	0	0	
195	3.257	0.016	0	2.0	75	1.252	[-39.92088309 -20.21852399]	0	0	
196	3.274	0.017	0	2.0	76	1.269	[-39.88623114 -20.05549939]	0	0	
197	3.291	0.017	0	2.0	77	1.285	[-39.85157919 -19.89247479]	0	0	
198	3.307	0.017	0	2.0	78	1.302	[-39.81692725 -19.72945019]	0	0	
199	3.324	0.017	0	2.0	79	1.319	[-39.7822753  -19.56642559]	0	0	
200	3.341	0.017	0	2.0	80	1.335	[-39.74762335 -19.40340099]	0	0	
201	3.357	0.017	0	2.0	81	1.352	[-39.7129714  -19.24037639]	0	0	
202	3.374	0.017	0	2.0	82	1.369	[-39.67831945 -19.07735179]	0	0	
203	3.391	0.017	0	2.0	83	1.386	[-39.6436675  -18.91432719]	0	0	
204	3.407	0.016	0	2.0	84	1.402	[-39.60901556 -18.75130259]	0	0	
205	3.424	0.017	0	2.0	85	1.419	[-39.57436361 -18.58827799]	0	0	
206	3.442	0.018	0	2.0	86	1.437	[-39.53971166 -18.42525339]	0	0	
207	3.459	0.016	0	2.0	87	1.454	[-39.50505971 -18.26222879]	0	0	
208	3.476	0.017	0	2.0	88	1.47	[-39.47040776 -18.09920419]	0	0	
209	3.492	0.017	0	2.0	89	1.487	[-39.43575581 -17.93617959]	0	0	
210	3.509	0.017	0	2.0	90	1.504	[-39.40110386 -17.77315499]	0	0	
211	3.526	0.017	0	2.0	91	1.521	[-39.36645192 -17.61013039]	0	0	
212	3.542	0.017	0	2.0	92	1.537	[-39.33179997 -17.44710579]	0	0	
213	3.559	0.016	0	2.0	93	1.554	[-39.29714802 -17.28408119]	0	0	
214	3.576	0.017	0	2.0	94	1.57	[-39.26249607 -17.12105659]	0	0	
215	3.592	0.017	0	2.0	95	1.587	[-39.22784412 -16.95803199]	0	0	
216	3.609	0.017	0	2.0	96	1.604	[-39.19319217 -16.79500739]	0	0	
217	3.626	0.017	0	2.0	97	1.621	[-39.15854023 -16.63198279]	0	0	
218	3.642	0.016	0	2.0	98	1.637	[-39.12388828 -16.46895819]	0	0	
219	3.659	0.017	0	2.0	99	1.654	[-39.08923633 -16.30593359]	0	0	
220	3.676	0.017	0	2.0	100	1.671	[-39.05458438 -16.14290899]	0	0	
221	3.692	0.017	0	2.0	101	1.687	[-39.01993243 -15.97988439]	0	0	
222	3.709	0.017	0	2.0	102	1.704	[-38.98528048 -15.81685979]	0	0	
223	3.726	0.017	0	2.0	103	1.72	[-38.95062853 -15.65383519]	0	0	
224	3.742	0.016	0	2.0	104	1.737	[-38.91597659 -15.49081059]	0	0	
225	3.759	0.017	0	2.0	105	1.754	[-38.88132464 -15.32778599]	0	0	
226	3.776	0.017	0	2.0	106	1.77	[-38.84667269 -15.16476139]	0	0	
227	3.792	0.017	0	2.0	107	1.787	[-38.81202074 -15.00173679]	0	0	
228	3.809	0.017	0	2.0	108	1.804	[-38.77736879 -14.83871219]	0	0	
229	3.826	0.017	0	2.0	109	1.82	[-38.74271684 -14.67568759]	0	0	
230	3.842	0.017	0	2.0	110	1.837	[-38.7080649  -14.51266299]	0	0	
231	3.859	0.017	0	2.0	111	1.854	[-38.67341295 -14.34963839]	0	0	
232	3.876	0.017	0	2.0	112	1.87	[-38.638761   -14.18661379]	0	0	
233	3.892	0.017	0	2.0	113	1.887	[-38.60410905 -14.02358919]	0	0	
234	3.909	0.016	0	2.0	114	1.904	[-38.5694571  -13.86056459]	0	0	
235	3.926	0.017	0	2.0	115	1.921	[-38.53480515 -13.69753999]	0	0	
236	3.942	0.017	0	2.0	116	1.937	[-38.5001532  -13.53451539]	0	0	
237	3.959	0.017	0	2.0	117	1.954	[-38.46550126 -13.37149079]	0	0	
238	3.976	0.017	0	2.0	118	1.971	[-38.43084931 -13.20846619]	0	0	
239	3.992	0.017	0	2.0	119	1.987	[-38.39619736 -13.04544159]	0	0	
240	4.009	0.017	0	2.0	120	2.004	[-38.36154541 -12.88241699]	0	0	
241	4.026	0.017	0	2.0	121	2.021	[-38.32689346 -12.71939239]	0	0	
242	4.042	0.017	0	2.0	122	2.037	[-38.29224151 -12.55636779]	0	0	
243	4.059	0.017	0	2.0	123	2.054	[-38.25758957 -12.39334319]	0	0	
244	4.076	0.017	0	2.0	124	2.071	[-38.22293762 -12.23031859]	0	0	
245	4.092	0.016	0	2.0	125	2.087	[-38.18828567 -12.06729399]	0	0	
246	4.109	0.017	0	2.0	126	2.104	[-38.15363372 -11.90426939]	0	0	
247	4.126	0.017	0	2.0	127	2.12	[-38.11898177 -11.74124479]	0	0	
248	4.143	0.017	0	2.0	128	2.137	[-38.08432982 -11.57822019]	0	0	
249	4.159	0.016	0	2.0	129	2.154	[-38.04967787 -11.41519559]	0	0	
250	4.176	0.017	0	2.0	130	2.17	[-38.01502593 -11.25217099]	0	0	
251	4.192	0.017	0	2.0	131	2.187	[-37.98037398 -11.08914639]	0	0	
252	4.209	0.017	0	2.0	132	2.204	[-37.94572203 -10.92612179]	0	0	
253	4.226	0.017	0	2.0	133	2.22	[-37.91107008 -10.76309719]	0	0	
254	4.242	0.017	0	2.0	134	2.237	[-37.87641813 -10.60007259]	0	0	
255	4.259	0.017	0	2.0	135	2.254	[-37.84176618 -10.43704799]	0	0	
256	4.276	0.017	0	2.0	136	2.271	[-37.80711424 -10.27402339]	0	0	
257	4.292	0.016	0	2.0	137	2.287	[-37.77246229 -10.11099879]	0	0	
258	4.309	0.017	0	2.0	138	2.304	[-37.73781034  -9.94797418]	0	0	
259	4.326	0.017	0	2.0	139	2.321	[-37.70315839  -9.78494958]	0	0	
260	4.342	0.016	0	2.0	140	2.337	[-37.66850644  -9.62192498]	0	0	
261	4.359	0.017	0	2.0	141	2.354	[-37.63385449  -9.45890038]	0	0	
262	4.376	0.016	0	2.0	142	2.37	[-37.59920254  -9.29587578]	0	0	
263	4.392	0.017	0	2.0	143	2.387	[-37.5645506   -9.13285118]	0	0	
264	4.409	0.017	0	2.0	144	2.404	[-37.52989865  -8.96982658]	0	0	
265	4.426	0.017	0	2.0	145	2.42	[-37.4952467   -8.80680198]	0	0	
266	4.442	0.017	0	2.0	146	2.437	[-37.46059475  -8.64377738]	0	0	
267	4.459	0.017	0	2.0	147	2.454	[-37.4259428   -8.48075278]	0	0	
268	4.476	0.017	0	2.0	148	2.471	[-37.39129085  -8.31772818]	0	0	
269	4.493	0.017	0	2.0	149	2.487	[-37.35663891  -8.15470358]	0	0	
270	4.509	0.017	0	2.0	150	2.504	[-37.32198696  -7.99167898]	0	0	
271	4.526	0.017	0	2.0	151	2.521	[-37.28733501  -7.82865438]	0	0	
272	4.542	0.016	0	2.0	152	2.537	[-37.25268306  -7.66562978]	0	0	
273	4.559	0.017	0	2.0	153	2.554	[-37.21803111  -7.50260518]	0	0	
274	4.576	0.017	0	2.0	154	2.571	[-37.18337916  -7.33958058]	0	0	
275	4.593	0.017	0	2.0	155	2.587	[-37.14872721  -7.17655598]	0	0	
276	4.609	0.017	0	2.0	156	2.604	[-37.11407527  -7.01353138]	0	0	
277	4.626	0.016	0	2.0	157	2.621	[-37.07942332  -6.85050678]	0	0	
278	4.643	0.017	0	2.0	158	2.637	[-37.04477137  -6.68748218]	0	0	
279	4.659	0.017	0	2.0	159	2.654	[-37.01011942  -6.52445758]	0	0	
280	4.676	0.017	0	2.0	160	2.671	[-36.97546747  -6.36143298]	0	0	
281	4.692	0.016	0	2.0	161	2.687	[-36.94081552  -6.19840838]	0	0	
282	4.709	0.017	0	2.0	162	2.704	[-36.90616357  -6.03538378]	0	0	
283	4.726	0.016	0	2.0	163	2.72	[-36.87151163  -5.87235918]	0	0	
284	4.742	0.017	0	2.0	164	2.737	[-36.83685968  -5.70933458]	0	0	
285	4.759	0.017	0	2.0	165	2.754	[-36.80220773  -5.54630998]	0	0	
286	4.776	0.017	0	2.0	166	2.771	[-36.76755578  -5.38328538]	0	0	
287	4.793	0.017	0	2.0	167	2.787	[-36.73290383  -5.22026078]	0	0	
288	4.809	0.017	0	2.0	168	2.804	[-36.69825188  -5.05723618]	0	0	
289	4.826	0.017	0	2.0	169	2.821	[-36.66359994  -4.89421158]	0	0	
290	4.843	0.017	0	2.0	170	2.837	[-36.62894799  -4.73118698]	0	0	
291	4.859	0.017	0	2.0	171	2.854	[-36.59429604  -4.56816238]	0	0	
292	4.876	0.016	0	2.0	172	2.871	[-36.55964409  -4.40513778]	0	0	
293	4.893	0.017	0	2.0	173	2.888	[-36.52499214  -4.24211318]	0	0	
294	4.909	0.016	0	2.0	174	2.904	[-36.49034019  -4.07908858]	0	0	
295	4.926	0.017	0	2.0	175	2.921	[-36.45568824  -3.91606398]	0	0	
296	4.943	0.017	0	2.0	176	2.937	[-36.4210363   -3.75303938]	0	0	
297	4.959	0.017	0	2.0	177	2.954	[-36.38638435  -3.59001478]	0	0	
298	4.976	0.017	0	2.0	178	2.971	[-36.3517324   -3.42699018]	0	0	
299	4.993	0.017	0	2.0	179	2.987	[-36.31708045  -3.26396558]	0	0	
300	5.009	0.017	0	2.0	180	3.004	[-36.2824285   -3.10094098]	0	0	
301	5.026	0.017	0	2.0	181	3.021	[-36.24777655  -2.93791638]	0	0	
302	5.043	0.017	0	2.0	182	3.037	[-36.21312461  -2.77489178]	0	0	
303	5.059	0.017	0	2.0	183	3.054	[-36.17847266  -2.61186718]	0	0	
304	5.076	0.017	0	2.0	184	3.071	[-36.14382071  -2.44884258]	0	0	
305	5.093	0.017	0	2.0	185	3.088	[-36.10916876  -2.28581798]	0	0	
306	5.109	0.017	0	2.0	186	3.104	[-36.07451681  -2.12279338]	0	0	
307	5.126	0.017	0	2.0	187	3.121	[-36.03986486  -1.95976878]	0	0	
308	5.142	0.016	0	2.0	188	3.137	[-36.00521291  -1.79674418]	0	0	
309	5.159	0.017	0	2.0	189	3.154	[-35.97056097  -1.63371958]	0	0	
310	5.176	0.017	0	2.0	190	3.171	[-35.93590902  -1.47069498]	0	0	
311	5.193	0.016	0	2.0	191	3.187	[-35.90125707  -1.30767038]	0	0	
312	5.21	0.017	0	2.0	192	3.204	[-35.86660512  -1.14464578]	0	0	
313	5.226	0.016	0	2.0	193	3.221	[-35.83195317  -0.98162118]	0	0	
314	5.243	0.017	0	2.0	194	3.238	[-35.79730122  -0.81859658]	0	0	
315	5.259	0.017	0	2.0	195	3.254	[-35.76264928  -0.65557198]	0	0	
316	5.276	0.017	0	2.0	196	3.271	[-35.72799733  -0.49254738]	0	0	
317	5.293	0.016	0	2.0	197	3.287	[-35.69334538  -0.32952278]	0	0	
318	5.31	0.017	0	2.0	198	3.304	[-35.65869343  -0.16649818]	0	0	
319	5.326	0.017	0	2.0	199	3.321	[-3.56240415e+01 -3.47357750e-03]	0	0	
320	5.343	0.017	0	2.0	200	3.338	[-35.58938953   0.15955102]	0	0	
321	5.359	0.017	0	2.0	201	3.354	[-35.55473758   0.32257562]	0	0	
322	5.376	0.017	0	2.0	202	3.371	[-35.52008564   0.48560022]	0	0	
323	5.393	0.016	0	2.0	203	3.387	[-35.48543369   0.64862482]	0	0	
324	5.41	0.017	0	2.0	204	3.404	[-35.45078174   0.81164942]	0	0	
325	5.426	0.017	0	2.0	205	3.421	[-35.41612979   0.97467402]	0	0	
326	5.443	0.017	0	2.0	206	3.438	[-35.38147784   1.13769862]	0	0	
327	5.46	0.017	0	2.0	207	3.454	[-35.34682589   1.30072322]	0	0	
328	5.476	0.017	0	2.0	208	3.471	[-35.31217395   1.46374782]	0	0	
329	5.493	0.016	0	2.0	209	3.488	[-35.277522     1.62677242]	0	0	
330	5.51	0.017	0	2.0	210	3.504	[-35.24287005   1.78979702]	0	0	
331	5.526	0.016	0	2.0	211	3.521	[-35.2082181    1.95282162]	0	0	
332	5.543	0.017	0	2.0	212	3.538	[-35.17356615   2.11584622]	0	0	
333	5.56	0.017	0	2.0	213	3.554	[-35.1389142    2.27887082]	0	0	
334	5.576	0.017	0	2.0	214	3.571	[-35.10426225   2.44189542]	0	0	
335	5.593	0.017	0	2.0	215	3.588	[-35.06961031   2.60492002]	0	0	
336	5.61	0.017	0	2.0	216	3.604	[-35.03495836   2.76794462]	0	0	
337	5.626	0.017	0	2.0	217	3.621	[-35.00030641   2.93096922]	0	0	
338	5.643	0.017	0	2.0	218	3.638	[-34.96565446   3.09399382]	0	0	
339	5.66	0.017	0	2.0	219	3.655	[-34.93100251   3.25701842]	0	0	
340	5.676	0.016	0	2.0	220	3.67	[-34.89635056   3.42004303]	0	0	
341	5.693	0.017	0	2.0	221	3.688	[-34.86169862   3.58306763]	0	0	
342	5.709	0.017	0	2.0	222	3.704	[-34.82704667   3.74609223]	0	0	
343	5.726	0.017	0	2.0	223	3.721	[-34.79239472   3.90911683]	0	0	
344	5.743	0.017	0	2.0	224	3.738	[-34.75774277   4.07214143]	0	0	
345	5.759	0.017	0	2.0	225	3.754	[-34.72309082   4.23516603]	0	0	
346	5.776	0.016	0	2.0	226	3.771	[-34.68843887   4.39819063]	0	0	
347	5.792	0.017	0	2.0	227	3.787	[-34.65378692   4.56121523]	0	0	
348	5.81	0.017	0	2.0	228	3.804	[-34.61913498   4.72423983]	0	0	
349	5.826	0.016	0	2.0	229	3.821	[-34.58448303   4.88726443]	0	0	
350	5.842	0.016	0	2.0	230	3.837	[-34.54983108   5.05028903]	0	0	
351	5.86	0.017	0	2.0	231	3.855	[-34.51517913   5.21331363]	0	0	
352	5.876	0.016	0	2.0	232	3.871	[-34.48052718   5.37633823]	0	0	
353	5.893	0.017	0	2.0	233	3.888	[-34.44587523   5.53936283]	0	0	
354	5.91	0.017	0	2.0	234	3.904	[-34.41122329   5.70238743]	0	0	
355	5.926	0.016	0	2.0	235	3.921	[-34.37657134   5.86541203]	0	0	
356	5.943	0.017	0	2.0	236	3.938	[-34.34191939   6.02843663]	0	0	
357	5.96	0.017	0	2.0	237	3.954	[-34.30726744   6.19146123]	0	0	
358	5.976	0.016	0	2.0	238	3.971	[-34.27261549   6.35448583]	0	0	
359	5.993	0.017	0	2.0	239	3.988	[-34.23796354   6.51751043]	0	0	
360	6.01	0.017	0	2.0	240	4.004	[-34.20331159   6.68053503]	0	0	
361	6.026	0.016	0	2.0	241	4.021	[-34.16865965   6.84355963]	0	0	
362	6.043	0.017	0	2.0	242	4.038	[-34.1340077    7.00658423]	0	0	
363	6.059	0.017	0	2.0	243	4.054	[-34.09935575   7.16960883]	0	0	
364	6.076	0.016	0	2.0	244	4.071	[-34.0647038    7.33263343]	0	0	
365	6.093	0.017	0	2.0	245	4.088	[-34.03005185   7.49565803]	0	0	
366	6.11	0.017	0	2.0	246	4.104	[-33.9953999    7.65868263]	0	0	
367	6.127	0.017	0	2.0	247	4.121	[-33.96074796   7.82170723]	0	0	
368	6.143	0.016	0	2.0	248	4.138	[-33.92609601   7.98473183]	0	0	
369	6.16	0.017	0	2.0	249	4.155	[-33.89144406   8.14775643]	0	0	
370	6.176	0.016	0	2.0	250	4.171	[-33.85679211   8.31078103]	0	0	
371	6.193	0.017	0	2.0	251	4.188	[-33.82214016   8.47380563]	0	0	
372	6.21	0.017	0	2.0	252	4.205	[-33.78748821   8.63683023]	0	0	
373	6.226	0.017	0	2.0	253	4.221	[-33.75283626   8.79985483]	0	0	
374	6.243	0.017	0	2.0	254	4.238	[-33.71818432   8.96287943]	0	0	
375	6.26	0.016	0	2.0	255	4.254	[-33.68353237   9.12590403]	0	0	
376	6.277	0.017	0	2.0	256	4.271	[-33.64888042   9.28892863]	0	0	
377	6.293	0.016	0	2.0	257	4.287	[-33.61422847   9.45195323]	0	0	
378	6.31	0.018	0	2.0	258	4.305	[-33.57957652   9.61497783]	0	0	
379	6.326	0.016	0	2.0	259	4.321	[-33.54492457   9.77800243]	0	0	
380	6.343	0.017	0	2.0	260	4.338	[-33.51027262   9.94102703]	0	0	
381	6.36	0.017	0	2.0	261	4.355	[-33.47562068  10.10405163]	0	0	
382	6.377	0.017	0	2.0	262	4.371	[-33.44096873  10.26707623]	0	0	
383	6.393	0.016	0	2.0	263	4.388	[-33.40631678  10.43010083]	0	0	
384	6.41	0.017	0	2.0	264	4.405	[-33.37166483  10.59312543]	0	0	
385	6.426	0.017	0	2.0	265	4.421	[-33.33701288  10.75615003]	0	0	
386	6.443	0.017	0	2.0	266	4.438	[-33.30236093  10.91917463]	0	0	
387	6.46	0.017	0	2.0	267	4.455	[-33.26770899  11.08219923]	0	0	
388	6.477	0.017	0	2.0	268	4.471	[-33.23305704  11.24522383]	0	0	
389	6.493	0.016	0	2.0	269	4.488	[-33.19840509  11.40824843]	0	0	
390	6.509	0.016	0	2.0	270	4.504	[-33.16375314  11.57127303]	0	0	
391	6.526	0.017	0	2.0	271	4.521	[-33.12910119  11.73429763]	0	0	
392	6.543	0.016	0	2.0	272	4.537	[-33.09444924  11.89732223]	0	0	
393	6.56	0.017	0	2.0	273	4.555	[-33.05979729  12.06034683]	0	0	
394	6.577	0.017	0	2.0	274	4.571	[-33.02514535  12.22337143]	0	0	
395	6.593	0.016	0	2.0	275	4.587	[-32.9904934   12.38639603]	0	0	
396	6.609	0.017	0	2.0	276	4.604	[-32.95584145  12.54942063]	0	0	
397	6.626	0.017	0	2.0	277	4.621	[-32.9211895   12.71244523]	0	0	
398	6.643	0.016	0	2.0	278	4.637	[-32.88653755  12.87546983]	0	0	
399	6.659	0.017	0	2.0	279	4.654	[-32.8518856   13.03849443]	0	0	
400	6.677	0.017	0	2.0	280	4.671	[-32.81723366  13.20151903]	0	0	
401	6.693	0.017	0	2.0	281	4.688	[-32.78258171  13.36454363]	0	0	
402	6.71	0.017	0	2.0	282	4.705	[-32.74792976  13.52756823]	0	0	
403	6.727	0.017	0	2.0	283	4.721	[-32.71327781  13.69059283]	0	0	
404	6.743	0.016	0	2.0	284	4.738	[-32.67862586  13.85361743]	0	0	
405	6.76	0.017	0	2.0	285	4.755	[-32.64397391  14.01664203]	0	0	
406	6.776	0.016	0	2.0	286	4.771	[-32.60932196  14.17966663]	0	0	
407	6.793	0.017	0	2.0	287	4.788	[-32.57467002  14.34269123]	0	0	
408	6.81	0.017	0	2.0	288	4.805	[-32.54001807  14.50571583]	0	0	
409	6.826	0.016	0	2.0	289	4.821	[-32.50536612  14.66874043]	0	0	
410	6.843	0.017	0	2.0	290	4.838	[-32.47071417  14.83176503]	0	0	
411	6.859	0.016	0	2.0	291	4.854	[-32.43606222  14.99478963]	0	0	
412	6.876	0.017	0	2.0	292	4.871	[-32.40141027  15.15781423]	0	0	
413	6.893	0.017	0	2.0	293	4.888	[-32.36675833  15.32083883]	0	0	
414	6.91	0.017	0	2.0	294	4.905	[-32.33210638  15.48386343]	0	0	
415	6.927	0.017	0	2.0	295	4.922	[-32.29745443  15.64688803]	0	0	
416	6.943	0.017	0	2.0	296	4.938	[-32.26280248  15.80991263]	0	0	
417	6.96	0.017	0	2.0	297	4.955	[-32.22815053  15.97293723]	0	0	
418	6.977	0.016	0	2.0	298	4.971	[-32.19349858  16.13596183]	0	0	
419	6.993	0.017	0	2.0	299	4.988	[-32.15884663  16.29898643]	0	0	
420	7.01	0.016	0	2.0	300	5.005	[-32.12419469  16.46201103]	0	0	
421	7.027	0.017	0	2.0	301	5.021	[-32.08954274  16.62503563]	0	0	
422	7.043	0.017	0	2.0	302	5.038	[-32.05489079  16.78806024]	0	0	
423	7.06	0.016	0	2.0	303	5.055	[-32.02023884  16.95108484]	0	0	
424	7.077	0.017	0	2.0	304	5.072	[-31.98558689  17.11410944]	0	0	
425	7.093	0.017	0	2.0	305	5.088	[-31.95093494  17.27713404]	0	0	
426	7.11	0.017	0	2.0	306	5.105	[-31.916283    17.44015864]	0	0	
427	7.127	0.016	0	2.0	307	5.121	[-31.88163105  17.60318324]	0	0	
428	7.144	0.017	0	2.0	308	5.138	[-31.8469791   17.76620784]	0	0	
429	7.16	0.016	0	2.0	309	5.155	[-31.81232715  17.92923244]	0	0	
430	7.177	0.017	0	2.0	310	5.172	[-31.7776752   18.09225704]	0	0	
431	7.193	0.016	0	2.0	311	5.188	[-31.74302325  18.25528164]	0	0	
432	7.21	0.017	0	2.0	312	5.205	[-31.7083713   18.41830624]	0	0	
433	7.226	0.016	0	2.0	313	5.221	[-31.67371936  18.58133084]	0	0	
434	7.243	0.017	0	2.0	314	5.238	[-31.63906741  18.74435544]	0	0	
435	7.26	0.017	0	2.0	315	5.255	[-31.60441546  18.90738004]	0	0	
436	7.277	0.016	0	2.0	316	5.271	[-31.56976351  19.07040464]	0	0	
437	7.293	0.017	0	2.0	317	5.288	[-31.53511156  19.23342924]	0	0	
438	7.31	0.017	0	2.0	318	5.305	[-31.50045961  19.39645384]	0	0	
439	7.327	0.017	0	2.0	319	5.321	[-31.46580767  19.55947844]	0	0	
440	7.343	0.017	0	2.0	320	5.338	[-31.43115572  19.72250304]	0	0	
441	7.36	0.016	0	2.0	321	5.354	[-31.39650377  19.88552764]	0	0	
442	7.377	0.017	0	2.0	322	5.371	[-31.36185182  20.04855224]	0	0	
443	7.394	0.017	0	2.0	323	5.388	[-31.32719987  20.21157684]	0	0	
444	7.41	0.016	0	2.0	324	5.404	[-31.29254792  20.37460144]	0	0	
445	7.427	0.017	0	2.0	325	5.422	[-31.25789597  20.53762604]	0	0	
446	7.444	0.017	0	2.0	326	5.438	[-31.22324403  20.70065064]	0	0	
447	7.46	0.016	0	2.0	327	5.454	[-31.18859208  20.86367524]	0	0	
448	7.476	0.017	0	2.0	328	5.471	[-31.15394013  21.02669984]	0	0	
449	7.493	0.017	0	2.0	329	5.488	[-31.11928818  21.18972444]	0	0	
450	7.51	0.017	0	2.0	330	5.505	[-31.08463623  21.35274904]	0	0	
451	7.527	0.017	0	2.0	331	5.522	[-31.04998428  21.51577364]	0	0	
452	7.544	0.017	0	2.0	332	5.538	[-31.01533234  21.67879824]	0	0	
453	7.56	0.016	0	2.0	333	5.555	[-30.98068039  21.84182284]	0	0	
454	7.576	0.016	0	2.0	334	5.571	[-30.94602844  22.00484744]	0	0	
455	7.593	0.017	0	2.0	335	5.588	[-30.91137649  22.16787204]	0	0	
456	7.61	0.017	0	2.0	336	5.604	[-30.87672454  22.33089664]	0	0	
457	7.627	0.017	0	2.0	337	5.621	[-30.84207259  22.49392124]	0	0	
458	7.643	0.016	0	2.0	338	5.638	[-30.80742064  22.65694584]	0	0	
459	7.66	0.017	0	2.0	339	5.655	[-30.7727687   22.81997044]	0	0	
460	7.677	0.017	0	2.0	340	5.672	[-30.73811675  22.98299504]	0	0	
461	7.693	0.016	0	2.0	341	5.688	[-30.7034648   23.14601964]	0	0	
462	7.71	0.017	0	2.0	342	5.705	[-30.66881285  23.30904424]	0	0	
463	7.727	0.017	0	2.0	343	5.722	[-30.6341609   23.47206884]	0	0	
464	7.744	0.016	0	2.0	344	5.738	[-30.59950895  23.63509344]	0	0	
465	7.76	0.017	0	2.0	345	5.755	[-30.56485701  23.79811804]	0	0	
466	7.777	0.016	0	2.0	346	5.772	[-30.53020506  23.96114264]	0	0	
467	7.794	0.017	0	2.0	347	5.788	[-30.49555311  24.12416724]	0	0	
468	7.81	0.016	0	2.0	348	5.805	[-30.46090116  24.28719184]	0	0	
469	7.827	0.017	0	2.0	349	5.822	[-30.42624921  24.45021644]	0	0	
470	7.844	0.017	0	2.0	350	5.838	[-30.39159726  24.61324104]	0	0	
471	7.86	0.016	0	2.0	351	5.855	[-30.35694531  24.77626564]	0	0	
472	7.877	0.017	0	2.0	352	5.872	[-30.32229337  24.93929024]	0	0	
473	7.893	0.016	0	2.0	353	5.888	[-30.28764142  25.10231484]	0	0	
474	7.91	0.017	0	2.0	354	5.905	[-30.25298947  25.26533944]	0	0	
475	7.927	0.017	0	2.0	355	5.921	[-30.21833752  25.42836404]	0	0	
476	7.943	0.017	0	2.0	356	5.938	[-30.18368557  25.59138864]	0	0	
477	7.96	0.017	0	2.0	357	5.955	[-30.14903362  25.75441324]	0	0	
478	7.977	0.017	0	2.0	358	5.972	[-30.11438167  25.91743784]	0	0	
479	7.993	0.016	0	2.0	359	5.988	[-30.07972973  26.08046244]	0	0	
480	8.01	0.017	0	2.0	360	6.005	[-30.04507778  26.24348704]	0	0	
481	8.027	0.017	0	2.0	361	6.021	[-30.01042583  26.40651164]	0	0	
482	8.043	0.016	0	2.0	362	6.038	[-29.97577388  26.56953624]	0	0	
483	8.06	0.017	0	2.0	363	6.055	[-29.94112193  26.73256084]	0	0	
484	8.077	0.016	0	2.0	364	6.071	[-29.90646998  26.89558544]	0	0	
485	8.093	0.017	0	2.0	365	6.088	[-29.87181804  27.05861004]	0	0	
486	8.11	0.017	0	2.0	366	6.105	[-29.83716609  27.22163464]	0	0	
487	8.127	0.016	0	2.0	367	6.121	[-29.80251414  27.38465924]	0	0	
488	8.143	0.017	0	2.0	368	6.138	[-29.76786219  27.54768384]	0	0	
489	8.16	0.017	0	2.0	369	6.155	[-29.73321024  27.71070844]	0	0	
490	8.177	0.017	0	2.0	370	6.172	[-29.69855829  27.87373304]	0	0	
491	8.193	0.017	0	2.0	371	6.188	[-29.66390634  28.03675764]	0	0	
492	8.21	0.017	0	2.0	372	6.205	[-29.6292544   28.19978224]	0	0	
493	8.227	0.017	0	2.0	373	6.222	[-29.59460245  28.36280684]	0	0	
494	8.243	0.016	0	2.0	374	6.238	[-29.5599505   28.52583144]	0	0	
495	8.26	0.017	0	2.0	375	6.255	[-29.52529855  28.68885604]	0	0	
496	8.277	0.017	0	2.0	376	6.272	[-29.4906466   28.85188064]	0	0	
497	8.293	0.016	0	2.0	377	6.288	[-29.45599465  29.01490524]	0	0	
498	8.31	0.017	0	2.0	378	6.305	[-29.42134271  29.17792984]	0	0	
499	8.327	0.017	0	2.0	379	6.322	[-29.38669076  29.34095444]	0	0	
500	8.344	0.017	0	2.0	380	6.338	[-29.35203881  29.50397904]	0	0	
501	8.36	0.017	0	2.0	381	6.355	[-29.31738686  29.66700364]	0	0	
502	8.377	0.017	0	2.0	382	6.372	[-29.28273491  29.83002824]	0	0	
503	8.394	0.017	0	2.0	383	6.388	[-29.24808296  29.99305285]	0	0	
504	8.41	0.016	0	2.0	384	6.405	[-29.21343101  30.15607745]	0	0	
505	8.427	0.017	0	2.0	385	6.422	[-29.17877907  30.31910205]	0	0	
506	8.446	0.019	0	2.0	386	6.44	[-29.14412712  30.48212665]	0	0	
507	8.462	0.017	0	2.0	387	6.457	[-29.10947517  30.64515125]	0	0	
508	8.48	0.017	0	2.0	388	6.475	[-29.07482322  30.80817585]	0	0	
509	8.496	0.017	0	2.0	389	6.491	[-29.04017127  30.97120045]	0	0	
510	8.514	0.018	0	2.0	390	6.509	[-29.00551932  31.13422505]	0	0	
511	8.53	0.015	0	2.0	391	6.524	[-28.97086738  31.29724965]	0	0	
512	8.547	0.017	0	2.0	392	6.541	[-28.93621543  31.46027425]	0	0	
513	8.563	0.016	0	2.0	393	6.558	[-28.90156348  31.62329885]	0	0	
514	8.58	0.017	0	2.0	394	6.575	[-28.86691153  31.78632345]	0	0	
515	8.597	0.017	0	2.0	395	6.591	[-28.83225958  31.94934805]	0	0	
516	8.613	0.016	0	2.0	396	6.608	[-28.79760763  32.11237265]	0	0	
517	8.63	0.017	0	2.0	397	6.625	[-28.76295568  32.27539725]	0	0	
518	8.646	0.016	0	2.0	398	6.641	[-28.72830374  32.43842185]	0	0	
519	8.663	0.017	0	2.0	399	6.658	[-28.69365179  32.60144645]	0	0	
520	8.679	0.016	0	2.0	400	6.673	[-28.65899984  32.76447105]	0	0	
521	8.696	0.017	0	2.0	401	6.691	[-28.62434789  32.92749565]	0	0	
522	8.712	0.016	0	2.0	402	6.707	[-28.58969594  33.09052025]	0	0	
523	8.73	0.018	0	2.0	403	6.724	[-28.55504399  33.25354485]	0	0	
524	8.746	0.016	0	2.0	404	6.74	[-28.52039205  33.41656945]	0	0	
525	8.763	0.018	0	2.0	405	6.758	[-28.4857401   33.57959405]	0	0	
526	8.778	0.015	0	2.0	406	6.773	[-28.45108815  33.74261865]	0	0	
527	8.796	0.018	0	2.0	407	6.791	[-28.4164362   33.90564325]	0	0	
528	8.812	0.016	0	2.0	408	6.807	[-28.38178425  34.06866785]	0	0	
529	8.829	0.017	0	2.0	409	6.824	[-28.3471323   34.23169245]	0	0	
530	8.846	0.017	0	2.0	410	6.841	[-28.31248035  34.39471705]	0	0	
531	8.863	0.017	0	2.0	411	6.858	[-28.27782841  34.55774165]	0	0	
532	8.879	0.016	0	2.0	412	6.873	[-28.24317646  34.72076625]	0	0	
533	8.896	0.017	0	2.0	413	6.89	[-28.20852451  34.88379085]	0	0	
534	8.912	0.016	0	2.0	414	6.907	[-28.17387256  35.04681545]	0	0	
535	8.929	0.017	0	2.0	415	6.924	[-28.13922061  35.20984005]	0	0	
536	8.945	0.016	0	2.0	416	6.94	[-28.10456866  35.37286465]	0	0	
537	8.963	0.018	0	2.0	417	6.957	[-28.06991672  35.53588925]	0	0	
538	8.979	0.016	0	2.0	418	6.974	[-28.03526477  35.69891385]	0	0	
539	8.996	0.017	0	2.0	419	6.991	[-28.00061282  35.86193845]	0	0	
540	9.012	0.016	0	2.0	420	7.007	[-27.96596087  36.02496305]	0	0	
541	9.03	0.018	0	2.0	421	7.024	[-27.93130892  36.18798765]	0	0	
542	9.045	0.015	0	2.0	422	7.04	[-27.89665697  36.35101225]	0	0	
543	9.062	0.017	0	2.0	423	7.057	[-27.86200502  36.51403685]	0	0	
544	9.078	0.017	0	2.0	424	7.073	[-27.82735308  36.67706145]	0	0	
545	9.096	0.017	0	2.0	425	7.091	[-27.79270113  36.84008605]	0	0	
546	9.112	0.017	0	2.0	426	7.107	[-27.75804918  37.00311065]	0	0	
547	9.129	0.017	0	2.0	427	7.124	[-27.72339723  37.16613525]	0	0	
548	9.146	0.017	0	2.0	428	7.141	[-27.68874528  37.32915985]	0	0	
549	9.163	0.017	0	2.0	429	7.158	[-27.65409333  37.49218445]	0	0	
550	9.179	0.016	0	2.0	430	7.174	[-27.61944139  37.65520905]	0	0	
551	9.196	0.017	0	2.0	431	7.191	[-27.58478944  37.81823365]	0	0	
552	9.213	0.017	0	2.0	432	7.208	[-27.55013749  37.98125825]	0	0	
553	9.229	0.017	0	2.0	433	7.224	[-27.51548554  38.14428285]	0	0	
554	9.246	0.016	0	2.0	434	7.24	[-27.48083359  38.30730745]	0	0	
555	9.263	0.017	0	2.0	435	7.258	[-27.44618164  38.47033205]	0	0	
556	9.279	0.016	0	2.0	436	7.274	[-27.41152969  38.63335665]	0	0	
557	9.296	0.017	0	2.0	437	7.291	[-27.37687775  38.79638125]	0	0	
558	9.312	0.016	0	2.0	438	7.307	[-27.3422258   38.95940585]	0	0	
559	9.329	0.017	0	2.0	439	7.324	[-27.30757385  39.12243045]	0	0	
560	9.346	0.017	0	2.0	440	7.341	[-27.2729219   39.28545505]	0	0	
561	9.363	0.017	0	2.0	441	7.358	[-27.23826995  39.44847965]	0	0	
562	9.379	0.016	0	2.0	442	7.374	[-27.203618    39.61150425]	0	0	
563	9.396	0.017	0	2.0	443	7.391	[-27.16896606  39.77452885]	0	0	
564	9.413	0.017	0	2.0	444	7.407	[-27.13431411  39.93755345]	0	0	
565	9.43	0.017	0	2.0	445	7.424	[-27.09966216  40.10057805]	0	0	
566	9.446	0.017	0	2.0	446	7.441	[-27.06501021  40.26360265]	0	0	
567	9.463	0.017	0	2.0	447	7.458	[-27.03035826  40.42662725]	0	0	
568	9.479	0.016	0	2.0	448	7.474	[-26.99570631  40.58965185]	0	0	
569	9.496	0.017	0	2.0	449	7.491	[-26.96105436  40.75267645]	0	0	
570	9.513	0.017	0	2.0	450	7.508	[-26.92640242  40.91570105]	0	0	
571	9.53	0.017	0	2.0	451	7.524	[-26.89175047  41.07872565]	0	0	
572	9.547	0.017	0	2.0	452	7.541	[-26.85709852  41.24175025]	0	0	
573	9.563	0.016	0	2.0	453	7.557	[-26.82244657  41.40477485]	0	0	
574	9.579	0.017	0	2.0	454	7.574	[-26.78779462  41.56779945]	0	0	
575	9.596	0.017	0	2.0	455	7.591	[-26.75314267  41.73082405]	0	0	
576	9.613	0.017	0	2.0	456	7.608	[-26.71849072  41.89384865]	0	0	
577	9.629	0.016	0	2.0	457	7.624	[-26.68383878  42.05687325]	0	0	
578	9.646	0.017	0	2.0	458	7.641	[-26.64918683  42.21989785]	0	0	
579	9.663	0.017	0	2.0	459	7.658	[-26.61453488  42.38292245]	0	0	
580	9.679	0.017	0	2.0	460	7.674	[-26.57988293  42.54594705]	0	0	
581	9.696	0.017	0	2.0	461	7.691	[-26.54523098  42.70897165]	0	0	
582	9.713	0.017	0	2.0	462	7.708	[-26.51057903  42.87199625]	0	0	
583	9.73	0.017	0	2.0	463	7.725	[-26.47592709  43.03502085]	0	0	
584	9.746	0.016	0	2.0	464	7.741	[-26.44127514  43.19804545]	0	0	
585	9.763	0.017	0	2.0	465	7.758	[-26.40662319  43.36107006]	0	0	
586	9.779	0.017	0	2.0	466	7.774	[-26.37197124  43.52409466]	0	0	
587	9.797	0.017	0	2.0	467	7.791	[-26.33731929  43.68711926]	0	0	
588	9.813	0.016	0	2.0	468	7.808	[-26.30266734  43.85014386]	0	0	
589	9.83	0.017	0	2.0	469	7.824	[-26.26801539  44.01316846]	0	0	
590	9.846	0.017	0	2.0	470	7.841	[-26.23336345  44.17619306]	0	0	
591	9.863	0.017	0	2.0	471	7.858	[-26.1987115   44.33921766]	0	0	
592	9.88	0.017	0	2.0	472	7.875	[-26.16405955  44.50224226]	0	0	
593	9.896	0.016	0	2.0	473	7.891	[-26.1294076   44.66526686]	0	0	
594	9.914	0.018	0	2.0	474	7.909	[-26.09475565  44.82829146]	0	0	
595	9.929	0.016	0	2.0	475	7.924	[-26.0601037   44.99131606]	0	0	
596	9.946	0.017	0	2.0	476	7.941	[-26.02545176  45.15434066]	0	0	
597	9.965	0.018	0	2.0	477	7.959	[-25.99079981  45.31736526]	0	0	
598	9.98	0.015	0	2.0	478	7.974	[-25.95614786  45.48038986]	0	0	
599	9.996	0.017	0	2.0	479	7.991	[-25.92149591  45.64341446]	0	0	
600	10.012	0.016	0	2.0	480	8.007	[-25.88684396  45.80643906]	0	0	
601	10.03	0.018	0	2.0	481	8.024	[-25.85219201  45.96946366]	0	0	
602	10.046	0.017	0	2.0	482	8.041	[-25.81754006  46.13248826]	0	0	
603	10.063	0.017	0	2.0	483	8.058	[-25.78288812  46.29551286]	0	0	
604	10.08	0.016	0	2.0	484	8.074	[-25.74823617  46.45853746]	0	0	
605	10.096	0.017	0	2.0	485	8.091	[-25.71358422  46.62156206]	0	0	
606	10.113	0.017	0	2.0	486	8.108	[-25.67893227  46.78458666]	0	0	
607	10.129	0.016	0	2.0	487	8.124	[-25.64428032  46.94761126]	0	0	
608	10.147	0.017	0	2.0	488	8.141	[-25.60962837  47.11063586]	0	0	
609	10.163	0.016	0	2.0	489	8.157	[-25.57497643  47.27366046]	0	0	
610	10.18	0.017	0	2.0	490	8.174	[-25.54032448  47.43668506]	0	0	
611	10.196	0.017	0	2.0	491	8.191	[-25.50567253  47.59970966]	0	0	
612	10.213	0.017	0	2.0	492	8.208	[-25.47102058  47.76273426]	0	0	
613	10.229	0.016	0	2.0	493	8.224	[-25.43636863  47.92575886]	0	0	
614	10.247	0.017	0	2.0	494	8.241	[-25.40171668  48.08878346]	0	0	
615	10.263	0.016	0	2.0	495	8.257	[-25.36706473  48.25180806]	0	0	
616	10.28	0.017	0	2.0	496	8.275	[-25.33241279  48.41483266]	0	0	
617	10.295	0.016	0	2.0	497	8.29	[-25.29776084  48.57785726]	0	0	
618	10.313	0.018	0	2.0	498	8.308	[-25.26310889  48.74088186]	0	0	
619	10.329	0.016	0	2.0	499	8.324	[-25.22845694  48.90390646]	0	0	
620	10.346	0.017	0	2.0	500	8.341	[-25.19380499  49.06693106]	0	0	
621	10.363	0.017	0	2.0	501	8.358	[-25.15915304  49.22995566]	0	0	
622	10.379	0.016	0	2.0	502	8.374	[-25.1245011   49.39298026]	0	0	
623	10.397	0.017	0	2.0	503	8.391	[-25.08984915  49.55600486]	0	0	
624	10.413	0.016	0	2.0	504	8.407	[-25.0551972   49.71902946]	0	0	
625	10.43	0.017	0	2.0	505	8.424	[-25.02054525  49.88205406]	0	0	
626	10.446	0.017	0	2.0	506	8.441	[-24.9858933   50.04507866]	0	0	
627	10.463	0.017	0	2.0	507	8.458	[-24.95124135  50.20810326]	0	0	
628	10.48	0.017	0	2.0	508	8.474	[-24.9165894   50.37112786]	0	0	
629	10.497	0.017	0	2.0	509	8.491	[-24.88193746  50.53415246]	0	0	
630	10.513	0.016	0	2.0	510	8.508	[-24.84728551  50.69717706]	0	0	
631	10.53	0.017	0	2.0	511	8.524	[-24.81263356  50.86020166]	0	0	
632	10.546	0.017	0	2.0	512	8.541	[-24.77798161  51.02322626]	0	0	
633	10.563	0.017	0	2.0	513	8.558	[-24.74332966  51.18625086]	0	0	
634	10.58	0.016	0	2.0	514	8.575	[-24.70867771  51.34927546]	0	0	
635	10.596	0.017	0	2.0	515	8.591	[-24.67402577  51.51230006]	0	0	
636	10.613	0.017	0	2.0	516	8.608	[-24.63937382  51.67532466]	0	0	
637	10.63	0.017	0	2.0	517	8.624	[-24.60472187  51.83834926]	0	0	
638	10.646	0.017	0	2.0	518	8.641	[-24.57006992  52.00137386]	0	0	
639	10.663	0.017	0	2.0	519	8.658	[-24.53541797  52.16439846]	0	0	
640	10.68	0.017	0	2.0	520	8.675	[-24.50076602  52.32742306]	0	0	
641	10.696	0.017	0	2.0	521	8.691	[-24.46611407  52.49044766]	0	0	
642	10.713	0.017	0	2.0	522	8.708	[-24.43146213  52.65347226]	0	0	
643	10.73	0.016	0	2.0	523	8.725	[-24.39681018  52.81649686]	0	0	
644	10.746	0.017	0	2.0	524	8.741	[-24.36215823  52.97952146]	0	0	
645	10.763	0.017	0	2.0	525	8.758	[-24.32750628  53.14254606]	0	0	
646	10.779	0.016	0	2.0	526	8.774	[-24.29285433  53.30557066]	0	0	
647	10.796	0.017	0	2.0	527	8.791	[-24.25820238  53.46859526]	0	0	
648	10.812	0.016	0	2.0	528	8.807	[-24.22355044  53.63161986]	0	0	
649	10.83	0.018	0	2.0	529	8.825	[-24.18889849  53.79464446]	0	0	
650	10.846	0.017	0	2.0	530	8.841	[-24.15424654  53.95766906]	0	0	
651	10.864	0.017	0	2.0	531	8.858	[-24.11959459  54.12069366]	0	0	
652	10.88	0.016	0	2.0	532	8.874	[-24.08494264  54.28371826]	0	0	
653	10.897	0.017	0	2.0	533	8.891	[-24.05029069  54.44674286]	0	0	
654	10.913	0.017	0	2.0	534	8.908	[-24.01563874  54.60976746]	0	0	
655	10.93	0.017	0	2.0	535	8.925	[-23.9809868   54.77279206]	0	0	
656	10.946	0.016	0	2.0	536	8.941	[-23.94633485  54.93581666]	0	0	
657	10.964	0.017	0	2.0	537	8.958	[-23.9116829   55.09884126]	0	0	
658	10.98	0.016	0	2.0	538	8.975	[-23.87703095  55.26186586]	0	0	
659	10.996	0.017	0	2.0	539	8.991	[-23.842379    55.42489046]	0	0	
660	11.013	0.017	0	2.0	540	9.008	[-23.80772705  55.58791506]	0	0	
661	11.03	0.017	0	2.0	541	9.025	[-23.7730751   55.75093966]	0	0	
662	11.046	0.016	0	2.0	542	9.041	[-23.73842316  55.91396426]	0	0	
663	11.063	0.017	0	2.0	543	9.058	[-23.70377121  56.07698886]	0	0	
664	11.079	0.016	0	2.0	544	9.074	[-23.66911926  56.24001346]	0	0	
665	11.096	0.017	0	2.0	545	9.091	[-23.63446731  56.40303806]	0	0	
666	11.113	0.017	0	2.0	546	9.108	[-23.59981536  56.56606266]	0	0	
667	11.13	0.017	0	2.0	547	9.125	[-23.56516341  56.72908727]	0	0	
668	11.146	0.016	0	2.0	548	9.141	[-23.53051147  56.89211187]	0	0	
669	11.163	0.017	0	2.0	549	9.158	[-23.53051147  56.89211187]	0	0	
670	11.179	0.016	0	3.0	1	0.015	[-43.64991582 -31.64991582]	0	0	
671	11.196	0.017	0	3.0	2	0.033	[-43.53206469 -31.53206469]	0	0	
672	11.213	0.017	0	3.0	3	0.049	[-43.41421356 -31.41421356]	0	0	
673	11.229	0.016	0	3.0	4	0.066	[-43.29636243 -31.29636243]	0	0	
674	11.246	0.017	0	3.0	5	0.083	[-43.1785113 -31.1785113]	0	0	
675	11.263	0.016	0	3.0	6	0.099	[-43.06066017 -31.06066017]	0	0	
676	11.279	0.016	0	3.0	7	0.115	[-42.94280904 -30.94280904]	0	0	
677	11.296	0.017	0	3.0	8	0.132	[-42.82495791 -30.82495791]	0	0	
678	11.313	0.017	0	3.0	9	0.149	[-42.70710678 -30.70710678]	0	0	
679	11.329	0.016	0	3.0	10	0.165	[-42.58925565 -30.58925565]	0	0	
680	11.346	0.017	0	3.0	11	0.183	[-42.47140452 -30.47140452]	0	0	
681	11.363	0.017	0	3.0	12	0.199	[-42.35355339 -30.35355339]	0	0	
682	11.379	0.016	0	3.0	13	0.216	[-42.23570226 -30.23570226]	0	0	
683	11.396	0.017	0	3.0	14	0.232	[-42.11785113 -30.11785113]	0	0	
684	11.414	0.018	0	3.0	15	0.25	[-42. -30.]	0	0	
685	11.429	0.016	0	3.0	16	0.265	[-41.88214887 -29.88214887]	0	0	
686	11.447	0.018	0	3.0	17	0.283	[-41.76429774 -29.76429774]	0	0	
687	11.462	0.016	0	3.0	18	0.299	[-41.64644661 -29.64644661]	0	0	
688	11.479	0.017	0	3.0	19	0.316	[-41.52859548 -29.52859548]	0	0	
689	11.497	0.017	0	3.0	20	0.333	[-41.41074435 -29.41074435]	0	0	
690	11.513	0.016	0	3.0	21	0.349	[-41.29289322 -29.29289322]	0	0	
691	11.53	0.017	0	3.0	22	0.367	[-41.17504209 -29.17504209]	0	0	
692	11.546	0.016	0	3.0	23	0.382	[-41.05719096 -29.05719096]	0	0	
693	11.563	0.017	0	3.0	24	0.399	[-40.93933983 -28.93933983]	0	0	
694	11.579	0.017	0	3.0	25	0.416	[-40.8214887 -28.8214887]	0	0	
695	11.596	0.017	0	3.0	26	0.432	[-40.70363757 -28.70363757]	0	0	
696	11.613	0.017	0	3.0	27	0.45	[-40.58578644 -28.58578644]	0	0	
697	11.63	0.017	0	3.0	28	0.466	[-40.46793531 -28.46793531]	0	0	
698	11.647	0.017	0	3.0	29	0.483	[-40.35008418 -28.35008418]	0	0	
699	11.663	0.016	0	3.0	30	0.499	[-40.23223305 -28.23223305]	0	0	
700	11.679	0.017	0	3.0	31	0.516	[-40.11438192 -28.11438192]	0	0	
701	11.696	0.017	0	3.0	32	0.533	[-39.99653079 -27.99653079]	0	0	
702	11.713	0.017	0	3.0	33	0.549	[-39.87867966 -27.87867966]	0	0	
703	11.73	0.017	0	3.0	34	0.566	[-39.76082853 -27.76082853]	0	0	
704	11.746	0.016	0	3.0	35	0.583	[-39.6429774 -27.6429774]	0	0	
705	11.764	0.017	0	3.0	36	0.6	[-39.52512627 -27.52512627]	0	0	
706	11.779	0.015	0	3.0	37	0.615	[-39.40727514 -27.40727514]	0	0	
707	11.797	0.018	0	3.0	38	0.633	[-39.28942401 -27.28942401]	0	0	
708	11.813	0.016	0	3.0	39	0.649	[-39.17157288 -27.17157288]	0	0	
709	11.83	0.017	0	3.0	40	0.666	[-39.05372175 -27.05372175]	0	0	
710	11.847	0.017	0	3.0	41	0.683	[-38.93587061 -26.93587061]	0	0	
711	11.863	0.016	0	3.0	42	0.699	[-38.81801948 -26.81801948]	0	0	
712	11.879	0.016	0	3.0	43	0.715	[-38.70016835 -26.70016835]	0	0	
713	11.897	0.018	0	3.0	44	0.733	[-38.58231722 -26.58231722]	0	0	
714	11.913	0.017	0	3.0	45	0.75	[-38.46446609 -26.46446609]	0	0	
715	11.931	0.017	0	3.0	46	0.767	[-38.34661496 -26.34661496]	0	0	
716	11.946	0.016	0	3.0	47	0.783	[-38.22876383 -26.22876383]	0	0	
717	11.963	0.017	0	3.0	48	0.8	[-38.1109127 -26.1109127]	0	0	
718	11.98	0.017	0	3.0	49	0.816	[-37.99306157 -25.99306157]	0	0	
719	11.997	0.017	0	3.0	50	0.833	[-37.87521044 -25.87521044]	0	0	
720	12.013	0.017	0	3.0	51	0.85	[-37.75735931 -25.75735931]	0	0	
721	12.03	0.017	0	3.0	52	0.866	[-37.63950818 -25.63950818]	0	0	
722	12.047	0.017	0	3.0	53	0.883	[-37.52165705 -25.52165705]	0	0	
723	12.063	0.016	0	3.0	54	0.9	[-37.40380592 -25.40380592]	0	0	
724	12.08	0.017	0	3.0	55	0.916	[-37.28595479 -25.28595479]	0	0	
725	12.097	0.017	0	3.0	56	0.933	[-37.16810366 -25.16810366]	0	0	
726	12.114	0.017	0	3.0	57	0.95	[-37.05025253 -25.05025253]	0	0	
727	12.13	0.017	0	3.0	58	0.966	[-36.9324014 -24.9324014]	0	0	
728	12.147	0.017	0	3.0	59	0.983	[-36.81455027 -24.81455027]	0	0	
729	12.163	0.016	0	3.0	60	1.0	[-36.69669914 -24.69669914]	0	0	
730	12.18	0.017	0	3.0	61	1.016	[-36.57884801 -24.57884801]	0	0	
731	12.197	0.017	0	3.0	62	1.034	[-36.46099688 -24.46099688]	0	0	
732	12.213	0.016	0	3.0	63	1.05	[-36.34314575 -24.34314575]	0	0	
733	12.231	0.017	0	3.0	64	1.067	[-36.22529462 -24.22529462]	0	0	
734	12.247	0.016	0	3.0	65	1.083	[-36.10744349 -24.10744349]	0	0	
735	12.264	0.017	0	3.0	66	1.1	[-35.98959236 -23.98959236]	0	0	
736	12.28	0.016	0	3.0	67	1.116	[-35.87174123 -23.87174123]	0	0	
737	12.296	0.016	0	3.0	68	1.133	[-35.7538901 -23.7538901]	0	0	
738	12.314	0.017	0	3.0	69	1.15	[-35.63603897 -23.63603897]	0	0	
739	12.33	0.017	0	3.0	70	1.167	[-35.51818784 -23.51818784]	0	0	
740	12.347	0.017	0	3.0	71	1.183	[-35.40033671 -23.40033671]	0	0	
741	12.364	0.017	0	3.0	72	1.2	[-35.28248558 -23.28248558]	0	0	
742	12.38	0.017	0	3.0	73	1.217	[-35.16463445 -23.16463445]	0	0	
743	12.397	0.017	0	3.0	74	1.233	[-35.04678332 -23.04678332]	0	0	
744	12.414	0.017	0	3.0	75	1.25	[-34.92893219 -22.92893219]	0	0	
745	12.43	0.017	0	3.0	76	1.267	[-34.81108106 -22.81108106]	0	0	
746	12.447	0.017	0	3.0	77	1.283	[-34.69322993 -22.69322993]	0	0	
747	12.464	0.017	0	3.0	78	1.3	[-34.5753788 -22.5753788]	0	0	
748	12.48	0.017	0	3.0	79	1.317	[-34.45752767 -22.45752767]	0	0	
749	12.497	0.017	0	3.0	80	1.334	[-34.33967654 -22.33967654]	0	0	
750	12.514	0.016	0	3.0	81	1.35	[-34.22182541 -22.22182541]	0	0	
751	12.53	0.017	0	3.0	82	1.367	[-34.10397428 -22.10397428]	0	0	
752	12.547	0.017	0	3.0	83	1.383	[-33.98612315 -21.98612315]	0	0	
753	12.564	0.017	0	3.0	84	1.4	[-33.86827202 -21.86827202]	0	0	
754	12.58	0.017	0	3.0	85	1.417	[-33.75042089 -21.75042089]	0	0	
755	12.597	0.017	0	3.0	86	1.434	[-33.63256976 -21.63256976]	0	0	
756	12.614	0.016	0	3.0	87	1.45	[-33.51471863 -21.51471863]	0	0	
757	12.63	0.016	0	3.0	88	1.466	[-33.3968675 -21.3968675]	0	0	
758	12.648	0.018	0	3.0	89	1.484	[-33.27901637 -21.27901637]	0	0	
759	12.663	0.016	0	3.0	90	1.5	[-33.16116524 -21.16116524]	0	0	
760	12.68	0.017	0	3.0	91	1.517	[-33.0433141 -21.0433141]	0	0	
761	12.697	0.017	0	3.0	92	1.534	[-32.92546297 -20.92546297]	0	0	
762	12.713	0.016	0	3.0	93	1.55	[-32.80761184 -20.80761184]	0	0	
763	12.731	0.017	0	3.0	94	1.567	[-32.68976071 -20.68976071]	0	0	
764	12.747	0.016	0	3.0	95	1.583	[-32.57190958 -20.57190958]	0	0	
765	12.764	0.017	0	3.0	96	1.6	[-32.45405845 -20.45405845]	0	0	
766	12.78	0.016	0	3.0	97	1.616	[-32.33620732 -20.33620732]	0	0	
767	12.796	0.017	0	3.0	98	1.633	[-32.21835619 -20.21835619]	0	0	
768	12.814	0.018	0	3.0	99	1.65	[-32.10050506 -20.10050506]	0	0	
769	12.83	0.016	0	3.0	100	1.666	[-31.98265393 -19.98265393]	0	0	
770	12.847	0.017	0	3.0	101	1.684	[-31.8648028 -19.8648028]	0	0	
771	12.864	0.016	0	3.0	102	1.7	[-31.74695167 -19.74695167]	0	0	
772	12.88	0.017	0	3.0	103	1.717	[-31.62910054 -19.62910054]	0	0	
773	12.897	0.017	0	3.0	104	1.734	[-31.51124941 -19.51124941]	0	0	
774	12.914	0.016	0	3.0	105	1.75	[-31.39339828 -19.39339828]	0	0	
775	12.93	0.017	0	3.0	106	1.767	[-31.27554715 -19.27554715]	0	0	
776	12.947	0.017	0	3.0	107	1.783	[-31.15769602 -19.15769602]	0	0	
777	12.964	0.017	0	3.0	108	1.8	[-31.03984489 -19.03984489]	0	0	
778	12.98	0.017	0	3.0	109	1.817	[-30.92199376 -18.92199376]	0	0	
779	12.998	0.017	0	3.0	110	1.834	[-30.80414263 -18.80414263]	0	0	
780	13.014	0.016	0	3.0	111	1.85	[-30.6862915 -18.6862915]	0	0	
781	13.031	0.017	0	3.0	112	1.867	[-30.56844037 -18.56844037]	0	0	
782	13.047	0.017	0	3.0	113	1.883	[-30.45058924 -18.45058924]	0	0	
783	13.064	0.017	0	3.0	114	1.9	[-30.33273811 -18.33273811]	0	0	
784	13.08	0.017	0	3.0	115	1.917	[-30.21488698 -18.21488698]	0	0	
785	13.098	0.017	0	3.0	116	1.934	[-30.09703585 -18.09703585]	0	0	
786	13.114	0.016	0	3.0	117	1.95	[-29.97918472 -17.97918472]	0	0	
787	13.13	0.017	0	3.0	118	1.967	[-29.86133359 -17.86133359]	0	0	
788	13.147	0.017	0	3.0	119	1.983	[-29.74348246 -17.74348246]	0	0	
789	13.163	0.016	0	3.0	120	2.0	[-29.62563133 -17.62563133]	0	0	
790	13.18	0.017	0	3.0	121	2.016	[-29.5077802 -17.5077802]	0	0	
791	13.197	0.017	0	3.0	122	2.033	[-29.38992907 -17.38992907]	0	0	
792	13.214	0.017	0	3.0	123	2.05	[-29.27207794 -17.27207794]	0	0	
793	13.23	0.016	0	3.0	124	2.067	[-29.15422681 -17.15422681]	0	0	
794	13.246	0.016	0	3.0	125	2.083	[-29.03637568 -17.03637568]	0	0	
795	13.263	0.017	0	3.0	126	2.1	[-28.91852455 -16.91852455]	0	0	
796	13.28	0.017	0	3.0	127	2.117	[-28.80067342 -16.80067342]	0	0	
797	13.297	0.017	0	3.0	128	2.134	[-28.68282229 -16.68282229]	0	0	
798	13.313	0.016	0	3.0	129	2.15	[-28.56497116 -16.56497116]	0	0	
799	13.331	0.017	0	3.0	130	2.167	[-28.44712003 -16.44712003]	0	0	
800	13.347	0.017	0	3.0	131	2.184	[-28.3292689 -16.3292689]	0	0	
801	13.364	0.017	0	3.0	132	2.201	[-28.21141777 -16.21141777]	0	0	
802	13.38	0.016	0	3.0	133	2.217	[-28.09356664 -16.09356664]	0	0	
803	13.397	0.017	0	3.0	134	2.233	[-27.97571551 -15.97571551]	0	0	
804	13.414	0.017	0	3.0	135	2.251	[-27.85786438 -15.85786438]	0	0	
805	13.431	0.016	0	3.0	136	2.267	[-27.74001325 -15.74001325]	0	0	
806	13.449	0.018	0	3.0	137	2.286	[-27.62216212 -15.62216212]	0	0	
807	13.466	0.017	0	3.0	138	2.302	[-27.50431099 -15.50431099]	0	0	
808	13.482	0.016	0	3.0	139	2.319	[-27.38645986 -15.38645986]	0	0	
809	13.499	0.017	0	3.0	140	2.335	[-27.26860873 -15.26860873]	0	0	
810	13.515	0.016	0	3.0	141	2.352	[-27.1507576 -15.1507576]	0	0	
811	13.532	0.017	0	3.0	142	2.368	[-27.03290646 -15.03290646]	0	0	
812	13.549	0.017	0	3.0	143	2.385	[-26.91505533 -14.91505533]	0	0	
813	13.566	0.017	0	3.0	144	2.402	[-26.7972042 -14.7972042]	0	0	
814	13.582	0.017	0	3.0	145	2.419	[-26.67935307 -14.67935307]	0	0	
815	13.599	0.017	0	3.0	146	2.435	[-26.56150194 -14.56150194]	0	0	
816	13.616	0.017	0	3.0	147	2.452	[-26.44365081 -14.44365081]	0	0	
817	13.632	0.017	0	3.0	148	2.469	[-26.32579968 -14.32579968]	0	0	
818	13.649	0.016	0	3.0	149	2.485	[-26.20794855 -14.20794855]	0	0	
819	13.666	0.017	0	3.0	150	2.502	[-26.09009742 -14.09009742]	0	0	
820	13.682	0.016	0	3.0	151	2.518	[-25.97224629 -13.97224629]	0	0	
821	13.699	0.017	0	3.0	152	2.535	[-25.85439516 -13.85439516]	0	0	
822	13.716	0.016	0	3.0	153	2.552	[-25.73654403 -13.73654403]	0	0	
823	13.732	0.017	0	3.0	154	2.569	[-25.6186929 -13.6186929]	0	0	
824	13.749	0.017	0	3.0	155	2.585	[-25.50084177 -13.50084177]	0	0	
825	13.765	0.017	0	3.0	156	2.602	[-25.38299064 -13.38299064]	0	0	
826	13.782	0.017	0	3.0	157	2.619	[-25.26513951 -13.26513951]	0	0	
827	13.799	0.017	0	3.0	158	2.635	[-25.14728838 -13.14728838]	0	0	
828	13.815	0.017	0	3.0	159	2.652	[-25.02943725 -13.02943725]	0	0	
829	13.832	0.017	0	3.0	160	2.669	[-24.91158612 -12.91158612]	0	0	
830	13.849	0.017	0	3.0	161	2.685	[-24.79373499 -12.79373499]	0	0	
831	13.865	0.016	0	3.0	162	2.702	[-24.67588386 -12.67588386]	0	0	
832	13.882	0.017	0	3.0	163	2.718	[-24.55803273 -12.55803273]	0	0	
833	13.899	0.017	0	3.0	164	2.735	[-24.4401816 -12.4401816]	0	0	
834	13.915	0.016	0	3.0	165	2.752	[-24.32233047 -12.32233047]	0	0	
835	13.932	0.017	0	3.0	166	2.769	[-24.20447934 -12.20447934]	0	0	
836	13.949	0.017	0	3.0	167	2.786	[-24.08662821 -12.08662821]	0	0	
837	13.966	0.016	0	3.0	168	2.802	[-23.96877708 -11.96877708]	0	0	
838	13.982	0.016	0	3.0	169	2.819	[-23.85092595 -11.85092595]	0	0	
839	13.999	0.017	0	3.0	170	2.835	[-23.73307482 -11.73307482]	0	0	
840	14.016	0.017	0	3.0	171	2.852	[-23.61522369 -11.61522369]	0	0	
841	14.032	0.016	0	3.0	172	2.868	[-23.49737256 -11.49737256]	0	0	
842	14.049	0.017	0	3.0	173	2.885	[-23.37952143 -11.37952143]	0	0	
843	14.066	0.017	0	3.0	174	2.902	[-23.2616703 -11.2616703]	0	0	
844	14.082	0.016	0	3.0	175	2.919	[-23.14381917 -11.14381917]	0	0	
845	14.099	0.017	0	3.0	176	2.935	[-23.02596804 -11.02596804]	0	0	
846	14.116	0.017	0	3.0	177	2.952	[-22.90811691 -10.90811691]	0	0	
847	14.132	0.016	0	3.0	178	2.969	[-22.79026578 -10.79026578]	0	0	
848	14.15	0.017	0	3.0	179	2.986	[-22.67241465 -10.67241465]	0	0	
849	14.166	0.016	0	3.0	180	3.002	[-22.55456352 -10.55456352]	0	0	
850	14.182	0.016	0	3.0	181	3.018	[-22.43671239 -10.43671239]	0	0	
851	14.199	0.017	0	3.0	182	3.036	[-22.31886126 -10.31886126]	0	0	
852	14.216	0.017	0	3.0	183	3.052	[-22.20101013 -10.20101013]	0	0	
853	14.232	0.016	0	3.0	184	3.069	[-22.083159 -10.083159]	0	0	
854	14.249	0.017	0	3.0	185	3.086	[-21.96530787  -9.96530787]	0	0	
855	14.266	0.017	0	3.0	186	3.103	[-21.84745674  -9.84745674]	0	0	
856	14.282	0.016	0	3.0	187	3.119	[-21.72960561  -9.72960561]	0	0	
857	14.299	0.017	0	3.0	188	3.135	[-21.61175448  -9.61175448]	0	0	
858	14.316	0.017	0	3.0	189	3.152	[-21.49390335  -9.49390335]	0	0	
859	14.332	0.017	0	3.0	190	3.169	[-21.37605222  -9.37605222]	0	0	
860	14.349	0.017	0	3.0	191	3.186	[-21.25820109  -9.25820109]	0	0	
861	14.366	0.017	0	3.0	192	3.202	[-21.14034995  -9.14034995]	0	0	
862	14.382	0.016	0	3.0	193	3.219	[-21.02249882  -9.02249882]	0	0	
863	14.399	0.017	0	3.0	194	3.235	[-20.90464769  -8.90464769]	0	0	
864	14.416	0.017	0	3.0	195	3.252	[-20.78679656  -8.78679656]	0	0	
865	14.433	0.017	0	3.0	196	3.269	[-20.66894543  -8.66894543]	0	0	
866	14.449	0.017	0	3.0	197	3.286	[-20.5510943  -8.5510943]	0	0	
867	14.465	0.016	0	3.0	198	3.302	[-20.43324317  -8.43324317]	0	0	
868	14.483	0.017	0	3.0	199	3.319	[-20.31539204  -8.31539204]	0	0	
869	14.499	0.017	0	3.0	200	3.336	[-20.19754091  -8.19754091]	0	0	
870	14.516	0.016	0	3.0	201	3.352	[-20.07968978  -8.07968978]	0	0	
871	14.532	0.017	0	3.0	202	3.369	[-19.96183865  -7.96183865]	0	0	
872	14.549	0.017	0	3.0	203	3.386	[-19.84398752  -7.84398752]	0	0	
873	14.566	0.017	0	3.0	204	3.402	[-19.72613639  -7.72613639]	0	0	
874	14.582	0.016	0	3.0	205	3.419	[-19.60828526  -7.60828526]	0	0	
875	14.599	0.017	0	3.0	206	3.436	[-19.49043413  -7.49043413]	0	0	
876	14.616	0.017	0	3.0	207	3.452	[-19.372583  -7.372583]	0	0	
877	14.632	0.017	0	3.0	208	3.469	[-19.25473187  -7.25473187]	0	0	
878	14.649	0.017	0	3.0	209	3.486	[-19.13688074  -7.13688074]	0	0	
879	14.666	0.017	0	3.0	210	3.502	[-19.01902961  -7.01902961]	0	0	
880	14.683	0.017	0	3.0	211	3.519	[-18.90117848  -6.90117848]	0	0	
881	14.699	0.016	0	3.0	212	3.535	[-18.78332735  -6.78332735]	0	0	
882	14.715	0.016	0	3.0	213	3.552	[-18.66547622  -6.66547622]	0	0	
883	14.733	0.018	0	3.0	214	3.57	[-18.54762509  -6.54762509]	0	0	
884	14.749	0.016	0	3.0	215	3.586	[-18.42977396  -6.42977396]	0	0	
885	14.766	0.017	0	3.0	216	3.602	[-18.31192283  -6.31192283]	0	0	
886	14.783	0.017	0	3.0	217	3.619	[-18.1940717  -6.1940717]	0	0	
887	14.799	0.017	0	3.0	218	3.636	[-18.07622057  -6.07622057]	0	0	
888	14.816	0.017	0	3.0	219	3.652	[-17.95836944  -5.95836944]	0	0	
889	14.833	0.017	0	3.0	220	3.669	[-17.84051831  -5.84051831]	0	0	
890	14.849	0.017	0	3.0	221	3.686	[-17.72266718  -5.72266718]	0	0	
891	14.866	0.017	0	3.0	222	3.702	[-17.60481605  -5.60481605]	0	0	
892	14.883	0.017	0	3.0	223	3.719	[-17.48696492  -5.48696492]	0	0	
893	14.9	0.017	0	3.0	224	3.736	[-17.36911379  -5.36911379]	0	0	
894	14.916	0.017	0	3.0	225	3.753	[-17.25126266  -5.25126266]	0	0	
895	14.933	0.017	0	3.0	226	3.769	[-17.13341153  -5.13341153]	0	0	
896	14.95	0.017	0	3.0	227	3.786	[-17.0155604  -5.0155604]	0	0	
897	14.966	0.017	0	3.0	228	3.802	[-16.89770927  -4.89770927]	0	0	
898	14.983	0.017	0	3.0	229	3.819	[-16.77985814  -4.77985814]	0	0	
899	14.999	0.016	0	3.0	230	3.836	[-16.66200701  -4.66200701]	0	0	
900	15.016	0.017	0	3.0	231	3.852	[-16.54415588  -4.54415588]	0	0	
901	15.033	0.017	0	3.0	232	3.869	[-16.42630475  -4.42630475]	0	0	
902	15.049	0.017	0	3.0	233	3.886	[-16.30845362  -4.30845362]	0	0	
903	15.066	0.017	0	3.0	234	3.902	[-16.19060249  -4.19060249]	0	0	
904	15.083	0.017	0	3.0	235	3.919	[-16.07275136  -4.07275136]	0	0	
905	15.099	0.016	0	3.0	236	3.936	[-15.95490023  -3.95490023]	0	0	
906	15.116	0.017	0	3.0	237	3.953	[-15.8370491  -3.8370491]	0	0	
907	15.133	0.017	0	3.0	238	3.969	[-15.71919797  -3.71919797]	0	0	
908	15.149	0.016	0	3.0	239	3.986	[-15.60134684  -3.60134684]	0	0	
909	15.166	0.017	0	3.0	240	4.003	[-15.48349571  -3.48349571]	0	0	
910	15.183	0.017	0	3.0	241	4.019	[-15.36564458  -3.36564458]	0	0	
911	15.2	0.017	0	3.0	242	4.036	[-15.24779345  -3.24779345]	0	0	
912	15.216	0.016	0	3.0	243	4.052	[-15.12994231  -3.12994231]	0	0	
913	15.233	0.017	0	3.0	244	4.069	[-15.01209118  -3.01209118]	0	0	
914	15.25	0.017	0	3.0	245	4.086	[-14.89424005  -2.89424005]	0	0	
915	15.266	0.016	0	3.0	246	4.102	[-14.77638892  -2.77638892]	0	0	
916	15.283	0.017	0	3.0	247	4.119	[-14.65853779  -2.65853779]	0	0	
917	15.299	0.016	0	3.0	248	4.135	[-14.54068666  -2.54068666]	0	0	
918	15.316	0.017	0	3.0	249	4.152	[-14.42283553  -2.42283553]	0	0	
919	15.333	0.017	0	3.0	250	4.169	[-14.3049844  -2.3049844]	0	0	
920	15.349	0.016	0	3.0	251	4.186	[-14.18713327  -2.18713327]	0	0	
921	15.366	0.017	0	3.0	252	4.203	[-14.06928214  -2.06928214]	0	0	
922	15.383	0.017	0	3.0	253	4.219	[-13.95143101  -1.95143101]	0	0	
923	15.399	0.016	0	3.0	254	4.235	[-13.83357988  -1.83357988]	0	0	
924	15.416	0.017	0	3.0	255	4.253	[-13.71572875  -1.71572875]	0	0	
925	15.433	0.017	0	3.0	256	4.269	[-13.59787762  -1.59787762]	0	0	
926	15.45	0.017	0	3.0	257	4.286	[-13.48002649  -1.48002649]	0	0	
927	15.466	0.016	0	3.0	258	4.303	[-13.36217536  -1.36217536]	0	0	
928	15.483	0.017	0	3.0	259	4.319	[-13.24432423  -1.24432423]	0	0	
929	15.499	0.017	0	3.0	260	4.336	[-13.1264731  -1.1264731]	0	0	
930	15.516	0.017	0	3.0	261	4.353	[-13.00862197  -1.00862197]	0	0	
931	15.533	0.017	0	3.0	262	4.369	[-12.89077084  -0.89077084]	0	0	
932	15.55	0.017	0	3.0	263	4.386	[-12.77291971  -0.77291971]	0	0	
933	15.566	0.017	0	3.0	264	4.403	[-12.65506858  -0.65506858]	0	0	
934	15.583	0.017	0	3.0	265	4.419	[-12.53721745  -0.53721745]	0	0	
935	15.599	0.016	0	3.0	266	4.436	[-12.41936632  -0.41936632]	0	0	
936	15.616	0.017	0	3.0	267	4.453	[-12.30151519  -0.30151519]	0	0	
937	15.633	0.017	0	3.0	268	4.469	[-12.18366406  -0.18366406]	0	0	
938	15.649	0.017	0	3.0	269	4.486	[-12.06581293  -0.06581293]	0	0	
939	15.666	0.017	0	3.0	270	4.503	[-11.9479618   0.0520382]	0	0	
940	15.683	0.017	0	3.0	271	4.519	[-11.83011067   0.16988933]	0	0	
941	15.699	0.017	0	3.0	272	4.536	[-11.71225954   0.28774046]	0	0	
942	15.716	0.017	0	3.0	273	4.553	[-11.59440841   0.40559159]	0	0	
943	15.733	0.017	0	3.0	274	4.569	[-11.47655728   0.52344272]	0	0	
944	15.749	0.016	0	3.0	275	4.586	[-11.35870615   0.64129385]	0	0	
945	15.766	0.017	0	3.0	276	4.602	[-11.24085502   0.75914498]	0	0	
946	15.783	0.017	0	3.0	277	4.619	[-11.12300389   0.87699611]	0	0	
947	15.8	0.017	0	3.0	278	4.636	[-11.00515276   0.99484724]	0	0	
948	15.816	0.016	0	3.0	279	4.652	[-10.88730163   1.11269837]	0	0	
949	15.833	0.017	0	3.0	280	4.669	[-10.7694505   1.2305495]	0	0	
950	15.85	0.016	0	3.0	281	4.686	[-10.65159937   1.34840063]	0	0	
951	15.866	0.017	0	3.0	282	4.703	[-10.53374824   1.46625176]	0	0	
952	15.883	0.016	0	3.0	283	4.719	[-10.41589711   1.58410289]	0	0	
953	15.899	0.016	0	3.0	284	4.736	[-10.29804598   1.70195402]	0	0	
954	15.916	0.017	0	3.0	285	4.753	[-10.18019485   1.81980515]	0	0	
955	15.933	0.017	0	3.0	286	4.769	[-10.06234372   1.93765628]	0	0	
956	15.949	0.016	0	3.0	287	4.786	[-9.94449259  2.05550741]	0	0	
957	15.966	0.017	0	3.0	288	4.803	[-9.82664146  2.17335854]	0	0	
958	15.983	0.017	0	3.0	289	4.819	[-9.70879033  2.29120967]	0	0	
959	15.999	0.016	0	3.0	290	4.836	[-9.5909392  2.4090608]	0	0	
960	16.016	0.017	0	3.0	291	4.853	[-9.47308807  2.52691193]	0	0	
961	16.033	0.017	0	3.0	292	4.869	[-9.35523694  2.64476306]	0	0	
962	16.05	0.017	0	3.0	293	4.886	[-9.23738581  2.76261419]	0	0	
963	16.066	0.016	0	3.0	294	4.903	[-9.11953467  2.88046533]	0	0	
964	16.083	0.017	0	3.0	295	4.919	[-9.00168354  2.99831646]	0	0	
965	16.099	0.016	0	3.0	296	4.936	[-8.88383241  3.11616759]	0	0	
966	16.116	0.017	0	3.0	297	4.953	[-8.76598128  3.23401872]	0	0	
967	16.132	0.016	0	3.0	298	4.969	[-8.64813015  3.35186985]	0	0	
968	16.149	0.017	0	3.0	299	4.986	[-8.53027902  3.46972098]	0	0	
969	16.166	0.017	0	3.0	300	5.003	[-8.41242789  3.58757211]	0	0	
970	16.184	0.018	0	3.0	301	5.02	[-8.29457676  3.70542324]	0	0	
971	16.2	0.016	0	3.0	302	5.036	[-8.17672563  3.82327437]	0	0	
972	16.216	0.017	0	3.0	303	5.053	[-8.0588745  3.9411255]	0	0	
973	16.233	0.017	0	3.0	304	5.069	[-7.94102337  4.05897663]	0	0	
974	16.25	0.017	0	3.0	305	5.086	[-7.82317224  4.17682776]	0	0	
975	16.267	0.017	0	3.0	306	5.103	[-7.70532111  4.29467889]	0	0	
976	16.283	0.017	0	3.0	307	5.12	[-7.58746998  4.41253002]	0	0	
977	16.3	0.017	0	3.0	308	5.136	[-7.46961885  4.53038115]	0	0	
978	16.317	0.017	0	3.0	309	5.153	[-7.35176772  4.64823228]	0	0	
979	16.333	0.016	0	3.0	310	5.169	[-7.23391659  4.76608341]	0	0	
980	16.35	0.017	0	3.0	311	5.186	[-7.11606546  4.88393454]	0	0	
981	16.367	0.017	0	3.0	312	5.203	[-6.99821433  5.00178567]	0	0	
982	16.383	0.017	0	3.0	313	5.22	[-6.8803632  5.1196368]	0	0	
983	16.4	0.017	0	3.0	314	5.237	[-6.76251207  5.23748793]	0	0	
984	16.417	0.016	0	3.0	315	5.253	[-6.64466094  5.35533906]	0	0	
985	16.433	0.016	0	3.0	316	5.27	[-6.52680981  5.47319019]	0	0	
986	16.45	0.017	0	3.0	317	5.286	[-6.40895868  5.59104132]	0	0	
987	16.466	0.016	0	3.0	318	5.303	[-6.29110755  5.70889245]	0	0	
988	16.483	0.017	0	3.0	319	5.32	[-6.17325642  5.82674358]	0	0	
989	16.5	0.017	0	3.0	320	5.336	[-6.05540529  5.94459471]	0	0	
990	16.516	0.017	0	3.0	321	5.353	[-5.93755416  6.06244584]	0	0	
991	16.533	0.017	0	3.0	322	5.37	[-5.81970303  6.18029697]	0	0	
992	16.55	0.017	0	3.0	323	5.386	[-5.7018519  6.2981481]	0	0	
993	16.566	0.016	0	3.0	324	5.403	[-5.58400077  6.41599923]	0	0	
994	16.583	0.017	0	3.0	325	5.42	[-5.46614964  6.53385036]	0	0	
995	16.6	0.016	0	3.0	326	5.436	[-5.34829851  6.65170149]	0	0	
996	16.617	0.017	0	3.0	327	5.453	[-5.23044738  6.76955262]	0	0	
997	16.633	0.016	0	3.0	328	5.469	[-5.11259625  6.88740375]	0	0	
998	16.65	0.017	0	3.0	329	5.486	[-4.99474512  7.00525488]	0	0	
999	16.666	0.016	0	3.0	330	5.503	[-4.87689399  7.12310601]	0	0	
1000	16.683	0.017	0	3.0	331	5.52	[-4.75904286  7.24095714]	0	0	
1001	16.7	0.017	0	3.0	332	5.536	[-4.64119173  7.35880827]	0	0	
1002	16.717	0.017	0	3.0	333	5.553	[-4.5233406  7.4766594]	0	0	
1003	16.733	0.016	0	3.0	334	5.569	[-4.40548947  7.59451053]	0	0	
1004	16.75	0.017	0	3.0	335	5.586	[-4.28763834  7.71236166]	0	0	
1005	16.766	0.016	0	3.0	336	5.603	[-4.16978721  7.83021279]	0	0	
1006	16.784	0.017	0	3.0	337	5.62	[-4.05193608  7.94806392]	0	0	
1007	16.8	0.017	0	3.0	338	5.637	[-3.93408495  8.06591505]	0	0	
1008	16.816	0.016	0	3.0	339	5.652	[-3.81623382  8.18376618]	0	0	
1009	16.834	0.018	0	3.0	340	5.67	[-3.69838269  8.30161731]	0	0	
1010	16.85	0.016	0	3.0	341	5.686	[-3.58053156  8.41946844]	0	0	
1011	16.867	0.017	0	3.0	342	5.703	[-3.46268043  8.53731957]	0	0	
1012	16.884	0.017	0	3.0	343	5.72	[-3.3448293  8.6551707]	0	0	
1013	16.9	0.016	0	3.0	344	5.736	[-3.22697816  8.77302184]	0	0	
1014	16.917	0.017	0	3.0	345	5.753	[-3.10912703  8.89087297]	0	0	
1015	16.933	0.017	0	3.0	346	5.77	[-2.9912759  9.0087241]	0	0	
1016	16.95	0.017	0	3.0	347	5.786	[-2.87342477  9.12657523]	0	0	
1017	16.967	0.016	0	3.0	348	5.803	[-2.75557364  9.24442636]	0	0	
1018	16.984	0.017	0	3.0	349	5.82	[-2.63772251  9.36227749]	0	0	
1019	17.0	0.017	0	3.0	350	5.836	[-2.51987138  9.48012862]	0	0	
1020	17.017	0.017	0	3.0	351	5.853	[-2.40202025  9.59797975]	0	0	
1021	17.033	0.016	0	3.0	352	5.869	[-2.28416912  9.71583088]	0	0	
1022	17.05	0.017	0	3.0	353	5.887	[-2.16631799  9.83368201]	0	0	
1023	17.067	0.017	0	3.0	354	5.903	[-2.04846686  9.95153314]	0	0	
1024	17.083	0.016	0	3.0	355	5.92	[-1.93061573 10.06938427]	0	0	
1025	17.1	0.017	0	3.0	356	5.936	[-1.8127646 10.1872354]	0	0	
1026	17.117	0.017	0	3.0	357	5.953	[-1.69491347 10.30508653]	0	0	
1027	17.133	0.017	0	3.0	358	5.97	[-1.57706234 10.42293766]	0	0	
1028	17.15	0.017	0	3.0	359	5.987	[-1.45921121 10.54078879]	0	0	
1029	17.166	0.016	0	3.0	360	6.003	[-1.34136008 10.65863992]	0	0	
1030	17.184	0.017	0	3.0	361	6.02	[-1.22350895 10.77649105]	0	0	
1031	17.2	0.016	0	3.0	362	6.036	[-1.10565782 10.89434218]	0	0	
1032	17.217	0.017	0	3.0	363	6.053	[-0.98780669 11.01219331]	0	0	
1033	17.233	0.017	0	3.0	364	6.07	[-0.86995556 11.13004444]	0	0	
1034	17.25	0.017	0	3.0	365	6.087	[-0.75210443 11.24789557]	0	0	
1035	17.266	0.016	0	3.0	366	6.103	[-0.6342533 11.3657467]	0	0	
1036	17.284	0.017	0	3.0	367	6.12	[-0.51640217 11.48359783]	0	0	
1037	17.3	0.016	0	3.0	368	6.136	[-0.39855104 11.60144896]	0	0	
1038	17.317	0.017	0	3.0	369	6.154	[-0.28069991 11.71930009]	0	0	
1039	17.333	0.016	0	3.0	370	6.169	[-0.16284878 11.83715122]	0	0	
1040	17.35	0.017	0	3.0	371	6.187	[-0.04499765 11.95500235]	0	0	
1041	17.367	0.017	0	3.0	372	6.203	[ 0.07285348 12.07285348]	0	0	
1042	17.384	0.017	0	3.0	373	6.22	[ 0.19070461 12.19070461]	0	0	
1043	17.401	0.017	0	3.0	374	6.237	[ 0.30855574 12.30855574]	0	0	
1044	17.417	0.017	0	3.0	375	6.254	[ 0.42640687 12.42640687]	0	0	
1045	17.434	0.016	0	3.0	376	6.27	[ 0.544258 12.544258]	0	0	
1046	17.451	0.017	0	3.0	377	6.287	[ 0.66210913 12.66210913]	0	0	
1047	17.467	0.016	0	3.0	378	6.303	[ 0.77996026 12.77996026]	0	0	
1048	17.484	0.017	0	3.0	379	6.32	[ 0.89781139 12.89781139]	0	0	
1049	17.5	0.017	0	3.0	380	6.337	[ 1.01566252 13.01566252]	0	0	
1050	17.517	0.016	0	3.0	381	6.353	[ 1.13351365 13.13351365]	0	0	
1051	17.534	0.017	0	3.0	382	6.37	[ 1.25136478 13.25136478]	0	0	
1052	17.55	0.017	0	3.0	383	6.387	[ 1.36921591 13.36921591]	0	0	
1053	17.567	0.017	0	3.0	384	6.404	[ 1.48706704 13.48706704]	0	0	
1054	17.584	0.016	0	3.0	385	6.42	[ 1.60491817 13.60491817]	0	0	
1055	17.6	0.017	0	3.0	386	6.437	[ 1.7227693 13.7227693]	0	0	
1056	17.617	0.017	0	3.0	387	6.453	[ 1.84062043 13.84062043]	0	0	
1057	17.634	0.017	0	3.0	388	6.47	[ 1.95847156 13.95847156]	0	0	
1058	17.651	0.017	0	3.0	389	6.487	[ 2.07632269 14.07632269]	0	0	
1059	17.667	0.017	0	3.0	390	6.504	[ 2.19417382 14.19417382]	0	0	
1060	17.684	0.017	0	3.0	391	6.52	[ 2.31202495 14.31202495]	0	0	
1061	17.701	0.017	0	3.0	392	6.537	[ 2.42987608 14.42987608]	0	0	
1062	17.717	0.016	0	3.0	393	6.553	[ 2.54772721 14.54772721]	0	0	
1063	17.734	0.017	0	3.0	394	6.57	[ 2.66557834 14.66557834]	0	0	
1064	17.75	0.017	0	3.0	395	6.587	[ 2.78342948 14.78342948]	0	0	
1065	17.767	0.017	0	3.0	396	6.603	[ 2.90128061 14.90128061]	0	0	
1066	17.784	0.017	0	3.0	397	6.62	[ 3.01913174 15.01913174]	0	0	
1067	17.8	0.016	0	3.0	398	6.637	[ 3.13698287 15.13698287]	0	0	
1068	17.817	0.017	0	3.0	399	6.654	[ 3.254834 15.254834]	0	0	
1069	17.834	0.017	0	3.0	400	6.67	[ 3.37268513 15.37268513]	0	0	
1070	17.851	0.016	0	3.0	401	6.687	[ 3.49053626 15.49053626]	0	0	
1071	17.867	0.016	0	3.0	402	6.703	[ 3.60838739 15.60838739]	0	0	
1072	17.883	0.017	0	3.0	403	6.72	[ 3.72623852 15.72623852]	0	0	
1073	17.9	0.017	0	3.0	404	6.736	[ 3.84408965 15.84408965]	0	0	
1074	17.917	0.017	0	3.0	405	6.754	[ 3.96194078 15.96194078]	0	0	
1075	17.934	0.017	0	3.0	406	6.77	[ 4.07979191 16.07979191]	0	0	
1076	17.951	0.017	0	3.0	407	6.787	[ 4.19764304 16.19764304]	0	0	
1077	17.967	0.016	0	3.0	408	6.803	[ 4.31549417 16.31549417]	0	0	
1078	17.984	0.017	0	3.0	409	6.82	[ 4.4333453 16.4333453]	0	0	
1079	18.001	0.017	0	3.0	410	6.837	[ 4.55119643 16.55119643]	0	0	
1080	18.017	0.016	0	3.0	411	6.854	[ 4.66904756 16.66904756]	0	0	
1081	18.034	0.017	0	3.0	412	6.87	[ 4.78689869 16.78689869]	0	0	
1082	18.05	0.016	0	3.0	413	6.886	[ 4.90474982 16.90474982]	0	0	
1083	18.067	0.017	0	3.0	414	6.904	[ 5.02260095 17.02260095]	0	0	
1084	18.084	0.016	0	3.0	415	6.92	[ 5.14045208 17.14045208]	0	0	
1085	18.101	0.017	0	3.0	416	6.937	[ 5.25830321 17.25830321]	0	0	
1086	18.117	0.016	0	3.0	417	6.953	[ 5.37615434 17.37615434]	0	0	
1087	18.134	0.017	0	3.0	418	6.97	[ 5.49400547 17.49400547]	0	0	
1088	18.151	0.017	0	3.0	419	6.987	[ 5.6118566 17.6118566]	0	0	
1089	18.167	0.017	0	3.0	420	7.004	[ 5.72970773 17.72970773]	0	0	
1090	18.184	0.017	0	3.0	421	7.02	[ 5.84755886 17.84755886]	0	0	
1091	18.201	0.017	0	3.0	422	7.037	[ 5.96540999 17.96540999]	0	0	
1092	18.217	0.017	0	3.0	423	7.054	[ 6.08326112 18.08326112]	0	0	
1093	18.234	0.017	0	3.0	424	7.07	[ 6.20111225 18.20111225]	0	0	
1094	18.25	0.016	0	3.0	425	7.087	[ 6.31896338 18.31896338]	0	0	
1095	18.267	0.017	0	3.0	426	7.104	[ 6.43681451 18.43681451]	0	0	
1096	18.285	0.018	0	3.0	427	7.122	[ 6.55466564 18.55466564]	0	0	
1097	18.319	0.033	0	3.0	428	7.155	[ 6.67251677 18.67251677]	0	0	
1098	18.334	0.015	0	3.0	429	7.17	[ 6.7903679 18.7903679]	0	0	
1099	18.349	0.016	0	3.0	430	7.186	[ 6.90821903 18.90821903]	0	0	
1100	18.368	0.018	0	3.0	431	7.204	[ 7.02607016 19.02607016]	0	0	
1101	18.384	0.016	0	3.0	432	7.22	[ 7.14392129 19.14392129]	0	0	
1102	18.4	0.017	0	3.0	433	7.237	[ 7.26177242 19.26177242]	0	0	
1103	18.418	0.017	0	3.0	434	7.254	[ 7.37962355 19.37962355]	0	0	
1104	18.433	0.016	0	3.0	435	7.27	[ 7.49747468 19.49747468]	0	0	
1105	18.453	0.019	0	3.0	436	7.289	[ 7.61532581 19.61532581]	0	0	
1106	18.469	0.016	0	3.0	437	7.305	[ 7.73317694 19.73317694]	0	0	
1107	18.486	0.017	0	3.0	438	7.322	[ 7.85102807 19.85102807]	0	0	
1108	18.502	0.016	0	3.0	439	7.338	[ 7.9688792 19.9688792]	0	0	
1109	18.519	0.017	0	3.0	440	7.355	[ 8.08673033 20.08673033]	0	0	
1110	18.537	0.018	0	3.0	441	7.373	[ 8.20458146 20.20458146]	0	0	
1111	18.552	0.015	0	3.0	442	7.389	[ 8.32243259 20.32243259]	0	0	
1112	18.569	0.017	0	3.0	443	7.405	[ 8.44028372 20.44028372]	0	0	
1113	18.586	0.017	0	3.0	444	7.422	[ 8.55813485 20.55813485]	0	0	
1114	18.602	0.016	0	3.0	445	7.439	[ 8.67598599 20.67598599]	0	0	
1115	18.618	0.016	0	3.0	446	7.455	[ 8.79383712 20.79383712]	0	0	
1116	18.636	0.018	0	3.0	447	7.473	[ 8.91168825 20.91168825]	0	0	
1117	18.652	0.015	0	3.0	448	7.488	[ 9.02953938 21.02953938]	0	0	
1118	18.668	0.016	0	3.0	449	7.505	[ 9.14739051 21.14739051]	0	0	
1119	18.686	0.017	0	3.0	450	7.522	[ 9.26524164 21.26524164]	0	0	
1120	18.702	0.016	0	3.0	451	7.539	[ 9.38309277 21.38309277]	0	0	
1121	18.719	0.017	0	3.0	452	7.555	[ 9.5009439 21.5009439]	0	0	
1122	18.735	0.016	0	3.0	453	7.572	[ 9.61879503 21.61879503]	0	0	
1123	18.753	0.018	0	3.0	454	7.589	[ 9.73664616 21.73664616]	0	0	
1124	18.769	0.016	0	3.0	455	7.605	[ 9.85449729 21.85449729]	0	0	
1125	18.786	0.017	0	3.0	456	7.622	[ 9.97234842 21.97234842]	0	0	
1126	18.803	0.017	0	3.0	457	7.639	[10.09019955 22.09019955]	0	0	
1127	18.819	0.016	0	3.0	458	7.655	[10.20805068 22.20805068]	0	0	
1128	18.836	0.017	0	3.0	459	7.672	[10.32590181 22.32590181]	0	0	
1129	18.852	0.016	0	3.0	460	7.688	[10.44375294 22.44375294]	0	0	
1130	18.869	0.017	0	3.0	461	7.705	[10.56160407 22.56160407]	0	0	
1131	18.886	0.017	0	3.0	462	7.722	[10.6794552 22.6794552]	0	0	
1132	18.901	0.015	0	3.0	463	7.738	[10.79730633 22.79730633]	0	0	
1133	18.919	0.018	0	3.0	464	7.756	[10.91515746 22.91515746]	0	0	
1134	18.937	0.018	0	3.0	465	7.774	[11.03300859 23.03300859]	0	0	
1135	18.952	0.015	0	3.0	466	7.789	[11.15085972 23.15085972]	0	0	
1136	18.97	0.017	0	3.0	467	7.806	[11.26871085 23.26871085]	0	0	
1137	18.986	0.016	0	3.0	468	7.822	[11.38656198 23.38656198]	0	0	
1138	19.002	0.016	0	3.0	469	7.838	[11.50441311 23.50441311]	0	0	
1139	19.019	0.017	0	3.0	470	7.856	[11.62226424 23.62226424]	0	0	
1140	19.036	0.016	0	3.0	471	7.872	[11.74011537 23.74011537]	0	0	
1141	19.052	0.017	0	3.0	472	7.889	[11.8579665 23.8579665]	0	0	
1142	19.069	0.017	0	3.0	473	7.905	[11.97581763 23.97581763]	0	0	
1143	19.086	0.017	0	3.0	474	7.923	[12.09366876 24.09366876]	0	0	
1144	19.103	0.016	0	3.0	475	7.939	[12.21151989 24.21151989]	0	0	
1145	19.119	0.017	0	3.0	476	7.956	[12.32937102 24.32937102]	0	0	
1146	19.136	0.017	0	3.0	477	7.972	[12.44722215 24.44722215]	0	0	
1147	19.153	0.017	0	3.0	478	7.989	[12.56507328 24.56507328]	0	0	
1148	19.169	0.016	0	3.0	479	8.006	[12.68292441 24.68292441]	0	0	
1149	19.186	0.017	0	3.0	480	8.022	[12.80077554 24.80077554]	0	0	
1150	19.203	0.017	0	3.0	481	8.039	[12.91862667 24.91862667]	0	0	
1151	19.219	0.017	0	3.0	482	8.056	[13.0364778 25.0364778]	0	0	
1152	19.236	0.017	0	3.0	483	8.073	[13.15432893 25.15432893]	0	0	
1153	19.253	0.017	0	3.0	484	8.089	[13.27218006 25.27218006]	0	0	
1154	19.27	0.017	0	3.0	485	8.106	[13.39003119 25.39003119]	0	0	
1155	19.286	0.017	0	3.0	486	8.123	[13.50788232 25.50788232]	0	0	
1156	19.303	0.017	0	3.0	487	8.139	[13.62573345 25.62573345]	0	0	
1157	19.32	0.017	0	3.0	488	8.156	[13.74358458 25.74358458]	0	0	
1158	19.336	0.017	0	3.0	489	8.172	[13.86143571 25.86143571]	0	0	
1159	19.353	0.017	0	3.0	490	8.189	[13.97928684 25.97928684]	0	0	
1160	19.37	0.017	0	3.0	491	8.206	[14.09713797 26.09713797]	0	0	
1161	19.386	0.017	0	3.0	492	8.222	[14.2149891 26.2149891]	0	0	
1162	19.403	0.017	0	3.0	493	8.239	[14.33284023 26.33284023]	0	0	
1163	19.42	0.017	0	3.0	494	8.256	[14.45069136 26.45069136]	0	0	
1164	19.436	0.016	0	3.0	495	8.273	[14.56854249 26.56854249]	0	0	
1165	19.453	0.017	0	3.0	496	8.29	[14.68639363 26.68639363]	0	0	
1166	19.47	0.016	0	3.0	497	8.306	[14.80424476 26.80424476]	0	0	
1167	19.486	0.017	0	3.0	498	8.323	[14.92209589 26.92209589]	0	0	
1168	19.503	0.017	0	3.0	499	8.339	[15.03994702 27.03994702]	0	0	
1169	19.52	0.017	0	3.0	500	8.356	[15.15779815 27.15779815]	0	0	
1170	19.536	0.017	0	3.0	501	8.373	[15.27564928 27.27564928]	0	0	
1171	19.553	0.017	0	3.0	502	8.389	[15.39350041 27.39350041]	0	0	
1172	19.57	0.017	0	3.0	503	8.406	[15.51135154 27.51135154]	0	0	
1173	19.586	0.017	0	3.0	504	8.423	[15.62920267 27.62920267]	0	0	
1174	19.603	0.017	0	3.0	505	8.439	[15.7470538 27.7470538]	0	0	
1175	19.619	0.016	0	3.0	506	8.456	[15.86490493 27.86490493]	0	0	
1176	19.636	0.017	0	3.0	507	8.472	[15.98275606 27.98275606]	0	0	
1177	19.653	0.017	0	3.0	508	8.489	[16.10060719 28.10060719]	0	0	
1178	19.67	0.017	0	3.0	509	8.506	[16.21845832 28.21845832]	0	0	
1179	19.686	0.017	0	3.0	510	8.523	[16.33630945 28.33630945]	0	0	
1180	19.703	0.017	0	3.0	511	8.539	[16.45416058 28.45416058]	0	0	
1181	19.72	0.017	0	3.0	512	8.556	[16.57201171 28.57201171]	0	0	
1182	19.736	0.017	0	3.0	513	8.573	[16.68986284 28.68986284]	0	0	
1183	19.753	0.017	0	3.0	514	8.589	[16.80771397 28.80771397]	0	0	
1184	19.77	0.017	0	3.0	515	8.606	[16.9255651 28.9255651]	0	0	
1185	19.786	0.016	0	3.0	516	8.622	[17.04341623 29.04341623]	0	0	
1186	19.803	0.018	0	3.0	517	8.64	[17.16126736 29.16126736]	0	0	
1187	19.819	0.016	0	3.0	518	8.655	[17.27911849 29.27911849]	0	0	
1188	19.836	0.017	0	3.0	519	8.672	[17.39696962 29.39696962]	0	0	
1189	19.853	0.017	0	3.0	520	8.689	[17.51482075 29.51482075]	0	0	
1190	19.869	0.017	0	3.0	521	8.705	[17.63267188 29.63267188]	0	0	
1191	19.887	0.018	0	3.0	522	8.723	[17.75052301 29.75052301]	0	0	
1192	19.902	0.016	0	3.0	523	8.739	[17.86837414 29.86837414]	0	0	
1193	19.92	0.017	0	3.0	524	8.756	[17.98622527 29.98622527]	0	0	
1194	19.936	0.016	0	3.0	525	8.772	[18.1040764 30.1040764]	0	0	
1195	19.953	0.017	0	3.0	526	8.789	[18.22192753 30.22192753]	0	0	
1196	19.969	0.016	0	3.0	527	8.805	[18.33977866 30.33977866]	0	0	
1197	19.987	0.018	0	3.0	528	8.823	[18.45762979 30.45762979]	0	0	
1198	20.003	0.016	0	3.0	529	8.84	[18.57548092 30.57548092]	0	0	
1199	20.02	0.017	0	3.0	530	8.856	[18.69333205 30.69333205]	0	0	
1200	20.036	0.016	0	3.0	531	8.872	[18.81118318 30.81118318]	0	0	
1201	20.053	0.017	0	3.0	532	8.89	[18.92903431 30.92903431]	0	0	
1202	20.069	0.016	0	3.0	533	8.905	[19.04688544 31.04688544]	0	0	
1203	20.086	0.017	0	3.0	534	8.923	[19.16473657 31.16473657]	0	0	
1204	20.103	0.017	0	3.0	535	8.939	[19.2825877 31.2825877]	0	0	
1205	20.119	0.016	0	3.0	536	8.956	[19.40043883 31.40043883]	0	0	
1206	20.137	0.018	0	3.0	537	8.973	[19.51828996 31.51828996]	0	0	
1207	20.153	0.016	0	3.0	538	8.989	[19.63614109 31.63614109]	0	0	
1208	20.17	0.017	0	3.0	539	9.006	[19.75399222 31.75399222]	0	0	
1209	20.187	0.017	0	3.0	540	9.023	[19.87184335 31.87184335]	0	0	
1210	20.203	0.016	0	3.0	541	9.039	[19.98969448 31.98969448]	0	0	
1211	20.219	0.016	0	3.0	542	9.056	[20.10754561 32.10754561]	0	0	
1212	20.237	0.017	0	3.0	543	9.073	[20.22539674 32.22539674]	0	0	
1213	20.253	0.017	0	3.0	544	9.09	[20.34324787 32.34324787]	0	0	
1214	20.269	0.016	0	3.0	545	9.106	[20.461099 32.461099]	0	0	
1215	20.286	0.016	0	3.0	546	9.122	[20.57895014 32.57895014]	0	0	
1216	20.304	0.018	0	3.0	547	9.14	[20.69680127 32.69680127]	0	0	
1217	20.319	0.016	0	3.0	548	9.156	[20.8146524 32.8146524]	0	0	
1218	20.337	0.018	0	3.0	549	9.173	[20.93250353 32.93250353]	0	0	
1219	20.353	0.016	0	3.0	550	9.19	[21.05035466 33.05035466]	0	0	
1220	20.37	0.017	0	3.0	551	9.206	[21.16820579 33.16820579]	0	0	
1221	20.386	0.016	0	3.0	552	9.223	[21.28605692 33.28605692]	0	0	
1222	20.404	0.017	0	3.0	553	9.24	[21.40390805 33.40390805]	0	0	
1223	20.42	0.016	0	3.0	554	9.256	[21.52175918 33.52175918]	0	0	
1224	20.437	0.017	0	3.0	555	9.273	[21.63961031 33.63961031]	0	0	
1225	20.454	0.017	0	3.0	556	9.29	[21.75746144 33.75746144]	0	0	
1226	20.47	0.016	0	3.0	557	9.306	[21.87531257 33.87531257]	0	0	
1227	20.487	0.017	0	3.0	558	9.323	[21.9931637 33.9931637]	0	0	
1228	20.503	0.016	0	3.0	559	9.339	[22.11101483 34.11101483]	0	0	
1229	20.52	0.017	0	3.0	560	9.356	[22.22886596 34.22886596]	0	0	
1230	20.536	0.016	0	3.0	561	9.372	[22.34671709 34.34671709]	0	0	
1231	20.553	0.017	0	3.0	562	9.39	[22.46456822 34.46456822]	0	0	
1232	20.57	0.016	0	3.0	563	9.406	[22.58241935 34.58241935]	0	0	
1233	20.586	0.017	0	3.0	564	9.423	[22.70027048 34.70027048]	0	0	
1234	20.603	0.017	0	3.0	565	9.439	[22.81812161 34.81812161]	0	0	
1235	20.619	0.016	0	3.0	566	9.456	[22.93597274 34.93597274]	0	0	
1236	20.637	0.017	0	3.0	567	9.473	[23.05382387 35.05382387]	0	0	
1237	20.653	0.016	0	3.0	568	9.489	[23.171675 35.171675]	0	0	
1238	20.67	0.017	0	3.0	569	9.506	[23.28952613 35.28952613]	0	0	
1239	20.686	0.017	0	3.0	570	9.523	[23.40737726 35.40737726]	0	0	
1240	20.703	0.016	0	3.0	571	9.539	[23.52522839 35.52522839]	0	0	
1241	20.72	0.017	0	3.0	572	9.556	[23.64307952 35.64307952]	0	0	
1242	20.736	0.017	0	3.0	573	9.573	[23.76093065 35.76093065]	0	0	
1243	20.753	0.016	0	3.0	574	9.589	[23.87878178 35.87878178]	0	0	
1244	20.77	0.017	0	3.0	575	9.606	[23.99663291 35.99663291]	0	0	
1245	20.786	0.017	0	3.0	576	9.623	[24.11448404 36.11448404]	0	0	
1246	20.804	0.017	0	3.0	577	9.64	[24.23233517 36.23233517]	0	0	
1247	20.82	0.016	0	3.0	578	9.656	[24.3501863 36.3501863]	0	0	
1248	20.837	0.017	0	3.0	579	9.673	[24.46803743 36.46803743]	0	0	
1249	20.853	0.016	0	3.0	580	9.689	[24.58588856 36.58588856]	0	0	
1250	20.87	0.017	0	3.0	581	9.706	[24.70373969 36.70373969]	0	0	
1251	20.887	0.017	0	3.0	582	9.723	[24.82159082 36.82159082]	0	0	
1252	20.904	0.017	0	3.0	583	9.74	[24.93944195 36.93944195]	0	0	
1253	20.92	0.016	0	3.0	584	9.756	[25.05729308 37.05729308]	0	0	
1254	20.937	0.017	0	3.0	585	9.773	[25.17514421 37.17514421]	0	0	
1255	20.953	0.016	0	3.0	586	9.789	[25.29299534 37.29299534]	0	0	
1256	20.97	0.017	0	3.0	587	9.806	[25.41084647 37.41084647]	0	0	
1257	20.987	0.017	0	3.0	588	9.823	[25.5286976 37.5286976]	0	0	
1258	21.004	0.017	0	3.0	589	9.84	[25.64654873 37.64654873]	0	0	
1259	21.02	0.017	0	3.0	590	9.857	[25.76439986 37.76439986]	0	0	
1260	21.037	0.017	0	3.0	591	9.873	[25.88225099 37.88225099]	0	0	
1261	21.054	0.017	0	3.0	592	9.89	[26.00010212 38.00010212]	0	0	
1262	21.07	0.017	0	3.0	593	9.907	[26.11795325 38.11795325]	0	0	
1263	21.087	0.017	0	3.0	594	9.923	[26.23580438 38.23580438]	0	0	
1264	21.104	0.016	0	3.0	595	9.94	[26.35365551 38.35365551]	0	0	
1265	21.12	0.017	0	3.0	596	9.957	[26.47150664 38.47150664]	0	0	
1266	21.137	0.016	0	3.0	597	9.973	[26.58935778 38.58935778]	0	0	
1267	21.154	0.017	0	3.0	598	9.991	[26.70720891 38.70720891]	0	0	
1268	21.17	0.016	0	3.0	599	10.007	[26.82506004 38.82506004]	0	0	
1269	21.187	0.017	0	3.0	600	10.024	[26.94291117 38.94291117]	0	0	
1270	21.204	0.016	0	3.0	601	10.04	[27.0607623 39.0607623]	0	0	
1271	21.22	0.017	0	3.0	602	10.057	[27.17861343 39.17861343]	0	0	
1272	21.237	0.017	0	3.0	603	10.073	[27.29646456 39.29646456]	0	0	
1273	21.253	0.016	0	3.0	604	10.089	[27.41431569 39.41431569]	0	0	
1274	21.27	0.017	0	3.0	605	10.106	[27.53216682 39.53216682]	0	0	
1275	21.286	0.017	0	3.0	606	10.123	[27.65001795 39.65001795]	0	0	
1276	21.304	0.017	0	3.0	607	10.14	[27.76786908 39.76786908]	0	0	
1277	21.32	0.016	0	3.0	608	10.156	[27.88572021 39.88572021]	0	0	
1278	21.337	0.017	0	3.0	609	10.174	[28.00357134 40.00357134]	0	0	
1279	21.354	0.016	0	3.0	610	10.19	[28.12142247 40.12142247]	0	0	
1280	21.371	0.017	0	3.0	611	10.207	[28.2392736 40.2392736]	0	0	
1281	21.387	0.017	0	3.0	612	10.224	[28.35712473 40.35712473]	0	0	
1282	21.404	0.017	0	3.0	613	10.24	[28.47497586 40.47497586]	0	0	
1283	21.42	0.017	0	3.0	614	10.257	[28.59282699 40.59282699]	0	0	
1284	21.437	0.017	0	3.0	615	10.274	[28.71067812 40.71067812]	0	0	
1285	21.454	0.017	0	3.0	616	10.29	[28.82852925 40.82852925]	0	0	
1286	21.471	0.017	0	3.0	617	10.307	[28.94638038 40.94638038]	0	0	
1287	21.487	0.017	0	3.0	618	10.323	[29.06423151 41.06423151]	0	0	
1288	21.504	0.017	0	3.0	619	10.34	[29.18208264 41.18208264]	0	0	
1289	21.521	0.017	0	3.0	620	10.357	[29.29993377 41.29993377]	0	0	
1290	21.537	0.017	0	3.0	621	10.374	[29.4177849 41.4177849]	0	0	
1291	21.554	0.017	0	3.0	622	10.39	[29.53563603 41.53563603]	0	0	
1292	21.571	0.017	0	3.0	623	10.407	[29.65348716 41.65348716]	0	0	
1293	21.587	0.016	0	3.0	624	10.423	[29.77133829 41.77133829]	0	0	
1294	21.604	0.017	0	3.0	625	10.44	[29.88918942 41.88918942]	0	0	
1295	21.62	0.016	0	3.0	626	10.457	[30.00704055 42.00704055]	0	0	
1296	21.637	0.017	0	3.0	627	10.473	[30.12489168 42.12489168]	0	0	
1297	21.654	0.017	0	3.0	628	10.49	[30.24274281 42.24274281]	0	0	
1298	21.67	0.017	0	3.0	629	10.507	[30.36059394 42.36059394]	0	0	
1299	21.687	0.017	0	3.0	630	10.523	[30.47844507 42.47844507]	0	0	
1300	21.704	0.017	0	3.0	631	10.54	[30.5962962 42.5962962]	0	0	
1301	21.721	0.017	0	3.0	632	10.557	[30.71414733 42.71414733]	0	0	
1302	21.737	0.016	0	3.0	633	10.573	[30.83199846 42.83199846]	0	0	
1303	21.754	0.017	0	3.0	634	10.591	[30.94984959 42.94984959]	0	0	
1304	21.771	0.016	0	3.0	635	10.607	[31.06770072 43.06770072]	0	0	
1305	21.787	0.017	0	3.0	636	10.624	[31.18555185 43.18555185]	0	0	
1306	21.804	0.016	0	3.0	637	10.64	[31.30340298 43.30340298]	0	0	
1307	21.82	0.017	0	3.0	638	10.657	[31.42125411 43.42125411]	0	0	
1308	21.837	0.017	0	3.0	639	10.674	[31.53910524 43.53910524]	0	0	
1309	21.854	0.016	0	3.0	640	10.69	[31.65695637 43.65695637]	0	0	
1310	21.87	0.017	0	3.0	641	10.707	[31.7748075 43.7748075]	0	0	
1311	21.887	0.017	0	3.0	642	10.723	[31.89265863 43.89265863]	0	0	
1312	21.904	0.017	0	3.0	643	10.74	[32.01050976 44.01050976]	0	0	
1313	21.92	0.016	0	3.0	644	10.757	[32.12836089 44.12836089]	0	0	
1314	21.937	0.017	0	3.0	645	10.773	[32.24621202 44.24621202]	0	0	
1315	21.954	0.016	0	3.0	646	10.79	[32.36406315 44.36406315]	0	0	
1316	21.97	0.017	0	3.0	647	10.807	[32.48191428 44.48191428]	0	0	
1317	21.987	0.017	0	3.0	648	10.824	[32.48191428 44.48191428]	0	0	
