sample_num	sample_time	sampling_interval	imaging_frame	frame_time	stimulus_epoch	stim_frame	epoch_time	stim_info1	stim_info2	stim_info3	
1	0.013	0.013	0	1.0	1	0.013	0	0	0	
2	0.028	0.015	0	1.0	2	0.028	0	0	0	
3	0.045	0.017	0	1.0	3	0.046	0	0	0	
4	0.062	0.016	0	1.0	4	0.062	0	0	0	
5	0.079	0.017	0	1.0	5	0.079	0	0	0	
6	0.095	0.016	0	1.0	6	0.095	0	0	0	
7	0.112	0.017	0	1.0	7	0.112	0	0	0	
8	0.129	0.017	0	1.0	8	0.129	0	0	0	
9	0.145	0.017	0	1.0	9	0.145	0	0	0	
10	0.162	0.017	0	1.0	10	0.162	0	0	0	
11	0.18	0.018	0	1.0	11	0.18	0	0	0	
12	0.195	0.015	0	1.0	12	0.195	0	0	0	
13	0.212	0.018	0	1.0	13	0.212	0	0	0	
14	0.228	0.016	0	1.0	14	0.228	0	0	0	
15	0.246	0.018	0	1.0	15	0.246	0	0	0	
16	0.262	0.016	0	1.0	16	0.262	0	0	0	
17	0.279	0.017	0	1.0	17	0.279	0	0	0	
18	0.295	0.016	0	1.0	18	0.295	0	0	0	
19	0.312	0.017	0	1.0	19	0.312	0	0	0	
20	0.329	0.017	0	1.0	20	0.329	0	0	0	
21	0.345	0.016	0	1.0	21	0.345	0	0	0	
22	0.362	0.017	0	1.0	22	0.362	0	0	0	
23	0.379	0.017	0	1.0	23	0.379	0	0	0	
24	0.396	0.017	0	1.0	24	0.396	0	0	0	
25	0.412	0.016	0	1.0	25	0.412	0	0	0	
26	0.429	0.017	0	1.0	26	0.429	0	0	0	
27	0.445	0.016	0	1.0	27	0.445	0	0	0	
28	0.462	0.017	0	1.0	28	0.462	0	0	0	
29	0.479	0.017	0	1.0	29	0.479	0	0	0	
30	0.496	0.017	0	1.0	30	0.496	0	0	0	
31	0.512	0.016	0	1.0	31	0.512	0	0	0	
32	0.529	0.017	0	1.0	32	0.529	0	0	0	
33	0.546	0.018	0	1.0	33	0.546	0	0	0	
34	0.562	0.016	0	1.0	34	0.562	0	0	0	
35	0.579	0.017	0	1.0	35	0.579	0	0	0	
36	0.595	0.017	0	1.0	36	0.596	0	0	0	
37	0.612	0.017	0	1.0	37	0.612	0	0	0	
38	0.63	0.018	0	1.0	38	0.63	0	0	0	
39	0.645	0.015	0	1.0	39	0.645	0	0	0	
40	0.662	0.017	0	1.0	40	0.662	0	0	0	
41	0.679	0.017	0	1.0	41	0.679	0	0	0	
42	0.696	0.017	0	1.0	42	0.696	0	0	0	
43	0.712	0.016	0	1.0	43	0.712	0	0	0	
44	0.729	0.017	0	1.0	44	0.729	0	0	0	
45	0.746	0.017	0	1.0	45	0.746	0	0	0	
46	0.762	0.016	0	1.0	46	0.762	0	0	0	
47	0.779	0.017	0	1.0	47	0.779	0	0	0	
48	0.796	0.017	0	1.0	48	0.796	0	0	0	
49	0.812	0.016	0	1.0	49	0.812	0	0	0	
50	0.829	0.017	0	1.0	50	0.829	0	0	0	
51	0.846	0.017	0	1.0	51	0.846	0	0	0	
52	0.862	0.016	0	1.0	52	0.862	0	0	0	
53	0.879	0.017	0	1.0	53	0.879	0	0	0	
54	0.896	0.017	0	1.0	54	0.896	0	0	0	
55	0.912	0.016	0	1.0	55	0.912	0	0	0	
56	0.93	0.018	0	1.0	56	0.93	0	0	0	
57	0.946	0.016	0	1.0	57	0.946	0	0	0	
58	0.963	0.017	0	1.0	58	0.963	0	0	0	
59	0.979	0.016	0	1.0	59	0.979	0	0	0	
60	0.996	0.017	0	1.0	60	0.996	0	0	0	
61	1.013	0.018	0	1.0	61	1.013	0	0	0	
62	1.029	0.015	0	1.0	62	1.029	0	0	0	
63	1.047	0.018	0	1.0	63	1.047	0	0	0	
64	1.063	0.017	0	1.0	64	1.063	0	0	0	
65	1.079	0.016	0	1.0	65	1.079	0	0	0	
66	1.096	0.017	0	1.0	66	1.096	0	0	0	
67	1.112	0.017	0	1.0	67	1.112	0	0	0	
68	1.129	0.017	0	1.0	68	1.129	0	0	0	
69	1.146	0.017	0	1.0	69	1.146	0	0	0	
70	1.162	0.016	0	1.0	70	1.162	0	0	0	
71	1.179	0.017	0	1.0	71	1.179	0	0	0	
72	1.196	0.017	0	1.0	72	1.196	0	0	0	
73	1.213	0.017	0	1.0	73	1.213	0	0	0	
74	1.23	0.017	0	1.0	74	1.23	0	0	0	
75	1.245	0.015	0	1.0	75	1.245	0	0	0	
76	1.263	0.018	0	1.0	76	1.263	0	0	0	
77	1.279	0.016	0	1.0	77	1.279	0	0	0	
78	1.296	0.017	0	1.0	78	1.296	0	0	0	
79	1.314	0.018	0	1.0	79	1.314	0	0	0	
80	1.329	0.015	0	1.0	80	1.329	0	0	0	
81	1.346	0.017	0	1.0	81	1.346	0	0	0	
82	1.363	0.017	0	1.0	82	1.363	0	0	0	
83	1.379	0.017	0	1.0	83	1.379	0	0	0	
84	1.396	0.017	0	1.0	84	1.396	0	0	0	
85	1.413	0.017	0	1.0	85	1.413	0	0	0	
86	1.43	0.017	0	1.0	86	1.43	0	0	0	
87	1.446	0.016	0	1.0	87	1.446	0	0	0	
88	1.463	0.017	0	1.0	88	1.463	0	0	0	
89	1.479	0.016	0	1.0	89	1.479	0	0	0	
90	1.496	0.017	0	1.0	90	1.496	0	0	0	
91	1.513	0.017	0	1.0	91	1.513	0	0	0	
92	1.529	0.016	0	1.0	92	1.529	0	0	0	
93	1.546	0.017	0	1.0	93	1.546	0	0	0	
94	1.563	0.017	0	1.0	94	1.563	0	0	0	
95	1.579	0.016	0	1.0	95	1.579	0	0	0	
96	1.596	0.017	0	1.0	96	1.596	0	0	0	
97	1.613	0.017	0	1.0	97	1.613	0	0	0	
98	1.629	0.017	0	1.0	98	1.629	0	0	0	
99	1.646	0.016	0	1.0	99	1.646	0	0	0	
100	1.663	0.017	0	1.0	100	1.663	0	0	0	
101	1.68	0.017	0	1.0	101	1.68	0	0	0	
102	1.696	0.016	0	1.0	102	1.696	0	0	0	
103	1.714	0.019	0	1.0	103	1.714	0	0	0	
104	1.731	0.016	0	1.0	104	1.731	0	0	0	
105	1.748	0.017	0	1.0	105	1.748	0	0	0	
106	1.764	0.017	0	1.0	106	1.764	0	0	0	
107	1.781	0.017	0	1.0	107	1.781	0	0	0	
108	1.798	0.017	0	1.0	108	1.798	0	0	0	
109	1.815	0.017	0	1.0	109	1.815	0	0	0	
110	1.831	0.017	0	1.0	110	1.831	0	0	0	
111	1.847	0.016	0	1.0	111	1.847	0	0	0	
112	1.865	0.018	0	1.0	112	1.865	0	0	0	
113	1.881	0.016	0	1.0	113	1.881	0	0	0	
114	1.898	0.017	0	1.0	114	1.898	0	0	0	
115	1.915	0.017	0	1.0	115	1.915	0	0	0	
116	1.931	0.016	0	1.0	116	1.931	0	0	0	
117	1.948	0.016	0	1.0	117	1.948	0	0	0	
118	1.965	0.017	0	1.0	118	1.965	0	0	0	
119	1.981	0.016	0	1.0	119	1.981	0	0	0	
120	1.998	0.017	0	1.0	120	1.998	0	0	0	
121	2.015	0.017	0	1.0	121	2.015	0	0	0	
122	2.031	0.016	0	3.0	1	0.016	0.0	0	0	
123	2.049	0.018	0	3.0	2	0.034	0.0	0	0	
124	2.065	0.016	0	3.0	3	0.05	0.0	0	0	
125	2.081	0.017	0	3.0	4	0.066	0.0	0	0	
126	2.098	0.017	0	3.0	5	0.083	0.0	0	0	
127	2.115	0.017	0	3.0	6	0.1	0.0	0	0	
128	2.132	0.017	0	3.0	7	0.116	0.0	0	0	
129	2.148	0.017	0	3.0	8	0.133	0.0	0	0	
130	2.165	0.017	0	3.0	9	0.15	0.0	0	0	
131	2.182	0.017	0	3.0	10	0.166	0.0	0	0	
132	2.198	0.017	0	3.0	11	0.183	0.0	0	0	
133	2.215	0.017	0	3.0	12	0.2	0.0	0	0	
134	2.231	0.016	0	3.0	13	0.216	0.0	0	0	
135	2.248	0.017	0	3.0	14	0.233	0.0	0	0	
136	2.265	0.017	0	3.0	15	0.25	0.0	0	0	
137	2.282	0.017	0	3.0	16	0.266	0.0	0	0	
138	2.298	0.017	0	3.0	17	0.283	0.0	0	0	
139	2.315	0.017	0	3.0	18	0.3	0.0	0	0	
140	2.331	0.016	0	3.0	19	0.316	0.0	0	0	
141	2.348	0.017	0	3.0	20	0.333	0.0	0	0	
142	2.365	0.017	0	3.0	21	0.35	0.0	0	0	
143	2.381	0.016	0	3.0	22	0.366	0.0	0	0	
144	2.398	0.017	0	3.0	23	0.383	0.0	0	0	
145	2.415	0.017	0	3.0	24	0.4	0.0	0	0	
146	2.431	0.016	0	3.0	25	0.416	0.0	0	0	
147	2.448	0.017	0	3.0	26	0.433	0.0	0	0	
148	2.465	0.017	0	3.0	27	0.45	0.0	0	0	
149	2.481	0.016	0	3.0	28	0.466	0.0	0	0	
150	2.498	0.017	0	3.0	29	0.483	0.0	0	0	
151	2.515	0.017	0	3.0	30	0.5	0.0	0	0	
152	2.532	0.017	0	3.0	31	0.516	0.0	0	0	
153	2.549	0.017	0	3.0	32	0.533	0.0	0	0	
154	2.565	0.016	0	3.0	33	0.55	0.0	0	0	
155	2.581	0.016	0	3.0	34	0.566	0.0	0	0	
156	2.598	0.017	0	3.0	35	0.583	0.0	0	0	
157	2.615	0.017	0	3.0	36	0.6	0.0	0	0	
158	2.632	0.016	0	3.0	37	0.617	0.0	0	0	
159	2.648	0.017	0	3.0	38	0.633	0.0	0	0	
160	2.665	0.017	0	3.0	39	0.65	0.0	0	0	
161	2.682	0.017	0	3.0	40	0.667	0.0	0	0	
162	2.698	0.017	0	3.0	41	0.683	0.0	0	0	
163	2.715	0.017	0	3.0	42	0.7	0.0	0	0	
164	2.732	0.017	0	3.0	43	0.717	0.0	0	0	
165	2.748	0.017	0	3.0	44	0.733	0.0	0	0	
166	2.765	0.017	0	3.0	45	0.75	0.0	0	0	
167	2.781	0.016	0	3.0	46	0.766	0.0	0	0	
168	2.798	0.017	0	3.0	47	0.783	0.0	0	0	
169	2.815	0.017	0	3.0	48	0.8	0.0	0	0	
170	2.832	0.017	0	3.0	49	0.817	0.0	0	0	
171	2.848	0.017	0	3.0	50	0.833	0.0	0	0	
172	2.865	0.017	0	3.0	51	0.85	0.0	0	0	
173	2.882	0.017	0	3.0	52	0.867	0.0	0	0	
174	2.899	0.017	0	3.0	53	0.883	0.0	0	0	
175	2.915	0.017	0	3.0	54	0.9	0.0	0	0	
176	2.931	0.016	0	3.0	55	0.916	0.0	0	0	
177	2.948	0.017	0	3.0	56	0.933	0.0	0	0	
178	2.965	0.017	0	3.0	57	0.95	0.0	0	0	
179	2.982	0.017	0	3.0	58	0.967	0.0	0	0	
180	2.999	0.017	0	3.0	59	0.983	0.0	0	0	
181	3.015	0.017	0	3.0	60	1.0	0.0	0	0	
182	3.032	0.017	0	3.0	61	1.017	0.8333333333333334	0	0	
183	3.049	0.017	0	3.0	62	1.033	1.6666666666666667	0	0	
184	3.065	0.017	0	3.0	63	1.05	2.5	0	0	
185	3.082	0.017	0	3.0	64	1.067	3.3333333333333335	0	0	
186	3.099	0.017	0	3.0	65	1.084	4.166666666666667	0	0	
187	3.116	0.018	0	3.0	66	1.101	5.0	0	0	
188	3.131	0.015	0	3.0	67	1.116	5.833333333333333	0	0	
189	3.149	0.017	0	3.0	68	1.133	6.666666666666666	0	0	
190	3.165	0.017	0	3.0	69	1.15	7.499999999999999	0	0	
191	3.182	0.016	0	3.0	70	1.167	8.333333333333332	0	0	
192	3.199	0.017	0	3.0	71	1.184	9.166666666666666	0	0	
193	3.215	0.017	0	3.0	72	1.2	10.0	0	0	
194	3.232	0.017	0	3.0	73	1.217	10.833333333333334	0	0	
195	3.248	0.016	0	3.0	74	1.233	11.666666666666668	0	0	
196	3.265	0.017	0	3.0	75	1.25	12.500000000000002	0	0	
197	3.283	0.017	0	3.0	76	1.267	13.333333333333336	0	0	
198	3.298	0.016	0	3.0	77	1.283	14.16666666666667	0	0	
199	3.315	0.017	0	3.0	78	1.3	15.000000000000004	0	0	
200	3.332	0.016	0	3.0	79	1.316	15.833333333333337	0	0	
201	3.349	0.017	0	3.0	80	1.333	16.66666666666667	0	0	
202	3.366	0.017	0	3.0	81	1.35	17.500000000000004	0	0	
203	3.382	0.016	0	3.0	82	1.366	18.333333333333336	0	0	
204	3.399	0.017	0	3.0	83	1.383	19.166666666666668	0	0	
205	3.415	0.017	0	3.0	84	1.4	20.0	0	0	
206	3.432	0.017	0	3.0	85	1.417	20.833333333333332	0	0	
207	3.449	0.017	0	3.0	86	1.434	21.666666666666664	0	0	
208	3.465	0.016	0	3.0	87	1.45	22.499999999999996	0	0	
209	3.482	0.017	0	3.0	88	1.467	23.33333333333333	0	0	
210	3.498	0.016	0	3.0	89	1.483	24.16666666666666	0	0	
211	3.515	0.017	0	3.0	90	1.5	24.999999999999993	0	0	
212	3.532	0.016	0	3.0	91	1.517	25.833333333333325	0	0	
213	3.549	0.017	0	3.0	92	1.533	26.666666666666657	0	0	
214	3.565	0.016	0	3.0	93	1.55	27.49999999999999	0	0	
215	3.582	0.017	0	3.0	94	1.567	28.33333333333332	0	0	
216	3.599	0.017	0	3.0	95	1.584	29.166666666666654	0	0	
217	3.615	0.016	0	3.0	96	1.6	29.999999999999986	0	0	
218	3.632	0.017	0	3.0	97	1.617	30.833333333333318	0	0	
219	3.648	0.016	0	3.0	98	1.633	31.66666666666665	0	0	
220	3.665	0.017	0	3.0	99	1.65	32.499999999999986	0	0	
221	3.682	0.016	0	3.0	100	1.666	33.33333333333332	0	0	
222	3.699	0.018	0	3.0	101	1.684	34.16666666666666	0	0	
223	3.715	0.016	0	3.0	102	1.7	34.99999999999999	0	0	
224	3.732	0.017	0	3.0	103	1.717	35.83333333333333	0	0	
225	3.748	0.016	0	3.0	104	1.733	36.666666666666664	0	0	
226	3.765	0.017	0	3.0	105	1.75	37.5	0	0	
227	3.782	0.016	0	3.0	106	1.766	38.333333333333336	0	0	
228	3.799	0.017	0	3.0	107	1.784	39.16666666666667	0	0	
229	3.815	0.016	0	3.0	108	1.8	40.00000000000001	0	0	
230	3.832	0.017	0	3.0	109	1.817	40.83333333333334	0	0	
231	3.848	0.016	0	3.0	110	1.833	41.66666666666668	0	0	
232	3.866	0.017	0	3.0	111	1.85	42.500000000000014	0	0	
233	3.882	0.016	0	3.0	112	1.867	43.33333333333335	0	0	
234	3.899	0.017	0	3.0	113	1.884	44.166666666666686	0	0	
235	3.915	0.016	0	3.0	114	1.9	45.00000000000002	0	0	
236	3.932	0.017	0	3.0	115	1.917	45.83333333333336	0	0	
237	3.948	0.016	0	3.0	116	1.933	46.66666666666669	0	0	
238	3.965	0.017	0	3.0	117	1.95	47.50000000000003	0	0	
239	3.982	0.016	0	3.0	118	1.967	48.333333333333364	0	0	
240	3.999	0.017	0	3.0	119	1.984	49.1666666666667	0	0	
241	4.015	0.016	0	3.0	120	2.0	50.000000000000036	0	0	
242	4.032	0.017	0	3.0	121	2.017	50.83333333333337	0	0	
243	4.048	0.016	0	3.0	122	2.033	51.66666666666671	0	0	
244	4.066	0.017	0	3.0	123	2.05	52.50000000000004	0	0	
245	4.082	0.016	0	3.0	124	2.067	53.33333333333338	0	0	
246	4.099	0.017	0	3.0	125	2.084	54.166666666666714	0	0	
247	4.116	0.017	0	3.0	126	2.101	55.00000000000005	0	0	
248	4.132	0.017	0	3.0	127	2.117	55.833333333333385	0	0	
249	4.149	0.017	0	3.0	128	2.134	56.66666666666672	0	0	
250	4.166	0.017	0	3.0	129	2.15	57.50000000000006	0	0	
251	4.183	0.018	0	3.0	130	2.168	58.33333333333339	0	0	
252	4.198	0.015	0	3.0	131	2.183	59.16666666666673	0	0	
253	4.216	0.017	0	3.0	132	2.2	60.000000000000064	0	0	
254	4.232	0.016	0	3.0	133	2.217	60.8333333333334	0	0	
255	4.249	0.017	0	3.0	134	2.234	61.666666666666735	0	0	
256	4.265	0.016	0	3.0	135	2.25	62.50000000000007	0	0	
257	4.282	0.017	0	3.0	136	2.267	63.33333333333341	0	0	
258	4.299	0.016	0	3.0	137	2.283	64.16666666666674	0	0	
259	4.315	0.017	0	3.0	138	2.3	65.00000000000007	0	0	
260	4.332	0.017	0	3.0	139	2.317	65.8333333333334	0	0	
261	4.349	0.017	0	3.0	140	2.334	66.66666666666673	0	0	
262	4.365	0.016	0	3.0	141	2.35	67.50000000000006	0	0	
263	4.382	0.017	0	3.0	142	2.367	68.33333333333339	0	0	
264	4.399	0.016	0	3.0	143	2.383	69.16666666666671	0	0	
265	4.416	0.017	0	3.0	144	2.4	70.00000000000004	0	0	
266	4.432	0.016	0	3.0	145	2.417	70.83333333333337	0	0	
267	4.449	0.017	0	3.0	146	2.434	71.6666666666667	0	0	
268	4.465	0.016	0	3.0	147	2.45	72.50000000000003	0	0	
269	4.482	0.017	0	3.0	148	2.467	73.33333333333336	0	0	
270	4.499	0.016	0	3.0	149	2.483	74.16666666666669	0	0	
271	4.516	0.017	0	3.0	150	2.501	75.00000000000001	0	0	
272	4.532	0.016	0	3.0	151	2.517	75.83333333333334	0	0	
273	4.549	0.017	0	3.0	152	2.534	76.66666666666667	0	0	
274	4.565	0.016	0	3.0	153	2.55	77.5	0	0	
275	4.582	0.017	0	3.0	154	2.567	78.33333333333333	0	0	
276	4.599	0.016	0	3.0	155	2.583	79.16666666666666	0	0	
277	4.615	0.017	0	3.0	156	2.6	79.99999999999999	0	0	
278	4.632	0.017	0	3.0	157	2.617	80.83333333333331	0	0	
279	4.649	0.016	0	3.0	158	2.634	81.66666666666664	0	0	
280	4.666	0.017	0	3.0	159	2.651	82.49999999999997	0	0	
281	4.682	0.016	0	3.0	160	2.667	83.3333333333333	0	0	
282	4.699	0.017	0	3.0	161	2.684	84.16666666666663	0	0	
283	4.715	0.016	0	3.0	162	2.7	84.99999999999996	0	0	
284	4.732	0.017	0	3.0	163	2.717	85.83333333333329	0	0	
285	4.749	0.017	0	3.0	164	2.734	86.66666666666661	0	0	
286	4.765	0.016	0	3.0	165	2.75	87.49999999999994	0	0	
287	4.783	0.017	0	3.0	166	2.768	88.33333333333327	0	0	
288	4.798	0.016	0	3.0	167	2.783	89.1666666666666	0	0	
289	4.816	0.017	0	3.0	168	2.8	89.99999999999993	0	0	
290	4.832	0.016	0	3.0	169	2.817	90.83333333333326	0	0	
291	4.849	0.017	0	3.0	170	2.834	91.66666666666659	0	0	
292	4.865	0.016	0	3.0	171	2.85	92.49999999999991	0	0	
293	4.882	0.017	0	3.0	172	2.867	93.33333333333324	0	0	
294	4.899	0.016	0	3.0	173	2.884	94.16666666666657	0	0	
295	4.916	0.017	0	3.0	174	2.901	94.9999999999999	0	0	
296	4.932	0.016	0	3.0	175	2.917	95.83333333333323	0	0	
297	4.949	0.017	0	3.0	176	2.934	96.66666666666656	0	0	
298	4.965	0.016	0	3.0	177	2.95	97.49999999999989	0	0	
299	4.982	0.017	0	3.0	178	2.967	98.33333333333321	0	0	
300	4.999	0.016	0	3.0	179	2.983	99.16666666666654	0	0	
301	5.016	0.017	0	3.0	180	3.001	99.99999999999987	0	0	
302	5.032	0.016	0	3.0	181	3.017	100.8333333333332	0	0	
303	5.049	0.017	0	3.0	182	3.034	101.66666666666653	0	0	
304	5.065	0.016	0	3.0	183	3.05	102.49999999999986	0	0	
305	5.082	0.016	0	3.0	184	3.067	103.33333333333319	0	0	
306	5.099	0.017	0	3.0	185	3.084	104.16666666666652	0	0	
307	5.116	0.016	0	3.0	186	3.1	104.99999999999984	0	0	
308	5.132	0.017	0	3.0	187	3.117	105.83333333333317	0	0	
309	5.149	0.016	0	3.0	188	3.134	106.6666666666665	0	0	
310	5.166	0.017	0	3.0	189	3.151	107.49999999999983	0	0	
311	5.182	0.016	0	3.0	190	3.167	108.33333333333316	0	0	
312	5.199	0.017	0	3.0	191	3.184	109.16666666666649	0	0	
313	5.216	0.017	0	3.0	192	3.201	109.99999999999982	0	0	
314	5.233	0.017	0	3.0	193	3.217	110.83333333333314	0	0	
315	5.25	0.018	0	3.0	194	3.235	111.66666666666647	0	0	
316	5.265	0.015	0	3.0	195	3.25	112.4999999999998	0	0	
317	5.283	0.017	0	3.0	196	3.267	113.33333333333313	0	0	
318	5.299	0.016	0	3.0	197	3.284	114.16666666666646	0	0	
319	5.316	0.017	0	3.0	198	3.301	114.99999999999979	0	0	
320	5.332	0.016	0	3.0	199	3.317	115.83333333333312	0	0	
321	5.349	0.017	0	3.0	200	3.334	116.66666666666644	0	0	
322	5.366	0.017	0	3.0	201	3.351	117.49999999999977	0	0	
323	5.383	0.016	0	3.0	202	3.367	118.3333333333331	0	0	
324	5.399	0.016	0	3.0	203	3.384	119.16666666666643	0	0	
325	5.417	0.018	0	3.0	204	3.401	119.99999999999976	0	0	
326	5.432	0.015	0	3.0	205	3.417	120.83333333333309	0	0	
327	5.449	0.018	0	3.0	206	3.434	121.66666666666642	0	0	
328	5.465	0.016	0	3.0	207	3.45	122.49999999999974	0	0	
329	5.483	0.017	0	3.0	208	3.468	123.33333333333307	0	0	
330	5.499	0.016	0	3.0	209	3.484	124.1666666666664	0	0	
331	5.516	0.017	0	3.0	210	3.501	124.99999999999973	0	0	
332	5.532	0.016	0	3.0	211	3.517	125.83333333333306	0	0	
333	5.549	0.016	0	3.0	212	3.534	126.66666666666639	0	0	
334	5.566	0.017	0	3.0	213	3.551	127.49999999999972	0	0	
335	5.582	0.016	0	3.0	214	3.567	128.33333333333306	0	0	
336	5.599	0.017	0	3.0	215	3.584	129.1666666666664	0	0	
337	5.617	0.018	0	3.0	216	3.601	129.99999999999974	0	0	
338	5.632	0.015	0	3.0	217	3.617	130.8333333333331	0	0	
339	5.649	0.017	0	3.0	218	3.634	131.66666666666643	0	0	
340	5.666	0.016	0	3.0	219	3.651	132.49999999999977	0	0	
341	5.683	0.017	0	3.0	220	3.668	133.33333333333312	0	0	
342	5.699	0.016	0	3.0	221	3.684	134.16666666666646	0	0	
343	5.716	0.017	0	3.0	222	3.701	134.9999999999998	0	0	
344	5.732	0.016	0	3.0	223	3.717	135.83333333333314	0	0	
345	5.749	0.017	0	3.0	224	3.734	136.6666666666665	0	0	
346	5.766	0.017	0	3.0	225	3.751	137.49999999999983	0	0	
347	5.782	0.016	0	3.0	226	3.767	138.33333333333317	0	0	
348	5.799	0.017	0	3.0	227	3.784	139.16666666666652	0	0	
349	5.816	0.017	0	3.0	228	3.801	139.99999999999986	0	0	
350	5.833	0.017	0	3.0	229	3.818	140.8333333333332	0	0	
351	5.849	0.016	0	3.0	230	3.834	141.66666666666654	0	0	
352	5.866	0.017	0	3.0	231	3.851	142.4999999999999	0	0	
353	5.882	0.016	0	3.0	232	3.867	143.33333333333323	0	0	
354	5.9	0.018	0	3.0	233	3.885	144.16666666666657	0	0	
355	5.915	0.015	0	3.0	234	3.9	144.99999999999991	0	0	
356	5.933	0.018	0	3.0	235	3.918	145.83333333333326	0	0	
357	5.949	0.016	0	3.0	236	3.934	146.6666666666666	0	0	
358	5.966	0.017	0	3.0	237	3.951	147.49999999999994	0	0	
359	5.983	0.017	0	3.0	238	3.968	148.3333333333333	0	0	
360	5.999	0.016	0	3.0	239	3.984	149.16666666666663	0	0	
361	6.016	0.017	0	3.0	240	4.001	149.99999999999997	0	0	
362	6.033	0.017	0	3.0	241	4.018	150.83333333333331	0	0	
363	6.049	0.016	0	3.0	242	4.034	151.66666666666666	0	0	
364	6.066	0.017	0	3.0	243	4.051	152.5	0	0	
365	6.083	0.017	0	3.0	244	4.068	153.33333333333334	0	0	
366	6.099	0.016	0	3.0	245	4.084	154.16666666666669	0	0	
367	6.116	0.017	0	3.0	246	4.101	155.00000000000003	0	0	
368	6.133	0.017	0	3.0	247	4.118	155.83333333333337	0	0	
369	6.149	0.016	0	3.0	248	4.134	156.6666666666667	0	0	
370	6.166	0.017	0	3.0	249	4.151	157.50000000000006	0	0	
371	6.183	0.017	0	3.0	250	4.168	158.3333333333334	0	0	
372	6.199	0.016	0	3.0	251	4.184	159.16666666666674	0	0	
373	6.216	0.016	0	3.0	252	4.201	160.00000000000009	0	0	
374	6.233	0.017	0	3.0	253	4.217	160.83333333333343	0	0	
375	6.249	0.017	0	3.0	254	4.234	161.66666666666677	0	0	
376	6.266	0.016	0	3.0	255	4.251	162.5000000000001	0	0	
377	6.283	0.017	0	3.0	256	4.267	163.33333333333346	0	0	
378	6.3	0.018	0	3.0	257	4.285	164.1666666666668	0	0	
379	6.316	0.016	0	3.0	258	4.301	165.00000000000014	0	0	
380	6.333	0.016	0	3.0	259	4.317	165.83333333333348	0	0	
381	6.349	0.017	0	3.0	260	4.334	166.66666666666683	0	0	
382	6.366	0.017	0	3.0	261	4.351	167.50000000000017	0	0	
383	6.383	0.017	0	3.0	262	4.368	168.3333333333335	0	0	
384	6.399	0.016	0	3.0	263	4.384	169.16666666666686	0	0	
385	6.416	0.017	0	3.0	264	4.401	170.0000000000002	0	0	
386	6.433	0.017	0	3.0	265	4.417	170.83333333333354	0	0	
387	6.449	0.017	0	3.0	266	4.434	171.66666666666688	0	0	
388	6.466	0.017	0	3.0	267	4.451	172.50000000000023	0	0	
389	6.484	0.018	0	3.0	268	4.468	173.33333333333357	0	0	
390	6.499	0.015	0	3.0	269	4.484	174.1666666666669	0	0	
391	6.517	0.018	0	3.0	270	4.501	175.00000000000026	0	0	
392	6.533	0.016	0	3.0	271	4.517	175.8333333333336	0	0	
393	6.55	0.017	0	3.0	272	4.535	176.66666666666694	0	0	
394	6.566	0.016	0	3.0	273	4.551	177.50000000000028	0	0	
395	6.583	0.017	0	3.0	274	4.568	178.33333333333363	0	0	
396	6.599	0.016	0	3.0	275	4.584	179.16666666666697	0	0	
397	6.616	0.017	0	3.0	276	4.601	180.0000000000003	0	0	
398	6.633	0.017	0	3.0	277	4.618	180.83333333333366	0	0	
399	6.649	0.017	0	3.0	278	4.634	181.666666666667	0	0	
400	6.666	0.017	0	3.0	279	4.651	182.50000000000034	0	0	
401	6.683	0.016	0	3.0	280	4.668	183.33333333333368	0	0	
402	6.699	0.017	0	3.0	281	4.684	184.16666666666703	0	0	
403	6.718	0.019	0	3.0	282	4.703	185.00000000000037	0	0	
404	6.734	0.016	0	3.0	283	4.719	185.8333333333337	0	0	
405	6.751	0.017	0	3.0	284	4.736	186.66666666666706	0	0	
406	6.768	0.016	0	3.0	285	4.753	187.5000000000004	0	0	
407	6.785	0.017	0	3.0	286	4.769	188.33333333333374	0	0	
408	6.801	0.017	0	3.0	287	4.786	189.16666666666708	0	0	
409	6.818	0.017	0	3.0	288	4.803	190.00000000000043	0	0	
410	6.834	0.016	0	3.0	289	4.819	190.83333333333377	0	0	
411	6.852	0.017	0	3.0	290	4.836	191.6666666666671	0	0	
412	6.868	0.016	0	3.0	291	4.853	192.50000000000045	0	0	
413	6.885	0.017	0	3.0	292	4.869	193.3333333333338	0	0	
414	6.902	0.017	0	3.0	293	4.886	194.16666666666714	0	0	
415	6.918	0.016	0	3.0	294	4.902	195.00000000000048	0	0	
416	6.935	0.017	0	3.0	295	4.92	195.83333333333383	0	0	
417	6.951	0.016	0	3.0	296	4.936	196.66666666666717	0	0	
418	6.968	0.017	0	3.0	297	4.953	197.5000000000005	0	0	
419	6.985	0.017	0	3.0	298	4.97	198.33333333333385	0	0	
420	7.001	0.016	0	3.0	299	4.986	199.1666666666672	0	0	
421	7.018	0.017	0	3.0	300	5.003	200.00000000000054	0	0	
422	7.035	0.017	0	1.0	1	0.017	0	0	0	
423	7.051	0.016	0	1.0	2	0.033	0	0	0	
424	7.068	0.017	0	1.0	3	0.05	0	0	0	
425	7.085	0.017	0	1.0	4	0.066	0	0	0	
426	7.102	0.017	0	1.0	5	0.084	0	0	0	
427	7.118	0.016	0	1.0	6	0.1	0	0	0	
428	7.135	0.017	0	1.0	7	0.117	0	0	0	
429	7.151	0.016	0	1.0	8	0.133	0	0	0	
430	7.168	0.017	0	1.0	9	0.15	0	0	0	
431	7.184	0.017	0	1.0	10	0.166	0	0	0	
432	7.202	0.017	0	1.0	11	0.184	0	0	0	
433	7.218	0.016	0	1.0	12	0.199	0	0	0	
434	7.235	0.018	0	1.0	13	0.217	0	0	0	
435	7.251	0.016	0	1.0	14	0.233	0	0	0	
436	7.268	0.017	0	1.0	15	0.25	0	0	0	
437	7.285	0.017	0	1.0	16	0.267	0	0	0	
438	7.301	0.017	0	1.0	17	0.283	0	0	0	
439	7.318	0.017	0	1.0	18	0.3	0	0	0	
440	7.335	0.017	0	1.0	19	0.317	0	0	0	
441	7.352	0.017	0	1.0	20	0.334	0	0	0	
442	7.369	0.017	0	1.0	21	0.351	0	0	0	
443	7.385	0.017	0	1.0	22	0.367	0	0	0	
444	7.401	0.016	0	1.0	23	0.383	0	0	0	
445	7.418	0.017	0	1.0	24	0.4	0	0	0	
446	7.435	0.017	0	1.0	25	0.417	0	0	0	
447	7.451	0.016	0	1.0	26	0.433	0	0	0	
448	7.468	0.017	0	1.0	27	0.45	0	0	0	
449	7.485	0.017	0	1.0	28	0.467	0	0	0	
450	7.502	0.017	0	1.0	29	0.484	0	0	0	
451	7.518	0.016	0	1.0	30	0.5	0	0	0	
452	7.535	0.017	0	1.0	31	0.517	0	0	0	
453	7.552	0.018	0	1.0	32	0.534	0	0	0	
454	7.568	0.015	0	1.0	33	0.55	0	0	0	
455	7.585	0.017	0	1.0	34	0.567	0	0	0	
456	7.602	0.017	0	1.0	35	0.584	0	0	0	
457	7.618	0.016	0	1.0	36	0.6	0	0	0	
458	7.635	0.017	0	1.0	37	0.617	0	0	0	
459	7.652	0.017	0	1.0	38	0.634	0	0	0	
460	7.668	0.016	0	1.0	39	0.65	0	0	0	
461	7.685	0.017	0	1.0	40	0.667	0	0	0	
462	7.702	0.017	0	1.0	41	0.683	0	0	0	
463	7.718	0.017	0	1.0	42	0.7	0	0	0	
464	7.735	0.017	0	1.0	43	0.717	0	0	0	
465	7.752	0.017	0	1.0	44	0.734	0	0	0	
466	7.768	0.016	0	1.0	45	0.75	0	0	0	
467	7.785	0.017	0	1.0	46	0.767	0	0	0	
468	7.802	0.017	0	1.0	47	0.783	0	0	0	
469	7.818	0.017	0	1.0	48	0.8	0	0	0	
470	7.835	0.017	0	1.0	49	0.817	0	0	0	
471	7.852	0.017	0	1.0	50	0.833	0	0	0	
472	7.868	0.017	0	1.0	51	0.85	0	0	0	
473	7.885	0.017	0	1.0	52	0.867	0	0	0	
474	7.902	0.017	0	1.0	53	0.883	0	0	0	
475	7.918	0.017	0	1.0	54	0.9	0	0	0	
476	7.935	0.017	0	1.0	55	0.917	0	0	0	
477	7.952	0.017	0	1.0	56	0.934	0	0	0	
478	7.968	0.017	0	1.0	57	0.95	0	0	0	
479	7.985	0.016	0	1.0	58	0.967	0	0	0	
480	8.002	0.017	0	1.0	59	0.984	0	0	0	
481	8.018	0.017	0	1.0	60	1.0	0	0	0	
482	8.035	0.016	0	1.0	61	1.017	0	0	0	
483	8.052	0.017	0	1.0	62	1.034	0	0	0	
484	8.068	0.016	0	1.0	63	1.05	0	0	0	
485	8.085	0.017	0	1.0	64	1.067	0	0	0	
486	8.102	0.017	0	1.0	65	1.084	0	0	0	
487	8.118	0.017	0	1.0	66	1.1	0	0	0	
488	8.135	0.016	0	1.0	67	1.117	0	0	0	
489	8.152	0.017	0	1.0	68	1.134	0	0	0	
490	8.168	0.017	0	1.0	69	1.15	0	0	0	
491	8.185	0.017	0	1.0	70	1.167	0	0	0	
492	8.202	0.017	0	1.0	71	1.184	0	0	0	
493	8.219	0.017	0	1.0	72	1.201	0	0	0	
494	8.235	0.016	0	1.0	73	1.217	0	0	0	
495	8.252	0.017	0	1.0	74	1.234	0	0	0	
496	8.269	0.017	0	1.0	75	1.251	0	0	0	
497	8.285	0.016	0	1.0	76	1.267	0	0	0	
498	8.302	0.018	0	1.0	77	1.284	0	0	0	
499	8.318	0.016	0	1.0	78	1.3	0	0	0	
500	8.335	0.017	0	1.0	79	1.317	0	0	0	
501	8.352	0.017	0	1.0	80	1.334	0	0	0	
502	8.368	0.017	0	1.0	81	1.35	0	0	0	
503	8.385	0.016	0	1.0	82	1.367	0	0	0	
504	8.402	0.017	0	1.0	83	1.384	0	0	0	
505	8.418	0.016	0	1.0	84	1.4	0	0	0	
506	8.436	0.017	0	1.0	85	1.418	0	0	0	
507	8.452	0.017	0	1.0	86	1.434	0	0	0	
508	8.468	0.016	0	1.0	87	1.45	0	0	0	
509	8.485	0.017	0	1.0	88	1.467	0	0	0	
510	8.502	0.017	0	1.0	89	1.484	0	0	0	
511	8.519	0.017	0	1.0	90	1.501	0	0	0	
512	8.535	0.016	0	1.0	91	1.517	0	0	0	
513	8.552	0.017	0	1.0	92	1.534	0	0	0	
514	8.569	0.017	0	1.0	93	1.551	0	0	0	
515	8.585	0.016	0	1.0	94	1.567	0	0	0	
516	8.602	0.017	0	1.0	95	1.584	0	0	0	
517	8.619	0.018	0	1.0	96	1.601	0	0	0	
518	8.635	0.015	0	1.0	97	1.617	0	0	0	
519	8.652	0.018	0	1.0	98	1.634	0	0	0	
520	8.668	0.016	0	1.0	99	1.65	0	0	0	
521	8.685	0.017	0	1.0	100	1.667	0	0	0	
522	8.702	0.017	0	1.0	101	1.684	0	0	0	
523	8.718	0.016	0	1.0	102	1.7	0	0	0	
524	8.735	0.017	0	1.0	103	1.717	0	0	0	
525	8.751	0.016	0	1.0	104	1.733	0	0	0	
526	8.769	0.018	0	1.0	105	1.751	0	0	0	
527	8.786	0.017	0	1.0	106	1.768	0	0	0	
528	8.802	0.016	0	1.0	107	1.784	0	0	0	
529	8.819	0.017	0	1.0	108	1.8	0	0	0	
530	8.835	0.017	0	1.0	109	1.817	0	0	0	
531	8.852	0.017	0	1.0	110	1.834	0	0	0	
532	8.869	0.017	0	1.0	111	1.851	0	0	0	
533	8.885	0.017	0	1.0	112	1.867	0	0	0	
534	8.902	0.017	0	1.0	113	1.884	0	0	0	
535	8.919	0.017	0	1.0	114	1.9	0	0	0	
536	8.935	0.017	0	1.0	115	1.917	0	0	0	
537	8.952	0.017	0	1.0	116	1.934	0	0	0	
538	8.969	0.017	0	1.0	117	1.95	0	0	0	
539	8.985	0.017	0	1.0	118	1.967	0	0	0	
540	9.002	0.017	0	1.0	119	1.984	0	0	0	
541	9.019	0.017	0	1.0	120	2.001	0	0	0	
542	9.036	0.017	0	6.0	1	0.017	0.0	0	0	
543	9.052	0.017	0	6.0	2	0.033	0.0	0	0	
544	9.069	0.017	0	6.0	3	0.05	0.0	0	0	
545	9.085	0.016	0	6.0	4	0.066	0.0	0	0	
546	9.102	0.017	0	6.0	5	0.083	0.0	0	0	
547	9.119	0.017	0	6.0	6	0.1	0.0	0	0	
548	9.135	0.016	0	6.0	7	0.116	0.0	0	0	
549	9.152	0.017	0	6.0	8	0.133	0.0	0	0	
550	9.169	0.017	0	6.0	9	0.15	0.0	0	0	
551	9.185	0.016	0	6.0	10	0.166	0.0	0	0	
552	9.202	0.017	0	6.0	11	0.183	0.0	0	0	
553	9.219	0.017	0	6.0	12	0.2	0.0	0	0	
554	9.235	0.016	0	6.0	13	0.216	0.0	0	0	
555	9.252	0.017	0	6.0	14	0.233	0.0	0	0	
556	9.269	0.017	0	6.0	15	0.25	0.0	0	0	
557	9.286	0.017	0	6.0	16	0.267	0.0	0	0	
558	9.302	0.017	0	6.0	17	0.283	0.0	0	0	
559	9.319	0.017	0	6.0	18	0.3	0.0	0	0	
560	9.336	0.017	0	6.0	19	0.317	0.0	0	0	
561	9.352	0.017	0	6.0	20	0.333	0.0	0	0	
562	9.369	0.017	0	6.0	21	0.35	0.0	0	0	
563	9.386	0.017	0	6.0	22	0.367	0.0	0	0	
564	9.402	0.016	0	6.0	23	0.383	0.0	0	0	
565	9.419	0.017	0	6.0	24	0.4	0.0	0	0	
566	9.435	0.016	0	6.0	25	0.416	0.0	0	0	
567	9.452	0.017	0	6.0	26	0.433	0.0	0	0	
568	9.469	0.017	0	6.0	27	0.45	0.0	0	0	
569	9.486	0.017	0	6.0	28	0.467	0.0	0	0	
570	9.503	0.017	0	6.0	29	0.484	0.0	0	0	
571	9.52	0.017	0	6.0	30	0.501	0.0	0	0	
572	9.536	0.016	0	6.0	31	0.517	0.0	0	0	
573	9.552	0.016	0	6.0	32	0.533	0.0	0	0	
574	9.569	0.017	0	6.0	33	0.55	0.0	0	0	
575	9.586	0.017	0	6.0	34	0.567	0.0	0	0	
576	9.603	0.017	0	6.0	35	0.584	0.0	0	0	
577	9.619	0.017	0	6.0	36	0.6	0.0	0	0	
578	9.636	0.017	0	6.0	37	0.617	0.0	0	0	
579	9.653	0.017	0	6.0	38	0.634	0.0	0	0	
580	9.669	0.017	0	6.0	39	0.65	0.0	0	0	
581	9.686	0.017	0	6.0	40	0.667	0.0	0	0	
582	9.702	0.016	0	6.0	41	0.683	0.0	0	0	
583	9.719	0.017	0	6.0	42	0.7	0.0	0	0	
584	9.736	0.017	0	6.0	43	0.717	0.0	0	0	
585	9.753	0.017	0	6.0	44	0.734	0.0	0	0	
586	9.769	0.016	0	6.0	45	0.75	0.0	0	0	
587	9.786	0.018	0	6.0	46	0.767	0.0	0	0	
588	9.802	0.016	0	6.0	47	0.783	0.0	0	0	
589	9.819	0.017	0	6.0	48	0.8	0.0	0	0	
590	9.836	0.017	0	6.0	49	0.817	0.0	0	0	
591	9.853	0.017	0	6.0	50	0.834	0.0	0	0	
592	9.87	0.017	0	6.0	51	0.851	0.0	0	0	
593	9.885	0.016	0	6.0	52	0.866	0.0	0	0	
594	9.903	0.017	0	6.0	53	0.884	0.0	0	0	
595	9.919	0.017	0	6.0	54	0.9	0.0	0	0	
596	9.936	0.017	0	6.0	55	0.917	0.0	0	0	
597	9.953	0.017	0	6.0	56	0.934	0.0	0	0	
598	9.969	0.016	0	6.0	57	0.95	0.0	0	0	
599	9.986	0.017	0	6.0	58	0.967	0.0	0	0	
600	10.003	0.017	0	6.0	59	0.984	0.0	0	0	
601	10.019	0.017	0	6.0	60	1.0	0.0	0	0	
602	10.036	0.017	0	6.0	61	1.017	0.8333333333333334	0	0	
603	10.052	0.016	0	6.0	62	1.033	1.6666666666666667	0	0	
604	10.069	0.017	0	6.0	63	1.05	2.5	0	0	
605	10.086	0.017	0	6.0	64	1.067	3.3333333333333335	0	0	
606	10.103	0.017	0	6.0	65	1.084	4.166666666666667	0	0	
607	10.119	0.016	0	6.0	66	1.1	5.0	0	0	
608	10.136	0.017	0	6.0	67	1.117	5.833333333333333	0	0	
609	10.152	0.016	0	6.0	68	1.133	6.666666666666666	0	0	
610	10.169	0.017	0	6.0	69	1.15	7.499999999999999	0	0	
611	10.186	0.017	0	6.0	70	1.167	8.333333333333332	0	0	
612	10.202	0.016	0	6.0	71	1.183	9.166666666666666	0	0	
613	10.219	0.017	0	6.0	72	1.2	10.0	0	0	
614	10.236	0.017	0	6.0	73	1.217	10.833333333333334	0	0	
615	10.253	0.017	0	6.0	74	1.234	11.666666666666668	0	0	
616	10.269	0.016	0	6.0	75	1.25	12.500000000000002	0	0	
617	10.286	0.017	0	6.0	76	1.267	13.333333333333336	0	0	
618	10.302	0.016	0	6.0	77	1.283	14.16666666666667	0	0	
619	10.319	0.017	0	6.0	78	1.3	15.000000000000004	0	0	
620	10.336	0.017	0	6.0	79	1.317	15.833333333333337	0	0	
621	10.353	0.017	0	6.0	80	1.334	16.66666666666667	0	0	
622	10.369	0.016	0	6.0	81	1.35	17.500000000000004	0	0	
623	10.386	0.017	0	6.0	82	1.367	18.333333333333336	0	0	
624	10.402	0.016	0	6.0	83	1.383	19.166666666666668	0	0	
625	10.419	0.017	0	6.0	84	1.4	20.0	0	0	
626	10.436	0.017	0	6.0	85	1.417	20.833333333333332	0	0	
627	10.453	0.017	0	6.0	86	1.434	21.666666666666664	0	0	
628	10.469	0.016	0	6.0	87	1.45	22.499999999999996	0	0	
629	10.486	0.017	0	6.0	88	1.467	23.33333333333333	0	0	
630	10.502	0.016	0	6.0	89	1.483	24.16666666666666	0	0	
631	10.52	0.017	0	6.0	90	1.501	24.999999999999993	0	0	
632	10.536	0.017	0	6.0	91	1.517	25.833333333333325	0	0	
633	10.553	0.017	0	6.0	92	1.534	26.666666666666657	0	0	
634	10.57	0.017	0	6.0	93	1.551	27.49999999999999	0	0	
635	10.587	0.017	0	6.0	94	1.568	28.33333333333332	0	0	
636	10.603	0.016	0	6.0	95	1.584	29.166666666666654	0	0	
637	10.621	0.018	0	6.0	96	1.602	29.999999999999986	0	0	
638	10.636	0.015	0	6.0	97	1.617	30.833333333333318	0	0	
639	10.653	0.017	0	6.0	98	1.634	31.66666666666665	0	0	
640	10.669	0.016	0	6.0	99	1.65	32.499999999999986	0	0	
641	10.686	0.017	0	6.0	100	1.667	33.33333333333332	0	0	
642	10.703	0.017	0	6.0	101	1.684	34.16666666666666	0	0	
643	10.719	0.016	0	6.0	102	1.7	34.99999999999999	0	0	
644	10.736	0.017	0	6.0	103	1.717	35.83333333333333	0	0	
645	10.753	0.017	0	6.0	104	1.734	36.666666666666664	0	0	
646	10.769	0.016	0	6.0	105	1.75	37.5	0	0	
647	10.787	0.018	0	6.0	106	1.768	38.333333333333336	0	0	
648	10.802	0.015	0	6.0	107	1.783	39.16666666666667	0	0	
649	10.82	0.018	0	6.0	108	1.801	40.00000000000001	0	0	
650	10.836	0.016	0	6.0	109	1.817	40.83333333333334	0	0	
651	10.853	0.017	0	6.0	110	1.834	41.66666666666668	0	0	
652	10.87	0.017	0	6.0	111	1.851	42.500000000000014	0	0	
653	10.886	0.016	0	6.0	112	1.867	43.33333333333335	0	0	
654	10.903	0.017	0	6.0	113	1.884	44.166666666666686	0	0	
655	10.919	0.016	0	6.0	114	1.9	45.00000000000002	0	0	
656	10.937	0.017	0	6.0	115	1.918	45.83333333333336	0	0	
657	10.953	0.016	0	6.0	116	1.934	46.66666666666669	0	0	
658	10.97	0.017	0	6.0	117	1.951	47.50000000000003	0	0	
659	10.986	0.016	0	6.0	118	1.967	48.333333333333364	0	0	
660	11.003	0.017	0	6.0	119	1.984	49.1666666666667	0	0	
661	11.019	0.016	0	6.0	120	2.0	50.000000000000036	0	0	
662	11.036	0.017	0	6.0	121	2.017	50.83333333333337	0	0	
663	11.053	0.016	0	6.0	122	2.034	51.66666666666671	0	0	
664	11.07	0.017	0	6.0	123	2.051	52.50000000000004	0	0	
665	11.086	0.016	0	6.0	124	2.067	53.33333333333338	0	0	
666	11.103	0.017	0	6.0	125	2.084	54.166666666666714	0	0	
667	11.119	0.016	0	6.0	126	2.1	55.00000000000005	0	0	
668	11.137	0.017	0	6.0	127	2.118	55.833333333333385	0	0	
669	11.153	0.016	0	6.0	128	2.134	56.66666666666672	0	0	
670	11.17	0.017	0	6.0	129	2.151	57.50000000000006	0	0	
671	11.186	0.015	0	6.0	130	2.167	58.33333333333339	0	0	
672	11.203	0.018	0	6.0	131	2.184	59.16666666666673	0	0	
673	11.219	0.016	0	6.0	132	2.2	60.000000000000064	0	0	
674	11.237	0.018	0	6.0	133	2.218	60.8333333333334	0	0	
675	11.253	0.016	0	6.0	134	2.234	61.666666666666735	0	0	
676	11.27	0.017	0	6.0	135	2.251	62.50000000000007	0	0	
677	11.286	0.016	0	6.0	136	2.267	63.33333333333341	0	0	
678	11.303	0.017	0	6.0	137	2.284	64.16666666666674	0	0	
679	11.32	0.017	0	6.0	138	2.301	65.00000000000007	0	0	
680	11.336	0.016	0	6.0	139	2.317	65.8333333333334	0	0	
681	11.353	0.017	0	6.0	140	2.334	66.66666666666673	0	0	
682	11.37	0.016	0	6.0	141	2.351	67.50000000000006	0	0	
683	11.387	0.017	0	6.0	142	2.368	68.33333333333339	0	0	
684	11.403	0.016	0	6.0	143	2.384	69.16666666666671	0	0	
685	11.42	0.018	0	6.0	144	2.401	70.00000000000004	0	0	
686	11.436	0.016	0	6.0	145	2.417	70.83333333333337	0	0	
687	11.453	0.017	0	6.0	146	2.434	71.6666666666667	0	0	
688	11.469	0.016	0	6.0	147	2.45	72.50000000000003	0	0	
689	11.487	0.017	0	6.0	148	2.468	73.33333333333336	0	0	
690	11.503	0.016	0	6.0	149	2.484	74.16666666666669	0	0	
691	11.52	0.017	0	6.0	150	2.501	75.00000000000001	0	0	
692	11.536	0.016	0	6.0	151	2.517	75.83333333333334	0	0	
693	11.553	0.017	0	6.0	152	2.534	76.66666666666667	0	0	
694	11.569	0.016	0	6.0	153	2.55	77.5	0	0	
695	11.587	0.017	0	6.0	154	2.568	78.33333333333333	0	0	
696	11.603	0.016	0	6.0	155	2.584	79.16666666666666	0	0	
697	11.619	0.017	0	6.0	156	2.6	79.99999999999999	0	0	
698	11.636	0.017	0	6.0	157	2.617	80.83333333333331	0	0	
699	11.654	0.018	0	6.0	158	2.635	81.66666666666664	0	0	
700	11.669	0.015	0	6.0	159	2.65	82.49999999999997	0	0	
701	11.687	0.017	0	6.0	160	2.668	83.3333333333333	0	0	
702	11.703	0.016	0	6.0	161	2.684	84.16666666666663	0	0	
703	11.722	0.02	0	6.0	162	2.703	84.99999999999996	0	0	
704	11.738	0.015	0	6.0	163	2.719	85.83333333333329	0	0	
705	11.755	0.017	0	6.0	164	2.736	86.66666666666661	0	0	
706	11.771	0.016	0	6.0	165	2.752	87.49999999999994	0	0	
707	11.788	0.017	0	6.0	166	2.769	88.33333333333327	0	0	
708	11.804	0.016	0	6.0	167	2.785	89.1666666666666	0	0	
709	11.822	0.018	0	6.0	168	2.803	89.99999999999993	0	0	
710	11.838	0.015	0	6.0	169	2.819	90.83333333333326	0	0	
711	11.855	0.017	0	6.0	170	2.836	91.66666666666659	0	0	
712	11.871	0.016	0	6.0	171	2.852	92.49999999999991	0	0	
713	11.888	0.016	0	6.0	172	2.869	93.33333333333324	0	0	
714	11.905	0.018	0	6.0	173	2.886	94.16666666666657	0	0	
715	11.921	0.016	0	6.0	174	2.902	94.9999999999999	0	0	
716	11.938	0.017	0	6.0	175	2.919	95.83333333333323	0	0	
717	11.955	0.017	0	6.0	176	2.936	96.66666666666656	0	0	
718	11.971	0.016	0	6.0	177	2.952	97.49999999999989	0	0	
719	11.988	0.017	0	6.0	178	2.969	98.33333333333321	0	0	
720	12.004	0.016	0	6.0	179	2.985	99.16666666666654	0	0	
721	12.022	0.018	0	6.0	180	3.003	99.99999999999987	0	0	
722	12.04	0.018	0	6.0	181	3.021	100.8333333333332	0	0	
723	12.055	0.014	0	6.0	182	3.036	101.66666666666653	0	0	
724	12.072	0.017	0	6.0	183	3.053	102.49999999999986	0	0	
725	12.093	0.021	0	6.0	184	3.074	103.33333333333319	0	0	
726	12.105	0.012	0	6.0	185	3.086	104.16666666666652	0	0	
727	12.122	0.017	0	6.0	186	3.103	104.99999999999984	0	0	
728	12.139	0.017	0	6.0	187	3.12	105.83333333333317	0	0	
729	12.155	0.016	0	6.0	188	3.136	106.6666666666665	0	0	
730	12.173	0.018	0	6.0	189	3.154	107.49999999999983	0	0	
731	12.188	0.014	0	6.0	190	3.169	108.33333333333316	0	0	
732	12.205	0.017	0	6.0	191	3.186	109.16666666666649	0	0	
733	12.221	0.016	0	6.0	192	3.202	109.99999999999982	0	0	
734	12.239	0.017	0	6.0	193	3.22	110.83333333333314	0	0	
735	12.255	0.016	0	6.0	194	3.236	111.66666666666647	0	0	
736	12.272	0.017	0	6.0	195	3.253	112.4999999999998	0	0	
737	12.288	0.016	0	6.0	196	3.269	113.33333333333313	0	0	
738	12.305	0.016	0	6.0	197	3.286	114.16666666666646	0	0	
739	12.322	0.017	0	6.0	198	3.303	114.99999999999979	0	0	
740	12.338	0.017	0	6.0	199	3.319	115.83333333333312	0	0	
741	12.355	0.016	0	6.0	200	3.336	116.66666666666644	0	0	
742	12.372	0.017	0	6.0	201	3.353	117.49999999999977	0	0	
743	12.388	0.016	0	6.0	202	3.369	118.3333333333331	0	0	
744	12.405	0.017	0	6.0	203	3.386	119.16666666666643	0	0	
745	12.421	0.016	0	6.0	204	3.402	119.99999999999976	0	0	
746	12.438	0.016	0	6.0	205	3.419	120.83333333333309	0	0	
747	12.456	0.018	0	6.0	206	3.437	121.66666666666642	0	0	
748	12.471	0.015	0	6.0	207	3.452	122.49999999999974	0	0	
749	12.488	0.017	0	6.0	208	3.469	123.33333333333307	0	0	
750	12.505	0.017	0	6.0	209	3.486	124.1666666666664	0	0	
751	12.522	0.016	0	6.0	210	3.503	124.99999999999973	0	0	
752	12.538	0.017	0	6.0	211	3.519	125.83333333333306	0	0	
753	12.558	0.019	0	6.0	212	3.539	126.66666666666639	0	0	
754	12.572	0.015	0	6.0	213	3.553	127.49999999999972	0	0	
755	12.589	0.017	0	6.0	214	3.57	128.33333333333306	0	0	
756	12.606	0.017	0	6.0	215	3.587	129.1666666666664	0	0	
757	12.622	0.017	0	6.0	216	3.603	129.99999999999974	0	0	
758	12.639	0.017	0	6.0	217	3.62	130.8333333333331	0	0	
759	12.656	0.017	0	6.0	218	3.637	131.66666666666643	0	0	
760	12.672	0.016	0	6.0	219	3.653	132.49999999999977	0	0	
761	12.689	0.017	0	6.0	220	3.67	133.33333333333312	0	0	
762	12.706	0.017	0	6.0	221	3.687	134.16666666666646	0	0	
763	12.723	0.017	0	6.0	222	3.704	134.9999999999998	0	0	
764	12.739	0.016	0	6.0	223	3.72	135.83333333333314	0	0	
765	12.756	0.017	0	6.0	224	3.737	136.6666666666665	0	0	
766	12.772	0.016	0	6.0	225	3.753	137.49999999999983	0	0	
767	12.789	0.017	0	6.0	226	3.77	138.33333333333317	0	0	
768	12.806	0.017	0	6.0	227	3.787	139.16666666666652	0	0	
769	12.822	0.017	0	6.0	228	3.803	139.99999999999986	0	0	
770	12.839	0.017	0	6.0	229	3.82	140.8333333333332	0	0	
771	12.856	0.017	0	6.0	230	3.837	141.66666666666654	0	0	
772	12.873	0.017	0	6.0	231	3.854	142.4999999999999	0	0	
773	12.889	0.016	0	6.0	232	3.87	143.33333333333323	0	0	
774	12.906	0.017	0	6.0	233	3.887	144.16666666666657	0	0	
775	12.922	0.016	0	6.0	234	3.903	144.99999999999991	0	0	
776	12.939	0.017	0	6.0	235	3.92	145.83333333333326	0	0	
777	12.956	0.017	0	6.0	236	3.937	146.6666666666666	0	0	
778	12.972	0.017	0	6.0	237	3.953	147.49999999999994	0	0	
779	12.989	0.017	0	6.0	238	3.97	148.3333333333333	0	0	
780	13.005	0.016	0	6.0	239	3.986	149.16666666666663	0	0	
781	13.023	0.018	0	6.0	240	4.004	149.99999999999997	0	0	
782	13.039	0.016	0	6.0	241	4.02	150.83333333333331	0	0	
783	13.056	0.017	0	6.0	242	4.037	151.66666666666666	0	0	
784	13.072	0.016	0	6.0	243	4.053	152.5	0	0	
785	13.089	0.017	0	6.0	244	4.07	153.33333333333334	0	0	
786	13.106	0.017	0	6.0	245	4.087	154.16666666666669	0	0	
787	13.123	0.018	0	6.0	246	4.104	155.00000000000003	0	0	
788	13.139	0.015	0	6.0	247	4.12	155.83333333333337	0	0	
789	13.156	0.017	0	6.0	248	4.137	156.6666666666667	0	0	
790	13.172	0.017	0	6.0	249	4.153	157.50000000000006	0	0	
791	13.189	0.016	0	6.0	250	4.17	158.3333333333334	0	0	
792	13.206	0.018	0	6.0	251	4.187	159.16666666666674	0	0	
793	13.222	0.016	0	6.0	252	4.203	160.00000000000009	0	0	
794	13.239	0.017	0	6.0	253	4.22	160.83333333333343	0	0	
795	13.256	0.017	0	6.0	254	4.237	161.66666666666677	0	0	
796	13.272	0.017	0	6.0	255	4.253	162.5000000000001	0	0	
797	13.289	0.017	0	6.0	256	4.27	163.33333333333346	0	0	
798	13.306	0.017	0	6.0	257	4.287	164.1666666666668	0	0	
799	13.322	0.016	0	6.0	258	4.303	165.00000000000014	0	0	
800	13.339	0.017	0	6.0	259	4.32	165.83333333333348	0	0	
801	13.359	0.02	0	6.0	260	4.34	166.66666666666683	0	0	
802	13.372	0.013	0	6.0	261	4.353	167.50000000000017	0	0	
803	13.388	0.017	0	6.0	262	4.369	168.3333333333335	0	0	
804	13.406	0.017	0	6.0	263	4.387	169.16666666666686	0	0	
805	13.422	0.016	0	6.0	264	4.403	170.0000000000002	0	0	
806	13.439	0.018	0	6.0	265	4.42	170.83333333333354	0	0	
807	13.455	0.016	0	6.0	266	4.436	171.66666666666688	0	0	
808	13.472	0.017	0	6.0	267	4.453	172.50000000000023	0	0	
809	13.489	0.017	0	6.0	268	4.47	173.33333333333357	0	0	
810	13.505	0.016	0	6.0	269	4.486	174.1666666666669	0	0	
811	13.522	0.017	0	6.0	270	4.503	175.00000000000026	0	0	
812	13.539	0.017	0	6.0	271	4.52	175.8333333333336	0	0	
813	13.555	0.017	0	6.0	272	4.536	176.66666666666694	0	0	
814	13.572	0.017	0	6.0	273	4.553	177.50000000000028	0	0	
815	13.589	0.017	0	6.0	274	4.57	178.33333333333363	0	0	
816	13.605	0.017	0	6.0	275	4.586	179.16666666666697	0	0	
817	13.622	0.017	0	6.0	276	4.603	180.0000000000003	0	0	
818	13.639	0.017	0	6.0	277	4.62	180.83333333333366	0	0	
819	13.655	0.017	0	6.0	278	4.636	181.666666666667	0	0	
820	13.672	0.016	0	6.0	279	4.653	182.50000000000034	0	0	
821	13.689	0.017	0	6.0	280	4.67	183.33333333333368	0	0	
822	13.705	0.017	0	6.0	281	4.686	184.16666666666703	0	0	
823	13.722	0.017	0	6.0	282	4.703	185.00000000000037	0	0	
824	13.738	0.016	0	6.0	283	4.719	185.8333333333337	0	0	
825	13.755	0.017	0	6.0	284	4.736	186.66666666666706	0	0	
826	13.773	0.017	0	6.0	285	4.754	187.5000000000004	0	0	
827	13.79	0.017	0	6.0	286	4.771	188.33333333333374	0	0	
828	13.805	0.015	0	6.0	287	4.786	189.16666666666708	0	0	
829	13.822	0.017	0	6.0	288	4.803	190.00000000000043	0	0	
830	13.839	0.016	0	6.0	289	4.82	190.83333333333377	0	0	
831	13.855	0.017	0	6.0	290	4.836	191.6666666666671	0	0	
832	13.872	0.017	0	6.0	291	4.853	192.50000000000045	0	0	
833	13.889	0.017	0	6.0	292	4.87	193.3333333333338	0	0	
834	13.906	0.017	0	6.0	293	4.887	194.16666666666714	0	0	
835	13.922	0.016	0	6.0	294	4.903	195.00000000000048	0	0	
836	13.939	0.017	0	6.0	295	4.92	195.83333333333383	0	0	
837	13.956	0.017	0	6.0	296	4.937	196.66666666666717	0	0	
838	13.972	0.016	0	6.0	297	4.953	197.5000000000005	0	0	
839	13.989	0.017	0	6.0	298	4.97	198.33333333333385	0	0	
840	14.005	0.017	0	6.0	299	4.986	199.1666666666672	0	0	
841	14.023	0.018	0	6.0	300	5.004	200.00000000000054	0	0	
