sample_num	sample_time	sampling_interval	imaging_frame	frame_time	stimulus_epoch	stim_frame	epoch_time	stim_info1	stim_info2	stim_info3	
1	0.026	0.026	0	1.0	1	0.026	0	0	0	
2	0.043	0.017	0	1.0	2	0.043	0	0	0	
3	0.057	0.014	0	1.0	3	0.057	0	0	0	
4	0.074	0.018	0	1.0	4	0.074	0	0	0	
5	0.09	0.016	0	1.0	5	0.09	0	0	0	
6	0.108	0.017	0	1.0	6	0.108	0	0	0	
7	0.124	0.016	0	1.0	7	0.124	0	0	0	
8	0.143	0.019	0	1.0	8	0.143	0	0	0	
9	0.157	0.014	0	1.0	9	0.157	0	0	0	
10	0.174	0.018	0	1.0	10	0.174	0	0	0	
11	0.19	0.016	0	1.0	11	0.19	0	0	0	
12	0.208	0.018	0	1.0	12	0.208	0	0	0	
13	0.223	0.016	0	1.0	13	0.223	0	0	0	
14	0.242	0.019	0	1.0	14	0.242	0	0	0	
15	0.257	0.014	0	1.0	15	0.257	0	0	0	
16	0.275	0.018	0	1.0	16	0.275	0	0	0	
17	0.29	0.015	0	1.0	17	0.29	0	0	0	
18	0.308	0.017	0	1.0	18	0.308	0	0	0	
19	0.323	0.016	0	1.0	19	0.323	0	0	0	
20	0.345	0.021	0	1.0	20	0.345	0	0	0	
21	0.357	0.012	0	1.0	21	0.357	0	0	0	
22	0.375	0.018	0	1.0	22	0.375	0	0	0	
23	0.39	0.016	0	1.0	23	0.39	0	0	0	
24	0.408	0.017	0	1.0	24	0.408	0	0	0	
25	0.423	0.016	0	1.0	25	0.423	0	0	0	
26	0.44	0.017	0	1.0	26	0.44	0	0	0	
27	0.458	0.018	0	1.0	27	0.458	0	0	0	
28	0.474	0.015	0	1.0	28	0.474	0	0	0	
29	0.491	0.017	0	1.0	29	0.491	0	0	0	
30	0.507	0.017	0	1.0	30	0.507	0	0	0	
31	0.524	0.017	0	1.0	31	0.524	0	0	0	
32	0.54	0.016	0	1.0	32	0.54	0	0	0	
33	0.56	0.02	0	1.0	33	0.56	0	0	0	
34	0.573	0.013	0	1.0	34	0.573	0	0	0	
35	0.59	0.017	0	1.0	35	0.59	0	0	0	
36	0.607	0.017	0	1.0	36	0.607	0	0	0	
37	0.625	0.017	0	1.0	37	0.625	0	0	0	
38	0.64	0.016	0	1.0	38	0.64	0	0	0	
39	0.66	0.02	0	1.0	39	0.66	0	0	0	
40	0.673	0.013	0	1.0	40	0.673	0	0	0	
41	0.691	0.017	0	1.0	41	0.691	0	0	0	
42	0.707	0.017	0	1.0	42	0.707	0	0	0	
43	0.725	0.017	0	1.0	43	0.725	0	0	0	
44	0.741	0.016	0	1.0	44	0.741	0	0	0	
45	0.76	0.02	0	1.0	45	0.76	0	0	0	
46	0.774	0.013	0	1.0	46	0.774	0	0	0	
47	0.791	0.017	0	1.0	47	0.791	0	0	0	
48	0.807	0.016	0	1.0	48	0.807	0	0	0	
49	0.824	0.017	0	1.0	49	0.824	0	0	0	
50	0.841	0.016	0	1.0	50	0.841	0	0	0	
51	0.86	0.02	0	1.0	51	0.86	0	0	0	
52	0.874	0.013	0	1.0	52	0.874	0	0	0	
53	0.891	0.017	0	1.0	53	0.891	0	0	0	
54	0.908	0.017	0	1.0	54	0.908	0	0	0	
55	0.924	0.016	0	1.0	55	0.924	0	0	0	
56	0.941	0.017	0	1.0	56	0.941	0	0	0	
57	0.959	0.018	0	1.0	57	0.959	0	0	0	
58	0.973	0.014	0	1.0	58	0.973	0	0	0	
59	0.991	0.018	0	1.0	59	0.991	0	0	0	
60	1.007	0.016	0	1.0	60	1.007	0	0	0	
61	1.024	0.017	0	1.0	61	1.024	0	0	0	
62	1.041	0.017	0	1.0	62	1.041	0	0	0	
63	1.057	0.017	0	1.0	63	1.057	0	0	0	
64	1.076	0.019	0	1.0	64	1.076	0	0	0	
65	1.09	0.014	0	1.0	65	1.09	0	0	0	
66	1.107	0.017	0	1.0	66	1.107	0	0	0	
67	1.124	0.017	0	1.0	67	1.124	0	0	0	
68	1.141	0.017	0	1.0	68	1.141	0	0	0	
69	1.157	0.017	0	1.0	69	1.157	0	0	0	
70	1.176	0.019	0	1.0	70	1.176	0	0	0	
71	1.19	0.014	0	1.0	71	1.19	0	0	0	
72	1.208	0.018	0	1.0	72	1.208	0	0	0	
73	1.224	0.016	0	1.0	73	1.224	0	0	0	
74	1.241	0.017	0	1.0	74	1.241	0	0	0	
75	1.257	0.017	0	1.0	75	1.257	0	0	0	
76	1.276	0.019	0	1.0	76	1.276	0	0	0	
77	1.29	0.014	0	1.0	77	1.29	0	0	0	
78	1.307	0.017	0	1.0	78	1.307	0	0	0	
79	1.324	0.017	0	1.0	79	1.324	0	0	0	
80	1.341	0.017	0	1.0	80	1.341	0	0	0	
81	1.357	0.017	0	1.0	81	1.357	0	0	0	
82	1.376	0.019	0	1.0	82	1.376	0	0	0	
83	1.39	0.014	0	1.0	83	1.39	0	0	0	
84	1.408	0.018	0	1.0	84	1.408	0	0	0	
85	1.424	0.016	0	1.0	85	1.424	0	0	0	
86	1.441	0.017	0	1.0	86	1.441	0	0	0	
87	1.458	0.017	0	1.0	87	1.458	0	0	0	
88	1.476	0.019	0	1.0	88	1.476	0	0	0	
89	1.49	0.014	0	1.0	89	1.49	0	0	0	
90	1.508	0.017	0	1.0	90	1.508	0	0	0	
91	1.524	0.017	0	1.0	91	1.524	0	0	0	
92	1.541	0.017	0	1.0	92	1.541	0	0	0	
93	1.557	0.017	0	1.0	93	1.557	0	0	0	
94	1.575	0.017	0	1.0	94	1.575	0	0	0	
95	1.593	0.018	0	1.0	95	1.593	0	0	0	
96	1.607	0.014	0	1.0	96	1.607	0	0	0	
97	1.624	0.017	0	1.0	97	1.624	0	0	0	
98	1.641	0.017	0	1.0	98	1.641	0	0	0	
99	1.657	0.017	0	1.0	99	1.657	0	0	0	
100	1.674	0.017	0	1.0	100	1.674	0	0	0	
101	1.693	0.019	0	1.0	101	1.693	0	0	0	
102	1.707	0.014	0	1.0	102	1.707	0	0	0	
103	1.724	0.017	0	1.0	103	1.724	0	0	0	
104	1.741	0.017	0	1.0	104	1.741	0	0	0	
105	1.758	0.017	0	1.0	105	1.758	0	0	0	
106	1.774	0.016	0	1.0	106	1.774	0	0	0	
107	1.793	0.019	0	1.0	107	1.793	0	0	0	
108	1.807	0.014	0	1.0	108	1.807	0	0	0	
109	1.824	0.017	0	1.0	109	1.824	0	0	0	
110	1.841	0.017	0	1.0	110	1.841	0	0	0	
111	1.858	0.017	0	1.0	111	1.858	0	0	0	
112	1.875	0.017	0	1.0	112	1.875	0	0	0	
113	1.893	0.018	0	1.0	113	1.893	0	0	0	
114	1.907	0.014	0	1.0	114	1.907	0	0	0	
115	1.925	0.018	0	1.0	115	1.925	0	0	0	
116	1.941	0.016	0	1.0	116	1.941	0	0	0	
117	1.958	0.017	0	1.0	117	1.958	0	0	0	
118	1.974	0.017	0	1.0	118	1.974	0	0	0	
119	1.994	0.02	0	1.0	119	1.994	0	0	0	
120	2.007	0.013	0	1.0	120	2.007	0	0	0	
121	2.025	0.018	0	2.0	1	0.018	[57.83333333  0.        ]	0	0	
122	2.042	0.016	0	2.0	2	0.034	[57.83333333  0.        ]	0	0	
123	2.058	0.017	0	2.0	3	0.051	[57.83333333  0.        ]	0	0	
124	2.075	0.017	0	2.0	4	0.067	[57.83333333  0.        ]	0	0	
125	2.091	0.016	0	2.0	5	0.083	[57.83333333  0.        ]	0	0	
126	2.109	0.018	0	2.0	6	0.102	[57.83333333  0.        ]	0	0	
127	2.124	0.015	0	2.0	7	0.117	[57.83333333  0.        ]	0	0	
128	2.142	0.018	0	2.0	8	0.134	[57.83333333  0.        ]	0	0	
129	2.158	0.016	0	2.0	9	0.15	[57.83333333  0.        ]	0	0	
130	2.175	0.017	0	2.0	10	0.167	[57.83333333  0.        ]	0	0	
131	2.192	0.017	0	2.0	11	0.184	[57.83333333  0.        ]	0	0	
132	2.21	0.018	0	2.0	12	0.202	[57.83333333  0.        ]	0	0	
133	2.224	0.014	0	2.0	13	0.217	[57.83333333  0.        ]	0	0	
134	2.242	0.018	0	2.0	14	0.234	[57.83333333  0.        ]	0	0	
135	2.258	0.016	0	2.0	15	0.25	[57.83333333  0.        ]	0	0	
136	2.275	0.017	0	2.0	16	0.267	[57.83333333  0.        ]	0	0	
137	2.292	0.017	0	2.0	17	0.284	[57.83333333  0.        ]	0	0	
138	2.31	0.018	0	2.0	18	0.302	[57.83333333  0.        ]	0	0	
139	2.324	0.014	0	2.0	19	0.317	[57.83333333  0.        ]	0	0	
140	2.342	0.018	0	2.0	20	0.334	[57.83333333  0.        ]	0	0	
141	2.358	0.016	0	2.0	21	0.35	[57.83333333  0.        ]	0	0	
142	2.375	0.017	0	2.0	22	0.368	[57.83333333  0.        ]	0	0	
143	2.392	0.016	0	2.0	23	0.384	[57.83333333  0.        ]	0	0	
144	2.41	0.019	0	2.0	24	0.403	[57.83333333  0.        ]	0	0	
145	2.424	0.014	0	2.0	25	0.417	[57.83333333  0.        ]	0	0	
146	2.442	0.018	0	2.0	26	0.434	[57.83333333  0.        ]	0	0	
147	2.458	0.016	0	2.0	27	0.451	[57.83333333  0.        ]	0	0	
148	2.475	0.017	0	2.0	28	0.468	[57.83333333  0.        ]	0	0	
149	2.492	0.017	0	2.0	29	0.484	[57.83333333  0.        ]	0	0	
150	2.51	0.019	0	2.0	30	0.503	[57.83333333  0.        ]	0	0	
151	2.524	0.014	0	2.0	31	0.517	[57.83333333  0.        ]	0	0	
152	2.542	0.018	0	2.0	32	0.534	[57.83333333  0.        ]	0	0	
153	2.558	0.016	0	2.0	33	0.55	[57.83333333  0.        ]	0	0	
154	2.575	0.017	0	2.0	34	0.568	[57.83333333  0.        ]	0	0	
155	2.592	0.017	0	2.0	35	0.584	[57.83333333  0.        ]	0	0	
156	2.612	0.02	0	2.0	36	0.604	[57.83333333  0.        ]	0	0	
157	2.624	0.013	0	2.0	37	0.617	[57.83333333  0.        ]	0	0	
158	2.642	0.018	0	2.0	38	0.635	[57.83333333  0.        ]	0	0	
159	2.659	0.016	0	2.0	39	0.651	[57.83333333  0.        ]	0	0	
160	2.675	0.017	0	2.0	40	0.668	[57.83333333  0.        ]	0	0	
161	2.692	0.017	0	2.0	41	0.684	[57.83333333  0.        ]	0	0	
162	2.708	0.016	0	2.0	42	0.7	[57.83333333  0.        ]	0	0	
163	2.727	0.019	0	2.0	43	0.72	[57.83333333  0.        ]	0	0	
164	2.741	0.013	0	2.0	44	0.733	[57.83333333  0.        ]	0	0	
165	2.759	0.018	0	2.0	45	0.751	[57.83333333  0.        ]	0	0	
166	2.775	0.016	0	2.0	46	0.767	[57.83333333  0.        ]	0	0	
167	2.792	0.017	0	2.0	47	0.784	[57.83333333  0.        ]	0	0	
168	2.808	0.016	0	2.0	48	0.8	[57.83333333  0.        ]	0	0	
169	2.826	0.019	0	2.0	49	0.819	[57.83333333  0.        ]	0	0	
170	2.841	0.015	0	2.0	50	0.833	[57.83333333  0.        ]	0	0	
171	2.858	0.017	0	2.0	51	0.851	[57.83333333  0.        ]	0	0	
172	2.875	0.017	0	2.0	52	0.868	[57.83333333  0.        ]	0	0	
173	2.892	0.017	0	2.0	53	0.885	[57.83333333  0.        ]	0	0	
174	2.908	0.016	0	2.0	54	0.901	[57.83333333  0.        ]	0	0	
175	2.927	0.018	0	2.0	55	0.919	[57.83333333  0.        ]	0	0	
176	2.941	0.014	0	2.0	56	0.934	[57.83333333  0.        ]	0	0	
177	2.959	0.018	0	2.0	57	0.951	[57.83333333  0.        ]	0	0	
178	2.975	0.016	0	2.0	58	0.967	[57.83333333  0.        ]	0	0	
179	2.992	0.017	0	2.0	59	0.984	[57.83333333  0.        ]	0	0	
180	3.009	0.017	0	2.0	60	1.001	[57.83333333  0.        ]	0	0	
181	3.027	0.018	0	2.0	61	1.019	[57.83333333  0.        ]	0	0	
182	3.043	0.016	0	2.0	62	1.036	[57.83333333  0.        ]	0	0	
183	3.06	0.017	0	2.0	63	1.053	[57.83333333  0.        ]	0	0	
184	3.077	0.017	0	2.0	64	1.069	[57.83333333  0.        ]	0	0	
185	3.094	0.017	0	2.0	65	1.086	[57.83333333  0.        ]	0	0	
186	3.11	0.016	0	2.0	66	1.102	[57.83333333  0.        ]	0	0	
187	3.129	0.019	0	2.0	67	1.122	[57.83333333  0.        ]	0	0	
188	3.143	0.013	0	2.0	68	1.135	[57.83333333  0.        ]	0	0	
189	3.16	0.017	0	2.0	69	1.153	[57.83333333  0.        ]	0	0	
190	3.177	0.017	0	2.0	70	1.169	[57.83333333  0.        ]	0	0	
191	3.194	0.017	0	2.0	71	1.186	[57.83333333  0.        ]	0	0	
192	3.21	0.016	0	2.0	72	1.202	[57.83333333  0.        ]	0	0	
193	3.228	0.018	0	2.0	73	1.221	[57.83333333  0.        ]	0	0	
194	3.243	0.014	0	2.0	74	1.235	[57.83333333  0.        ]	0	0	
195	3.261	0.018	0	2.0	75	1.253	[57.83333333  0.        ]	0	0	
196	3.276	0.016	0	2.0	76	1.269	[57.83333333  0.        ]	0	0	
197	3.294	0.017	0	2.0	77	1.286	[57.83333333  0.        ]	0	0	
198	3.31	0.016	0	2.0	78	1.302	[57.83333333  0.        ]	0	0	
199	3.327	0.017	0	2.0	79	1.319	[57.83333333  0.        ]	0	0	
200	3.345	0.018	0	2.0	80	1.338	[57.83333333  0.        ]	0	0	
201	3.36	0.014	0	2.0	81	1.352	[57.83333333  0.        ]	0	0	
202	3.377	0.018	0	2.0	82	1.37	[57.83333333  0.        ]	0	0	
203	3.393	0.016	0	2.0	83	1.386	[57.83333333  0.        ]	0	0	
204	3.41	0.017	0	2.0	84	1.403	[57.83333333  0.        ]	0	0	
205	3.427	0.017	0	2.0	85	1.42	[57.83333333  0.        ]	0	0	
206	3.446	0.019	0	2.0	86	1.438	[57.83333333  0.        ]	0	0	
207	3.46	0.014	0	2.0	87	1.452	[57.83333333  0.        ]	0	0	
208	3.478	0.018	0	2.0	88	1.47	[57.83333333  0.        ]	0	0	
209	3.493	0.015	0	2.0	89	1.486	[57.83333333  0.        ]	0	0	
210	3.511	0.017	0	2.0	90	1.503	[57.83333333  0.        ]	0	0	
211	3.526	0.016	0	2.0	91	1.519	[57.83333333  0.        ]	0	0	
212	3.546	0.019	0	2.0	92	1.538	[57.83333333  0.        ]	0	0	
213	3.56	0.014	0	2.0	93	1.552	[57.83333333  0.        ]	0	0	
214	3.577	0.017	0	2.0	94	1.57	[57.83333333  0.        ]	0	0	
215	3.594	0.017	0	2.0	95	1.586	[57.83333333  0.        ]	0	0	
216	3.61	0.016	0	2.0	96	1.602	[57.83333333  0.        ]	0	0	
217	3.627	0.017	0	2.0	97	1.619	[57.83333333  0.        ]	0	0	
218	3.646	0.019	0	2.0	98	1.639	[57.83333333  0.        ]	0	0	
219	3.66	0.014	0	2.0	99	1.652	[57.83333333  0.        ]	0	0	
220	3.677	0.018	0	2.0	100	1.67	[57.83333333  0.        ]	0	0	
221	3.694	0.017	0	2.0	101	1.686	[57.83333333  0.        ]	0	0	
222	3.711	0.017	0	2.0	102	1.703	[57.83333333  0.        ]	0	0	
223	3.727	0.017	0	2.0	103	1.72	[57.83333333  0.        ]	0	0	
224	3.747	0.02	0	2.0	104	1.74	[57.83333333  0.        ]	0	0	
225	3.759	0.012	0	2.0	105	1.752	[57.83333333  0.        ]	0	0	
226	3.777	0.018	0	2.0	106	1.77	[57.83333333  0.        ]	0	0	
227	3.793	0.016	0	2.0	107	1.786	[57.83333333  0.        ]	0	0	
228	3.81	0.017	0	2.0	108	1.803	[57.83333333  0.        ]	0	0	
229	3.827	0.017	0	2.0	109	1.82	[57.83333333  0.        ]	0	0	
230	3.844	0.017	0	2.0	110	1.836	[57.83333333  0.        ]	0	0	
231	3.863	0.019	0	2.0	111	1.855	[57.83333333  0.        ]	0	0	
232	3.876	0.013	0	2.0	112	1.869	[57.83333333  0.        ]	0	0	
233	3.894	0.018	0	2.0	113	1.886	[57.83333333  0.        ]	0	0	
234	3.911	0.017	0	2.0	114	1.903	[57.83333333  0.        ]	0	0	
235	3.927	0.017	0	2.0	115	1.92	[57.83333333  0.        ]	0	0	
236	3.944	0.017	0	2.0	116	1.936	[57.83333333  0.        ]	0	0	
237	3.962	0.019	0	2.0	117	1.955	[57.83333333  0.        ]	0	0	
238	3.976	0.014	0	2.0	118	1.969	[57.83333333  0.        ]	0	0	
239	3.994	0.018	0	2.0	119	1.987	[57.83333333  0.        ]	0	0	
240	4.01	0.016	0	2.0	120	2.003	[57.83333333  0.        ]	0	0	
241	4.027	0.017	0	2.0	121	2.02	[57.83333333  0.        ]	0	0	
242	4.044	0.017	0	2.0	122	2.036	[57.83333333  0.        ]	0	0	
243	4.063	0.019	0	2.0	123	2.055	[57.83333333  0.        ]	0	0	
244	4.077	0.014	0	2.0	124	2.069	[57.83333333  0.        ]	0	0	
245	4.094	0.017	0	2.0	125	2.087	[57.83333333  0.        ]	0	0	
246	4.111	0.016	0	2.0	126	2.103	[57.83333333  0.        ]	0	0	
247	4.127	0.017	0	2.0	127	2.12	[57.83333333  0.        ]	0	0	
248	4.144	0.017	0	2.0	128	2.137	[57.83333333  0.        ]	0	0	
249	4.162	0.018	0	2.0	129	2.155	[57.83333333  0.        ]	0	0	
250	4.177	0.015	0	2.0	130	2.169	[57.83333333  0.        ]	0	0	
251	4.194	0.018	0	2.0	131	2.187	[57.83333333  0.        ]	0	0	
252	4.215	0.021	0	2.0	132	2.207	[57.83333333  0.        ]	0	0	
253	4.227	0.012	0	2.0	133	2.219	[57.83333333  0.        ]	0	0	
254	4.248	0.022	0	2.0	134	2.241	[57.83333333  0.        ]	0	0	
255	4.262	0.014	0	2.0	135	2.255	[57.83333333  0.        ]	0	0	
256	4.277	0.014	0	2.0	136	2.269	[57.83333333  0.        ]	0	0	
257	4.294	0.018	0	2.0	137	2.287	[57.83333333  0.        ]	0	0	
258	4.311	0.017	0	2.0	138	2.303	[57.83333333  0.        ]	0	0	
259	4.328	0.017	0	2.0	139	2.32	[57.83333333  0.        ]	0	0	
260	4.344	0.016	0	2.0	140	2.336	[57.83333333  0.        ]	0	0	
261	4.362	0.019	0	2.0	141	2.355	[57.83333333  0.        ]	0	0	
262	4.377	0.014	0	2.0	142	2.369	[57.83333333  0.        ]	0	0	
263	4.394	0.018	0	2.0	143	2.387	[57.83333333  0.        ]	0	0	
264	4.411	0.017	0	2.0	144	2.403	[57.83333333  0.        ]	0	0	
265	4.428	0.017	0	2.0	145	2.42	[57.83333333  0.        ]	0	0	
266	4.444	0.017	0	2.0	146	2.437	[57.83333333  0.        ]	0	0	
267	4.461	0.017	0	2.0	147	2.453	[57.83333333  0.        ]	0	0	
268	4.479	0.018	0	2.0	148	2.472	[57.83333333  0.        ]	0	0	
269	4.493	0.014	0	2.0	149	2.486	[57.83333333  0.        ]	0	0	
270	4.511	0.018	0	2.0	150	2.504	[57.83333333  0.        ]	0	0	
271	4.528	0.017	0	2.0	151	2.52	[57.83333333  0.        ]	0	0	
272	4.544	0.016	0	2.0	152	2.536	[57.83333333  0.        ]	0	0	
273	4.561	0.017	0	2.0	153	2.553	[57.83333333  0.        ]	0	0	
274	4.579	0.018	0	2.0	154	2.572	[57.83333333  0.        ]	0	0	
275	4.593	0.014	0	2.0	155	2.586	[57.83333333  0.        ]	0	0	
276	4.611	0.018	0	2.0	156	2.604	[57.83333333  0.        ]	0	0	
277	4.628	0.017	0	2.0	157	2.62	[57.83333333  0.        ]	0	0	
278	4.644	0.016	0	2.0	158	2.636	[57.83333333  0.        ]	0	0	
279	4.661	0.017	0	2.0	159	2.653	[57.83333333  0.        ]	0	0	
280	4.679	0.018	0	2.0	160	2.672	[57.83333333  0.        ]	0	0	
281	4.694	0.015	0	2.0	161	2.686	[57.83333333  0.        ]	0	0	
282	4.711	0.017	0	2.0	162	2.704	[57.83333333  0.        ]	0	0	
283	4.728	0.016	0	2.0	163	2.72	[57.83333333  0.        ]	0	0	
284	4.744	0.017	0	2.0	164	2.737	[57.83333333  0.        ]	0	0	
285	4.761	0.017	0	2.0	165	2.754	[57.83333333  0.        ]	0	0	
286	4.779	0.018	0	2.0	166	2.772	[57.83333333  0.        ]	0	0	
287	4.794	0.015	0	2.0	167	2.786	[57.83333333  0.        ]	0	0	
288	4.811	0.018	0	2.0	168	2.804	[57.83333333  0.        ]	0	0	
289	4.828	0.017	0	2.0	169	2.82	[57.83333333  0.        ]	0	0	
290	4.845	0.017	0	2.0	170	2.837	[57.83333333  0.        ]	0	0	
291	4.861	0.016	0	2.0	171	2.853	[57.83333333  0.        ]	0	0	
292	4.88	0.019	0	2.0	172	2.873	[57.83333333  0.        ]	0	0	
293	4.894	0.013	0	2.0	173	2.886	[57.83333333  0.        ]	0	0	
294	4.911	0.018	0	2.0	174	2.904	[57.83333333  0.        ]	0	0	
295	4.928	0.017	0	2.0	175	2.92	[57.83333333  0.        ]	0	0	
296	4.945	0.017	0	2.0	176	2.937	[57.83333333  0.        ]	0	0	
297	4.961	0.016	0	2.0	177	2.953	[57.83333333  0.        ]	0	0	
298	4.978	0.017	0	2.0	178	2.97	[57.83333333  0.        ]	0	0	
299	4.996	0.018	0	2.0	179	2.989	[57.83333333  0.        ]	0	0	
300	5.01	0.014	0	2.0	180	3.003	[57.83333333  0.        ]	0	0	
301	5.028	0.018	0	2.0	181	3.021	[57.83333333  0.        ]	0	0	
302	5.044	0.016	0	2.0	182	3.037	[57.83333333  0.        ]	0	0	
303	5.061	0.017	0	2.0	183	3.054	[57.83333333  0.        ]	0	0	
304	5.078	0.017	0	2.0	184	3.07	[57.83333333  0.        ]	0	0	
305	5.096	0.018	0	2.0	185	3.089	[57.83333333  0.        ]	0	0	
306	5.111	0.014	0	2.0	186	3.103	[57.83333333  0.        ]	0	0	
307	5.128	0.018	0	2.0	187	3.121	[57.83333333  0.        ]	0	0	
308	5.144	0.016	0	2.0	188	3.137	[57.83333333  0.        ]	0	0	
309	5.161	0.017	0	2.0	189	3.154	[57.83333333  0.        ]	0	0	
310	5.178	0.017	0	2.0	190	3.17	[57.83333333  0.        ]	0	0	
311	5.196	0.018	0	2.0	191	3.189	[57.83333333  0.        ]	0	0	
312	5.211	0.014	0	2.0	192	3.203	[57.83333333  0.        ]	0	0	
313	5.228	0.018	0	2.0	193	3.221	[57.83333333  0.        ]	0	0	
314	5.244	0.016	0	2.0	194	3.237	[57.83333333  0.        ]	0	0	
315	5.261	0.017	0	2.0	195	3.254	[57.83333333  0.        ]	0	0	
316	5.278	0.017	0	2.0	196	3.27	[57.83333333  0.        ]	0	0	
317	5.297	0.019	0	2.0	197	3.289	[57.83333333  0.        ]	0	0	
318	5.311	0.014	0	2.0	198	3.303	[57.83333333  0.        ]	0	0	
319	5.328	0.018	0	2.0	199	3.321	[57.83333333  0.        ]	0	0	
320	5.345	0.017	0	2.0	200	3.337	[57.83333333  0.        ]	0	0	
321	5.362	0.017	0	2.0	201	3.354	[57.83333333  0.        ]	0	0	
322	5.378	0.016	0	2.0	202	3.371	[57.83333333  0.        ]	0	0	
323	5.398	0.02	0	2.0	203	3.391	[57.83333333  0.        ]	0	0	
324	5.411	0.012	0	2.0	204	3.403	[57.83333333  0.        ]	0	0	
325	5.428	0.018	0	2.0	205	3.421	[57.83333333  0.        ]	0	0	
326	5.445	0.017	0	2.0	206	3.437	[57.83333333  0.        ]	0	0	
327	5.462	0.017	0	2.0	207	3.454	[57.83333333  0.        ]	0	0	
328	5.478	0.016	0	2.0	208	3.47	[57.83333333  0.        ]	0	0	
329	5.495	0.017	0	2.0	209	3.487	[57.83333333  0.        ]	0	0	
330	5.513	0.018	0	2.0	210	3.505	[57.83333333  0.        ]	0	0	
331	5.528	0.015	0	2.0	211	3.52	[57.83333333  0.        ]	0	0	
332	5.545	0.017	0	2.0	212	3.538	[57.83333333  0.        ]	0	0	
333	5.562	0.017	0	2.0	213	3.554	[57.83333333  0.        ]	0	0	
334	5.578	0.016	0	2.0	214	3.57	[57.83333333  0.        ]	0	0	
335	5.595	0.017	0	2.0	215	3.587	[57.83333333  0.        ]	0	0	
336	5.613	0.019	0	2.0	216	3.606	[57.83333333  0.        ]	0	0	
337	5.628	0.014	0	2.0	217	3.62	[57.83333333  0.        ]	0	0	
338	5.645	0.018	0	2.0	218	3.638	[57.83333333  0.        ]	0	0	
339	5.662	0.017	0	2.0	219	3.654	[57.83333333  0.        ]	0	0	
340	5.678	0.017	0	2.0	220	3.671	[57.83333333  0.        ]	0	0	
341	5.695	0.017	0	2.0	221	3.687	[57.83333333  0.        ]	0	0	
342	5.714	0.019	0	2.0	222	3.706	[57.83333333  0.        ]	0	0	
343	5.728	0.014	0	2.0	223	3.72	[57.83333333  0.        ]	0	0	
344	5.745	0.017	0	2.0	224	3.738	[57.83333333  0.        ]	0	0	
345	5.761	0.016	0	2.0	225	3.754	[57.83333333  0.        ]	0	0	
346	5.778	0.017	0	2.0	226	3.771	[57.83333333  0.        ]	0	0	
347	5.795	0.017	0	2.0	227	3.788	[57.83333333  0.        ]	0	0	
348	5.813	0.018	0	2.0	228	3.806	[57.83333333  0.        ]	0	0	
349	5.828	0.014	0	2.0	229	3.82	[57.83333333  0.        ]	0	0	
350	5.845	0.017	0	2.0	230	3.838	[57.83333333  0.        ]	0	0	
351	5.862	0.017	0	2.0	231	3.854	[57.83333333  0.        ]	0	0	
352	5.879	0.017	0	2.0	232	3.871	[57.83333333  0.        ]	0	0	
353	5.895	0.016	0	2.0	233	3.887	[57.83333333  0.        ]	0	0	
354	5.913	0.019	0	2.0	234	3.906	[57.83333333  0.        ]	0	0	
355	5.928	0.015	0	2.0	235	3.92	[57.83333333  0.        ]	0	0	
356	5.945	0.017	0	2.0	236	3.938	[57.83333333  0.        ]	0	0	
357	5.962	0.017	0	2.0	237	3.954	[57.83333333  0.        ]	0	0	
358	5.979	0.017	0	2.0	238	3.971	[57.83333333  0.        ]	0	0	
359	5.995	0.016	0	2.0	239	3.987	[57.83333333  0.        ]	0	0	
360	6.015	0.021	0	2.0	240	4.008	[57.83333333  0.        ]	0	0	
361	6.028	0.012	0	2.0	241	4.02	[57.83333333  0.        ]	0	0	
362	6.045	0.018	0	2.0	242	4.038	[57.83333333  0.        ]	0	0	
363	6.062	0.017	0	2.0	243	4.055	[57.83333333  0.        ]	0	0	
364	6.079	0.017	0	2.0	244	4.071	[57.83333333  0.        ]	0	0	
365	6.096	0.017	0	2.0	245	4.088	[57.83333333  0.        ]	0	0	
366	6.111	0.016	0	2.0	246	4.104	[57.83333333  0.        ]	0	0	
367	6.131	0.019	0	2.0	247	4.123	[57.83333333  0.        ]	0	0	
368	6.145	0.014	0	2.0	248	4.137	[57.83333333  0.        ]	0	0	
369	6.162	0.018	0	2.0	249	4.155	[57.83333333  0.        ]	0	0	
370	6.179	0.016	0	2.0	250	4.171	[57.83333333  0.        ]	0	0	
371	6.195	0.017	0	2.0	251	4.188	[57.83333333  0.        ]	0	0	
372	6.212	0.017	0	2.0	252	4.205	[57.83333333  0.        ]	0	0	
373	6.231	0.019	0	2.0	253	4.223	[57.83333333  0.        ]	0	0	
374	6.245	0.014	0	2.0	254	4.237	[57.83333333  0.        ]	0	0	
375	6.262	0.018	0	2.0	255	4.255	[57.83333333  0.        ]	0	0	
376	6.279	0.017	0	2.0	256	4.271	[57.83333333  0.        ]	0	0	
377	6.296	0.017	0	2.0	257	4.288	[57.83333333  0.        ]	0	0	
378	6.312	0.017	0	2.0	258	4.305	[57.83333333  0.        ]	0	0	
379	6.331	0.018	0	2.0	259	4.323	[57.83333333  0.        ]	0	0	
380	6.345	0.014	0	2.0	260	4.337	[57.83333333  0.        ]	0	0	
381	6.362	0.018	0	2.0	261	4.355	[57.83333333  0.        ]	0	0	
382	6.379	0.017	0	2.0	262	4.371	[57.83333333  0.        ]	0	0	
383	6.396	0.017	0	2.0	263	4.388	[57.83333333  0.        ]	0	0	
384	6.412	0.017	0	2.0	264	4.405	[57.83333333  0.        ]	0	0	
385	6.431	0.018	0	2.0	265	4.423	[57.83333333  0.        ]	0	0	
386	6.445	0.014	0	2.0	266	4.437	[57.83333333  0.        ]	0	0	
387	6.462	0.017	0	2.0	267	4.455	[57.83333333  0.        ]	0	0	
388	6.479	0.017	0	2.0	268	4.471	[57.83333333  0.        ]	0	0	
389	6.496	0.017	0	2.0	269	4.488	[57.83333333  0.        ]	0	0	
390	6.512	0.017	0	2.0	270	4.505	[57.83333333  0.        ]	0	0	
391	6.531	0.018	0	2.0	271	4.523	[57.83333333  0.        ]	0	0	
392	6.545	0.014	0	2.0	272	4.537	[57.83333333  0.        ]	0	0	
393	6.562	0.017	0	2.0	273	4.555	[57.83333333  0.        ]	0	0	
394	6.579	0.017	0	2.0	274	4.571	[57.83333333  0.        ]	0	0	
395	6.596	0.017	0	2.0	275	4.588	[57.83333333  0.        ]	0	0	
396	6.612	0.016	0	2.0	276	4.604	[57.83333333  0.        ]	0	0	
397	6.633	0.021	0	2.0	277	4.625	[57.83333333  0.        ]	0	0	
398	6.645	0.012	0	2.0	278	4.637	[57.83333333  0.        ]	0	0	
399	6.662	0.017	0	2.0	279	4.655	[57.83333333  0.        ]	0	0	
400	6.679	0.017	0	2.0	280	4.672	[57.83333333  0.        ]	0	0	
401	6.696	0.017	0	2.0	281	4.688	[57.83333333  0.        ]	0	0	
402	6.712	0.017	0	2.0	282	4.705	[57.83333333  0.        ]	0	0	
403	6.729	0.017	0	2.0	283	4.722	[57.83333333  0.        ]	0	0	
404	6.748	0.019	0	2.0	284	4.74	[57.83333333  0.        ]	0	0	
405	6.762	0.014	0	2.0	285	4.754	[57.83333333  0.        ]	0	0	
406	6.78	0.018	0	2.0	286	4.772	[57.83333333  0.        ]	0	0	
407	6.796	0.016	0	2.0	287	4.788	[57.83333333  0.        ]	0	0	
408	6.813	0.017	0	2.0	288	4.805	[57.83333333  0.        ]	0	0	
409	6.829	0.016	0	2.0	289	4.822	[57.83333333  0.        ]	0	0	
410	6.848	0.019	0	2.0	290	4.84	[57.83333333  0.        ]	0	0	
411	6.862	0.014	0	2.0	291	4.854	[57.83333333  0.        ]	0	0	
412	6.879	0.017	0	2.0	292	4.872	[57.83333333  0.        ]	0	0	
413	6.896	0.017	0	2.0	293	4.888	[57.83333333  0.        ]	0	0	
414	6.913	0.017	0	2.0	294	4.905	[57.83333333  0.        ]	0	0	
415	6.929	0.017	0	2.0	295	4.922	[57.83333333  0.        ]	0	0	
416	6.948	0.019	0	2.0	296	4.941	[57.83333333  0.        ]	0	0	
417	6.962	0.014	0	2.0	297	4.954	[57.83333333  0.        ]	0	0	
418	6.979	0.017	0	2.0	298	4.972	[57.83333333  0.        ]	0	0	
419	6.996	0.017	0	2.0	299	4.989	[57.83333333  0.        ]	0	0	
420	7.013	0.017	0	2.0	300	5.005	[57.83333333  0.        ]	0	0	
421	7.029	0.017	0	2.0	301	5.022	[57.83333333  0.        ]	0	0	
422	7.048	0.019	0	2.0	302	5.04	[57.83333333  0.        ]	0	0	
423	7.062	0.014	0	2.0	303	5.054	[57.83333333  0.        ]	0	0	
424	7.079	0.017	0	2.0	304	5.072	[57.83333333  0.        ]	0	0	
425	7.096	0.017	0	2.0	305	5.089	[57.83333333  0.        ]	0	0	
426	7.113	0.017	0	2.0	306	5.105	[57.83333333  0.        ]	0	0	
427	7.129	0.016	0	2.0	307	5.121	[57.83333333  0.        ]	0	0	
428	7.148	0.019	0	2.0	308	5.14	[57.83333333  0.        ]	0	0	
429	7.162	0.015	0	2.0	309	5.155	[57.83333333  0.        ]	0	0	
430	7.179	0.017	0	2.0	310	5.172	[57.83333333  0.        ]	0	0	
431	7.196	0.017	0	2.0	311	5.189	[57.83333333  0.        ]	0	0	
432	7.213	0.017	0	2.0	312	5.205	[57.83333333  0.        ]	0	0	
433	7.229	0.016	0	2.0	313	5.221	[57.83333333  0.        ]	0	0	
434	7.249	0.02	0	2.0	314	5.242	[57.83333333  0.        ]	0	0	
435	7.262	0.013	0	2.0	315	5.254	[57.83333333  0.        ]	0	0	
436	7.28	0.018	0	2.0	316	5.272	[57.83333333  0.        ]	0	0	
437	7.296	0.016	0	2.0	317	5.288	[57.83333333  0.        ]	0	0	
438	7.313	0.017	0	2.0	318	5.305	[57.83333333  0.        ]	0	0	
439	7.33	0.017	0	2.0	319	5.322	[57.83333333  0.        ]	0	0	
440	7.346	0.016	0	2.0	320	5.339	[57.83333333  0.        ]	0	0	
441	7.364	0.018	0	2.0	321	5.357	[57.83333333  0.        ]	0	0	
442	7.379	0.014	0	2.0	322	5.371	[57.83333333  0.        ]	0	0	
443	7.396	0.017	0	2.0	323	5.389	[57.83333333  0.        ]	0	0	
444	7.413	0.017	0	2.0	324	5.405	[57.83333333  0.        ]	0	0	
445	7.43	0.017	0	2.0	325	5.422	[57.83333333  0.        ]	0	0	
446	7.446	0.016	0	2.0	326	5.438	[57.83333333  0.        ]	0	0	
447	7.465	0.02	0	2.0	327	5.458	[57.83333333  0.        ]	0	0	
448	7.479	0.014	0	2.0	328	5.471	[57.83333333  0.        ]	0	0	
449	7.496	0.018	0	2.0	329	5.489	[57.83333333  0.        ]	0	0	
450	7.513	0.017	0	2.0	330	5.505	[57.83333333  0.        ]	0	0	
451	7.53	0.017	0	2.0	331	5.522	[57.83333333  0.        ]	0	0	
452	7.546	0.016	0	2.0	332	5.538	[57.83333333  0.        ]	0	0	
453	7.565	0.02	0	2.0	333	5.558	[57.83333333  0.        ]	0	0	
454	7.579	0.013	0	2.0	334	5.571	[57.83333333  0.        ]	0	0	
455	7.596	0.017	0	2.0	335	5.589	[57.83333333  0.        ]	0	0	
456	7.613	0.017	0	2.0	336	5.605	[57.83333333  0.        ]	0	0	
457	7.63	0.017	0	2.0	337	5.622	[57.83333333  0.        ]	0	0	
458	7.646	0.016	0	2.0	338	5.638	[57.83333333  0.        ]	0	0	
459	7.664	0.018	0	2.0	339	5.657	[57.83333333  0.        ]	0	0	
460	7.679	0.014	0	2.0	340	5.671	[57.83333333  0.        ]	0	0	
461	7.697	0.018	0	2.0	341	5.689	[57.83333333  0.        ]	0	0	
462	7.713	0.016	0	2.0	342	5.705	[57.83333333  0.        ]	0	0	
463	7.73	0.017	0	2.0	343	5.722	[57.83333333  0.        ]	0	0	
464	7.746	0.016	0	2.0	344	5.739	[57.83333333  0.        ]	0	0	
465	7.766	0.02	0	2.0	345	5.759	[57.83333333  0.        ]	0	0	
466	7.779	0.013	0	2.0	346	5.771	[57.83333333  0.        ]	0	0	
467	7.797	0.018	0	2.0	347	5.789	[57.83333333  0.        ]	0	0	
468	7.812	0.016	0	2.0	348	5.805	[57.83333333  0.        ]	0	0	
469	7.83	0.017	0	2.0	349	5.822	[57.83333333  0.        ]	0	0	
470	7.846	0.017	0	2.0	350	5.839	[57.83333333  0.        ]	0	0	
471	7.863	0.017	0	2.0	351	5.856	[57.83333333  0.        ]	0	0	
472	7.882	0.019	0	2.0	352	5.874	[57.83333333  0.        ]	0	0	
473	7.896	0.014	0	2.0	353	5.888	[57.83333333  0.        ]	0	0	
474	7.913	0.017	0	2.0	354	5.906	[57.83333333  0.        ]	0	0	
475	7.93	0.017	0	2.0	355	5.922	[57.83333333  0.        ]	0	0	
476	7.947	0.017	0	2.0	356	5.939	[57.83333333  0.        ]	0	0	
477	7.963	0.016	0	2.0	357	5.955	[57.83333333  0.        ]	0	0	
478	7.981	0.019	0	2.0	358	5.974	[57.83333333  0.        ]	0	0	
479	7.996	0.014	0	2.0	359	5.988	[57.83333333  0.        ]	0	0	
480	8.013	0.017	0	2.0	360	6.006	[57.83333333  0.        ]	0	0	
481	8.03	0.017	0	2.0	361	6.022	[57.83333333  0.        ]	0	0	
482	8.047	0.017	0	2.0	362	6.039	[57.83333333  0.        ]	0	0	
483	8.064	0.017	0	2.0	363	6.056	[57.83333333  0.        ]	0	0	
484	8.081	0.018	0	2.0	364	6.074	[57.83333333  0.        ]	0	0	
485	8.096	0.015	0	2.0	365	6.089	[57.83333333  0.        ]	0	0	
486	8.114	0.018	0	2.0	366	6.106	[57.83333333  0.        ]	0	0	
487	8.13	0.016	0	2.0	367	6.122	[57.83333333  0.        ]	0	0	
488	8.147	0.017	0	2.0	368	6.139	[57.83333333  0.        ]	0	0	
489	8.164	0.017	0	2.0	369	6.156	[57.83333333  0.        ]	0	0	
490	8.182	0.019	0	2.0	370	6.175	[57.83333333  0.        ]	0	0	
491	8.196	0.014	0	2.0	371	6.189	[57.83333333  0.        ]	0	0	
492	8.214	0.018	0	2.0	372	6.206	[57.83333333  0.        ]	0	0	
493	8.23	0.016	0	2.0	373	6.223	[57.83333333  0.        ]	0	0	
494	8.247	0.017	0	2.0	374	6.239	[57.83333333  0.        ]	0	0	
495	8.264	0.017	0	2.0	375	6.256	[57.83333333  0.        ]	0	0	
496	8.282	0.019	0	2.0	376	6.275	[57.83333333  0.        ]	0	0	
497	8.296	0.014	0	2.0	377	6.289	[57.83333333  0.        ]	0	0	
498	8.314	0.018	0	2.0	378	6.306	[57.83333333  0.        ]	0	0	
499	8.331	0.017	0	2.0	379	6.323	[57.83333333  0.        ]	0	0	
500	8.347	0.016	0	2.0	380	6.339	[57.83333333  0.        ]	0	0	
501	8.364	0.017	0	2.0	381	6.356	[57.83333333  0.        ]	0	0	
502	8.382	0.018	0	2.0	382	6.374	[57.83333333  0.        ]	0	0	
503	8.396	0.015	0	2.0	383	6.389	[57.83333333  0.        ]	0	0	
504	8.414	0.018	0	2.0	384	6.406	[57.83333333  0.        ]	0	0	
505	8.43	0.016	0	2.0	385	6.422	[57.83333333  0.        ]	0	0	
506	8.447	0.017	0	2.0	386	6.439	[57.83333333  0.        ]	0	0	
507	8.464	0.017	0	2.0	387	6.456	[57.83333333  0.        ]	0	0	
508	8.482	0.018	0	2.0	388	6.474	[57.83333333  0.        ]	0	0	
509	8.496	0.014	0	2.0	389	6.489	[57.83333333  0.        ]	0	0	
510	8.514	0.018	0	2.0	390	6.506	[57.83333333  0.        ]	0	0	
511	8.53	0.016	0	2.0	391	6.522	[57.83333333  0.        ]	0	0	
512	8.547	0.017	0	2.0	392	6.54	[57.83333333  0.        ]	0	0	
513	8.564	0.017	0	2.0	393	6.556	[57.83333333  0.        ]	0	0	
514	8.58	0.017	0	2.0	394	6.573	[57.83333333  0.        ]	0	0	
515	8.599	0.018	0	2.0	395	6.591	[57.83333333  0.        ]	0	0	
516	8.613	0.015	0	2.0	396	6.606	[57.83333333  0.        ]	0	0	
517	8.631	0.018	0	2.0	397	6.623	[57.83333333  0.        ]	0	0	
518	8.647	0.016	0	2.0	398	6.639	[57.83333333  0.        ]	0	0	
519	8.664	0.017	0	2.0	399	6.656	[57.83333333  0.        ]	0	0	
520	8.681	0.017	0	2.0	400	6.673	[57.83333333  0.        ]	0	0	
521	8.699	0.019	0	2.0	401	6.692	[57.83333333  0.        ]	0	0	
522	8.713	0.014	0	2.0	402	6.706	[57.83333333  0.        ]	0	0	
523	8.731	0.018	0	2.0	403	6.723	[57.83333333  0.        ]	0	0	
524	8.747	0.016	0	2.0	404	6.739	[57.83333333  0.        ]	0	0	
525	8.764	0.017	0	2.0	405	6.756	[57.83333333  0.        ]	0	0	
526	8.781	0.017	0	2.0	406	6.773	[57.83333333  0.        ]	0	0	
527	8.799	0.018	0	2.0	407	6.791	[57.83333333  0.        ]	0	0	
528	8.813	0.014	0	2.0	408	6.806	[57.83333333  0.        ]	0	0	
529	8.831	0.018	0	2.0	409	6.823	[57.83333333  0.        ]	0	0	
530	8.847	0.016	0	2.0	410	6.839	[57.83333333  0.        ]	0	0	
531	8.864	0.017	0	2.0	411	6.856	[57.83333333  0.        ]	0	0	
532	8.881	0.017	0	2.0	412	6.873	[57.83333333  0.        ]	0	0	
533	8.899	0.018	0	2.0	413	6.891	[57.83333333  0.        ]	0	0	
534	8.913	0.014	0	2.0	414	6.906	[57.83333333  0.        ]	0	0	
535	8.931	0.018	0	2.0	415	6.923	[57.83333333  0.        ]	0	0	
536	8.947	0.016	0	2.0	416	6.939	[57.83333333  0.        ]	0	0	
537	8.964	0.017	0	2.0	417	6.956	[57.83333333  0.        ]	0	0	
538	8.981	0.017	0	2.0	418	6.973	[57.83333333  0.        ]	0	0	
539	9.0	0.019	0	2.0	419	6.992	[57.83333333  0.        ]	0	0	
540	9.013	0.013	0	2.0	420	7.005	[57.83333333  0.        ]	0	0	
541	9.031	0.018	0	2.0	421	7.023	[57.83333333  0.        ]	0	0	
542	9.047	0.016	0	2.0	422	7.039	[57.83333333  0.        ]	0	0	
543	9.064	0.017	0	2.0	423	7.057	[57.83333333  0.        ]	0	0	
544	9.081	0.017	0	2.0	424	7.073	[57.83333333  0.        ]	0	0	
545	9.097	0.016	0	2.0	425	7.089	[57.83333333  0.        ]	0	0	
546	9.119	0.022	0	2.0	426	7.112	[57.83333333  0.        ]	0	0	
547	9.13	0.011	0	2.0	427	7.122	[57.83333333  0.        ]	0	0	
548	9.147	0.017	0	2.0	428	7.14	[57.83333333  0.        ]	0	0	
549	9.164	0.017	0	2.0	429	7.157	[57.83333333  0.        ]	0	0	
550	9.181	0.017	0	2.0	430	7.173	[57.83333333  0.        ]	0	0	
551	9.197	0.017	0	2.0	431	7.19	[57.83333333  0.        ]	0	0	
552	9.216	0.018	0	2.0	432	7.208	[57.83333333  0.        ]	0	0	
553	9.23	0.014	0	2.0	433	7.223	[57.83333333  0.        ]	0	0	
554	9.248	0.018	0	2.0	434	7.24	[57.83333333  0.        ]	0	0	
555	9.264	0.016	0	2.0	435	7.256	[57.83333333  0.        ]	0	0	
556	9.281	0.017	0	2.0	436	7.273	[57.83333333  0.        ]	0	0	
557	9.298	0.017	0	2.0	437	7.291	[57.83333333  0.        ]	0	0	
558	9.316	0.017	0	2.0	438	7.308	[57.83333333  0.        ]	0	0	
559	9.33	0.015	0	2.0	439	7.323	[57.83333333  0.        ]	0	0	
560	9.348	0.018	0	2.0	440	7.34	[57.83333333  0.        ]	0	0	
561	9.364	0.016	0	2.0	441	7.357	[57.83333333  0.        ]	0	0	
562	9.381	0.017	0	2.0	442	7.373	[57.83333333  0.        ]	0	0	
563	9.398	0.017	0	2.0	443	7.39	[57.83333333  0.        ]	0	0	
564	9.416	0.018	0	2.0	444	7.409	[57.83333333  0.        ]	0	0	
565	9.43	0.014	0	2.0	445	7.423	[57.83333333  0.        ]	0	0	
566	9.448	0.018	0	2.0	446	7.44	[57.83333333  0.        ]	0	0	
567	9.464	0.016	0	2.0	447	7.456	[57.83333333  0.        ]	0	0	
568	9.481	0.017	0	2.0	448	7.473	[57.83333333  0.        ]	0	0	
569	9.498	0.017	0	2.0	449	7.49	[57.83333333  0.        ]	0	0	
570	9.518	0.021	0	2.0	450	7.511	[57.83333333  0.        ]	0	0	
571	9.53	0.012	0	2.0	451	7.523	[57.83333333  0.        ]	0	0	
572	9.548	0.018	0	2.0	452	7.54	[57.83333333  0.        ]	0	0	
573	9.564	0.016	0	2.0	453	7.556	[57.83333333  0.        ]	0	0	
574	9.581	0.017	0	2.0	454	7.573	[57.83333333  0.        ]	0	0	
575	9.598	0.017	0	2.0	455	7.59	[57.83333333  0.        ]	0	0	
576	9.614	0.017	0	2.0	456	7.607	[57.83333333  0.        ]	0	0	
577	9.633	0.019	0	2.0	457	7.626	[57.83333333  0.        ]	0	0	
578	9.647	0.014	0	2.0	458	7.639	[57.83333333  0.        ]	0	0	
579	9.664	0.018	0	2.0	459	7.657	[57.83333333  0.        ]	0	0	
580	9.681	0.017	0	2.0	460	7.674	[57.83333333  0.        ]	0	0	
581	9.698	0.017	0	2.0	461	7.69	[57.83333333  0.        ]	0	0	
582	9.714	0.017	0	2.0	462	7.707	[57.83333333  0.        ]	0	0	
583	9.733	0.019	0	2.0	463	7.726	[57.83333333  0.        ]	0	0	
584	9.747	0.014	0	2.0	464	7.74	[57.83333333  0.        ]	0	0	
585	9.764	0.017	0	2.0	465	7.757	[57.83333333  0.        ]	0	0	
586	9.781	0.017	0	2.0	466	7.774	[57.83333333  0.        ]	0	0	
587	9.798	0.017	0	2.0	467	7.79	[57.83333333  0.        ]	0	0	
588	9.815	0.017	0	2.0	468	7.807	[57.83333333  0.        ]	0	0	
589	9.833	0.018	0	2.0	469	7.825	[57.83333333  0.        ]	0	0	
590	9.847	0.014	0	2.0	470	7.84	[57.83333333  0.        ]	0	0	
591	9.865	0.018	0	2.0	471	7.857	[57.83333333  0.        ]	0	0	
592	9.881	0.016	0	2.0	472	7.873	[57.83333333  0.        ]	0	0	
593	9.898	0.017	0	2.0	473	7.89	[57.83333333  0.        ]	0	0	
594	9.915	0.017	0	2.0	474	7.907	[57.83333333  0.        ]	0	0	
595	9.933	0.019	0	2.0	475	7.926	[57.83333333  0.        ]	0	0	
596	9.947	0.014	0	2.0	476	7.94	[57.83333333  0.        ]	0	0	
597	9.965	0.018	0	2.0	477	7.957	[57.83333333  0.        ]	0	0	
598	9.981	0.016	0	2.0	478	7.974	[57.83333333  0.        ]	0	0	
599	9.999	0.018	0	2.0	479	7.991	[57.83333333  0.        ]	0	0	
600	10.014	0.015	0	2.0	480	8.007	[57.83333333  0.        ]	0	0	
601	10.033	0.018	0	2.0	481	8.025	[57.83333333  0.        ]	0	0	
602	10.047	0.014	0	2.0	482	8.04	[57.83333333  0.        ]	0	0	
603	10.065	0.018	0	2.0	483	8.057	[57.83333333  0.        ]	0	0	
604	10.081	0.016	0	2.0	484	8.074	[57.83333333  0.        ]	0	0	
605	10.098	0.017	0	2.0	485	8.091	[57.83333333  0.        ]	0	0	
606	10.115	0.017	0	2.0	486	8.107	[57.83333333  0.        ]	0	0	
607	10.135	0.02	0	2.0	487	8.127	[57.83333333  0.        ]	0	0	
608	10.147	0.013	0	2.0	488	8.14	[57.83333333  0.        ]	0	0	
609	10.165	0.018	0	2.0	489	8.158	[57.83333333  0.        ]	0	0	
610	10.182	0.016	0	2.0	490	8.174	[57.83333333  0.        ]	0	0	
611	10.198	0.017	0	2.0	491	8.191	[57.83333333  0.        ]	0	0	
612	10.215	0.017	0	2.0	492	8.207	[57.83333333  0.        ]	0	0	
613	10.232	0.017	0	2.0	493	8.224	[57.83333333  0.        ]	0	0	
614	10.25	0.019	0	2.0	494	8.243	[57.83333333  0.        ]	0	0	
615	10.264	0.014	0	2.0	495	8.256	[57.83333333  0.        ]	0	0	
616	10.282	0.018	0	2.0	496	8.274	[57.83333333  0.        ]	0	0	
617	10.298	0.016	0	2.0	497	8.29	[57.83333333  0.        ]	0	0	
618	10.315	0.017	0	2.0	498	8.307	[57.83333333  0.        ]	0	0	
619	10.332	0.017	0	2.0	499	8.324	[57.83333333  0.        ]	0	0	
620	10.35	0.019	0	2.0	500	8.343	[57.83333333  0.        ]	0	0	
621	10.365	0.014	0	2.0	501	8.357	[57.83333333  0.        ]	0	0	
622	10.382	0.017	0	2.0	502	8.374	[57.83333333  0.        ]	0	0	
623	10.398	0.016	0	2.0	503	8.39	[57.83333333  0.        ]	0	0	
624	10.415	0.017	0	2.0	504	8.407	[57.83333333  0.        ]	0	0	
625	10.432	0.017	0	2.0	505	8.424	[57.83333333  0.        ]	0	0	
626	10.45	0.019	0	2.0	506	8.443	[57.83333333  0.        ]	0	0	
627	10.464	0.014	0	2.0	507	8.457	[57.83333333  0.        ]	0	0	
628	10.482	0.018	0	2.0	508	8.474	[57.83333333  0.        ]	0	0	
629	10.498	0.016	0	2.0	509	8.49	[57.83333333  0.        ]	0	0	
630	10.515	0.017	0	2.0	510	8.507	[57.83333333  0.        ]	0	0	
631	10.532	0.017	0	2.0	511	8.524	[57.83333333  0.        ]	0	0	
632	10.55	0.018	0	2.0	512	8.543	[57.83333333  0.        ]	0	0	
633	10.564	0.014	0	2.0	513	8.557	[57.83333333  0.        ]	0	0	
634	10.582	0.018	0	2.0	514	8.574	[57.83333333  0.        ]	0	0	
635	10.598	0.016	0	2.0	515	8.591	[57.83333333  0.        ]	0	0	
636	10.615	0.017	0	2.0	516	8.608	[57.83333333  0.        ]	0	0	
637	10.632	0.017	0	2.0	517	8.624	[57.83333333  0.        ]	0	0	
638	10.65	0.019	0	2.0	518	8.643	[57.83333333  0.        ]	0	0	
639	10.664	0.014	0	2.0	519	8.657	[57.83333333  0.        ]	0	0	
640	10.682	0.018	0	2.0	520	8.674	[57.83333333  0.        ]	0	0	
641	10.698	0.016	0	2.0	521	8.691	[57.83333333  0.        ]	0	0	
642	10.715	0.017	0	2.0	522	8.708	[57.83333333  0.        ]	0	0	
643	10.732	0.017	0	2.0	523	8.724	[57.83333333  0.        ]	0	0	
644	10.75	0.018	0	2.0	524	8.742	[57.83333333  0.        ]	0	0	
645	10.764	0.014	0	2.0	525	8.757	[57.83333333  0.        ]	0	0	
646	10.782	0.018	0	2.0	526	8.775	[57.83333333  0.        ]	0	0	
647	10.799	0.017	0	2.0	527	8.791	[57.83333333  0.        ]	0	0	
648	10.815	0.017	0	2.0	528	8.808	[57.83333333  0.        ]	0	0	
649	10.832	0.017	0	2.0	529	8.824	[57.83333333  0.        ]	0	0	
650	10.852	0.02	0	2.0	530	8.844	[57.83333333  0.        ]	0	0	
651	10.864	0.013	0	2.0	531	8.857	[57.83333333  0.        ]	0	0	
652	10.882	0.018	0	2.0	532	8.875	[57.83333333  0.        ]	0	0	
653	10.899	0.016	0	2.0	533	8.891	[57.83333333  0.        ]	0	0	
654	10.915	0.016	0	2.0	534	8.907	[57.83333333  0.        ]	0	0	
655	10.932	0.017	0	2.0	535	8.924	[57.83333333  0.        ]	0	0	
656	10.948	0.016	0	2.0	536	8.94	[57.83333333  0.        ]	0	0	
657	10.966	0.018	0	2.0	537	8.959	[57.83333333  0.        ]	0	0	
658	10.981	0.015	0	2.0	538	8.974	[57.83333333  0.        ]	0	0	
659	10.999	0.018	0	2.0	539	8.992	[57.83333333  0.        ]	0	0	
660	11.015	0.016	0	2.0	540	9.007	[57.83333333  0.        ]	0	0	
661	11.032	0.017	0	2.0	541	9.025	[57.83333333  0.        ]	0	0	
662	11.049	0.017	0	2.0	542	9.041	[57.83333333  0.        ]	0	0	
663	11.067	0.019	0	2.0	543	9.06	[57.83333333  0.        ]	0	0	
664	11.081	0.014	0	2.0	544	9.074	[57.83333333  0.        ]	0	0	
665	11.099	0.018	0	2.0	545	9.091	[57.83333333  0.        ]	0	0	
666	11.115	0.016	0	2.0	546	9.108	[57.83333333  0.        ]	0	0	
667	11.132	0.017	0	2.0	547	9.125	[57.83333333  0.        ]	0	0	
668	11.149	0.017	0	2.0	548	9.141	[57.83333333  0.        ]	0	0	
669	11.167	0.018	0	2.0	549	9.16	[57.83333333  0.        ]	0	0	
670	11.181	0.014	0	2.0	550	9.174	[57.83333333  0.        ]	0	0	
671	11.199	0.018	0	2.0	551	9.192	[57.83333333  0.        ]	0	0	
672	11.215	0.016	0	2.0	552	9.208	[57.83333333  0.        ]	0	0	
673	11.232	0.017	0	2.0	553	9.225	[57.83333333  0.        ]	0	0	
674	11.249	0.017	0	2.0	554	9.241	[57.83333333  0.        ]	0	0	
675	11.268	0.019	0	2.0	555	9.26	[57.83333333  0.        ]	0	0	
676	11.281	0.014	0	2.0	556	9.274	[57.83333333  0.        ]	0	0	
677	11.299	0.018	0	2.0	557	9.292	[57.83333333  0.        ]	0	0	
678	11.316	0.017	0	2.0	558	9.308	[57.83333333  0.        ]	0	0	
679	11.332	0.016	0	2.0	559	9.324	[57.83333333  0.        ]	0	0	
680	11.349	0.017	0	2.0	560	9.341	[57.83333333  0.        ]	0	0	
681	11.367	0.018	0	2.0	561	9.36	[57.83333333  0.        ]	0	0	
682	11.382	0.015	0	2.0	562	9.374	[57.83333333  0.        ]	0	0	
683	11.399	0.017	0	2.0	563	9.392	[57.83333333  0.        ]	0	0	
684	11.415	0.016	0	2.0	564	9.408	[57.83333333  0.        ]	0	0	
685	11.432	0.017	0	2.0	565	9.425	[57.83333333  0.        ]	0	0	
686	11.449	0.017	0	2.0	566	9.441	[57.83333333  0.        ]	0	0	
687	11.468	0.019	0	2.0	567	9.46	[57.83333333  0.        ]	0	0	
688	11.482	0.014	0	2.0	568	9.474	[57.83333333  0.        ]	0	0	
689	11.499	0.018	0	2.0	569	9.492	[57.83333333  0.        ]	0	0	
690	11.516	0.016	0	2.0	570	9.508	[57.83333333  0.        ]	0	0	
691	11.532	0.017	0	2.0	571	9.525	[57.83333333  0.        ]	0	0	
692	11.549	0.017	0	2.0	572	9.542	[57.83333333  0.        ]	0	0	
693	11.569	0.019	0	2.0	573	9.561	[57.83333333  0.        ]	0	0	
694	11.582	0.013	0	2.0	574	9.574	[57.83333333  0.        ]	0	0	
695	11.599	0.018	0	2.0	575	9.592	[57.83333333  0.        ]	0	0	
696	11.616	0.017	0	2.0	576	9.608	[57.83333333  0.        ]	0	0	
697	11.632	0.017	0	2.0	577	9.625	[57.83333333  0.        ]	0	0	
698	11.649	0.017	0	2.0	578	9.642	[57.83333333  0.        ]	0	0	
699	11.666	0.017	0	2.0	579	9.658	[57.83333333  0.        ]	0	0	
700	11.684	0.018	0	2.0	580	9.677	[57.83333333  0.        ]	0	0	
701	11.698	0.014	0	2.0	581	9.691	[57.83333333  0.        ]	0	0	
702	11.716	0.018	0	2.0	582	9.709	[57.83333333  0.        ]	0	0	
703	11.732	0.016	0	2.0	583	9.725	[57.83333333  0.        ]	0	0	
704	11.749	0.017	0	2.0	584	9.742	[57.83333333  0.        ]	0	0	
705	11.766	0.017	0	2.0	585	9.758	[57.83333333  0.        ]	0	0	
706	11.785	0.019	0	2.0	586	9.777	[57.83333333  0.        ]	0	0	
707	11.799	0.014	0	2.0	587	9.791	[57.83333333  0.        ]	0	0	
708	11.816	0.018	0	2.0	588	9.809	[57.83333333  0.        ]	0	0	
709	11.832	0.016	0	2.0	589	9.825	[57.83333333  0.        ]	0	0	
710	11.849	0.017	0	2.0	590	9.842	[57.83333333  0.        ]	0	0	
711	11.866	0.017	0	2.0	591	9.859	[57.83333333  0.        ]	0	0	
712	11.884	0.018	0	2.0	592	9.877	[57.83333333  0.        ]	0	0	
713	11.899	0.014	0	2.0	593	9.891	[57.83333333  0.        ]	0	0	
714	11.916	0.018	0	2.0	594	9.909	[57.83333333  0.        ]	0	0	
715	11.932	0.016	0	2.0	595	9.925	[57.83333333  0.        ]	0	0	
716	11.949	0.017	0	2.0	596	9.942	[57.83333333  0.        ]	0	0	
717	11.966	0.017	0	2.0	597	9.959	[57.83333333  0.        ]	0	0	
718	11.985	0.019	0	2.0	598	9.978	[57.83333333  0.        ]	0	0	
719	11.999	0.013	0	2.0	599	9.991	[57.83333333  0.        ]	0	0	
720	12.016	0.018	0	2.0	600	10.009	[57.83333333  0.        ]	0	0	
