sample_num	sample_time	sampling_interval	imaging_frame	frame_time	stimulus_epoch	stim_frame	epoch_time	stim_info1	stim_info2	stim_info3	
1	0.019	0.019	0	1.0	1	0.019	0	0	0	
2	0.036	0.017	0	1.0	2	0.036	0	0	0	
3	0.051	0.015	0	1.0	3	0.051	0	0	0	
4	0.068	0.017	0	1.0	4	0.068	0	0	0	
5	0.084	0.016	0	1.0	5	0.084	0	0	0	
6	0.101	0.017	0	1.0	6	0.101	0	0	0	
7	0.117	0.016	0	1.0	7	0.117	0	0	0	
8	0.134	0.017	0	1.0	8	0.134	0	0	0	
9	0.152	0.017	0	1.0	9	0.152	0	0	0	
10	0.167	0.016	0	1.0	10	0.167	0	0	0	
11	0.184	0.017	0	1.0	11	0.184	0	0	0	
12	0.201	0.017	0	1.0	12	0.201	0	0	0	
13	0.218	0.016	0	1.0	13	0.218	0	0	0	
14	0.234	0.017	0	1.0	14	0.234	0	0	0	
15	0.251	0.017	0	1.0	15	0.251	0	0	0	
16	0.268	0.017	0	1.0	16	0.268	0	0	0	
17	0.284	0.016	0	1.0	17	0.284	0	0	0	
18	0.301	0.017	0	1.0	18	0.301	0	0	0	
19	0.318	0.017	0	1.0	19	0.318	0	0	0	
20	0.334	0.016	0	1.0	20	0.334	0	0	0	
21	0.351	0.017	0	1.0	21	0.351	0	0	0	
22	0.368	0.017	0	1.0	22	0.368	0	0	0	
23	0.384	0.017	0	1.0	23	0.384	0	0	0	
24	0.402	0.017	0	1.0	24	0.402	0	0	0	
25	0.418	0.016	0	1.0	25	0.418	0	0	0	
26	0.435	0.017	0	1.0	26	0.435	0	0	0	
27	0.451	0.017	0	1.0	27	0.451	0	0	0	
28	0.468	0.017	0	1.0	28	0.468	0	0	0	
29	0.485	0.017	0	1.0	29	0.485	0	0	0	
30	0.501	0.017	0	1.0	30	0.501	0	0	0	
31	0.518	0.017	0	1.0	31	0.518	0	0	0	
32	0.535	0.017	0	1.0	32	0.535	0	0	0	
33	0.551	0.017	0	1.0	33	0.551	0	0	0	
34	0.568	0.017	0	1.0	34	0.568	0	0	0	
35	0.585	0.017	0	1.0	35	0.585	0	0	0	
36	0.601	0.016	0	1.0	36	0.601	0	0	0	
37	0.618	0.017	0	1.0	37	0.618	0	0	0	
38	0.635	0.017	0	1.0	38	0.635	0	0	0	
39	0.651	0.017	0	1.0	39	0.651	0	0	0	
40	0.668	0.017	0	1.0	40	0.668	0	0	0	
41	0.684	0.016	0	1.0	41	0.684	0	0	0	
42	0.702	0.018	0	1.0	42	0.702	0	0	0	
43	0.718	0.016	0	1.0	43	0.718	0	0	0	
44	0.735	0.017	0	1.0	44	0.735	0	0	0	
45	0.751	0.016	0	1.0	45	0.751	0	0	0	
46	0.768	0.017	0	1.0	46	0.768	0	0	0	
47	0.785	0.017	0	1.0	47	0.785	0	0	0	
48	0.802	0.017	0	1.0	48	0.802	0	0	0	
49	0.818	0.017	0	1.0	49	0.818	0	0	0	
50	0.835	0.016	0	1.0	50	0.835	0	0	0	
51	0.851	0.016	0	1.0	51	0.851	0	0	0	
52	0.869	0.017	0	1.0	52	0.869	0	0	0	
53	0.884	0.016	0	1.0	53	0.884	0	0	0	
54	0.901	0.017	0	1.0	54	0.901	0	0	0	
55	0.918	0.017	0	1.0	55	0.918	0	0	0	
56	0.935	0.017	0	1.0	56	0.935	0	0	0	
57	0.951	0.017	0	1.0	57	0.951	0	0	0	
58	0.968	0.017	0	1.0	58	0.968	0	0	0	
59	0.985	0.017	0	1.0	59	0.985	0	0	0	
60	1.001	0.016	0	1.0	60	1.001	0	0	0	
61	1.018	0.017	0	1.0	61	1.018	0	0	0	
62	1.035	0.017	0	1.0	62	1.035	0	0	0	
63	1.051	0.016	0	1.0	63	1.051	0	0	0	
64	1.068	0.017	0	1.0	64	1.068	0	0	0	
65	1.086	0.018	0	1.0	65	1.086	0	0	0	
66	1.101	0.015	0	1.0	66	1.101	0	0	0	
67	1.119	0.018	0	1.0	67	1.119	0	0	0	
68	1.134	0.016	0	1.0	68	1.134	0	0	0	
69	1.151	0.017	0	1.0	69	1.151	0	0	0	
70	1.168	0.017	0	1.0	70	1.168	0	0	0	
71	1.185	0.017	0	1.0	71	1.185	0	0	0	
72	1.201	0.017	0	1.0	72	1.201	0	0	0	
73	1.218	0.017	0	1.0	73	1.218	0	0	0	
74	1.235	0.017	0	1.0	74	1.235	0	0	0	
75	1.251	0.017	0	1.0	75	1.251	0	0	0	
76	1.268	0.017	0	1.0	76	1.268	0	0	0	
77	1.285	0.017	0	1.0	77	1.285	0	0	0	
78	1.301	0.016	0	1.0	78	1.301	0	0	0	
79	1.319	0.017	0	1.0	79	1.319	0	0	0	
80	1.334	0.016	0	1.0	80	1.334	0	0	0	
81	1.352	0.018	0	1.0	81	1.352	0	0	0	
82	1.369	0.017	0	1.0	82	1.369	0	0	0	
83	1.384	0.015	0	1.0	83	1.384	0	0	0	
84	1.402	0.018	0	1.0	84	1.402	0	0	0	
85	1.418	0.016	0	1.0	85	1.418	0	0	0	
86	1.437	0.019	0	1.0	86	1.437	0	0	0	
87	1.453	0.016	0	1.0	87	1.453	0	0	0	
88	1.47	0.017	0	1.0	88	1.47	0	0	0	
89	1.487	0.016	0	1.0	89	1.487	0	0	0	
90	1.503	0.017	0	1.0	90	1.503	0	0	0	
91	1.52	0.017	0	1.0	91	1.52	0	0	0	
92	1.537	0.017	0	1.0	92	1.537	0	0	0	
93	1.553	0.017	0	1.0	93	1.553	0	0	0	
94	1.57	0.017	0	1.0	94	1.57	0	0	0	
95	1.587	0.017	0	1.0	95	1.587	0	0	0	
96	1.603	0.016	0	1.0	96	1.603	0	0	0	
97	1.62	0.017	0	1.0	97	1.62	0	0	0	
98	1.636	0.017	0	1.0	98	1.636	0	0	0	
99	1.654	0.017	0	1.0	99	1.654	0	0	0	
100	1.67	0.017	0	1.0	100	1.67	0	0	0	
101	1.687	0.017	0	1.0	101	1.687	0	0	0	
102	1.703	0.016	0	1.0	102	1.703	0	0	0	
103	1.72	0.017	0	1.0	103	1.72	0	0	0	
104	1.736	0.016	0	1.0	104	1.736	0	0	0	
105	1.753	0.017	0	1.0	105	1.753	0	0	0	
106	1.77	0.017	0	1.0	106	1.77	0	0	0	
107	1.787	0.017	0	1.0	107	1.787	0	0	0	
108	1.803	0.017	0	1.0	108	1.803	0	0	0	
109	1.82	0.017	0	1.0	109	1.82	0	0	0	
110	1.837	0.017	0	1.0	110	1.837	0	0	0	
111	1.853	0.016	0	1.0	111	1.853	0	0	0	
112	1.87	0.017	0	1.0	112	1.87	0	0	0	
113	1.887	0.017	0	1.0	113	1.887	0	0	0	
114	1.903	0.016	0	1.0	114	1.903	0	0	0	
115	1.92	0.017	0	1.0	115	1.92	0	0	0	
116	1.937	0.017	0	1.0	116	1.937	0	0	0	
117	1.954	0.017	0	1.0	117	1.954	0	0	0	
118	1.97	0.016	0	1.0	118	1.97	0	0	0	
119	1.987	0.017	0	1.0	119	1.987	0	0	0	
120	2.003	0.017	0	1.0	120	2.003	0	0	0	
121	2.022	0.018	0	7.0	1	0.018	[43.64991582 31.64991582]	0	0	
122	2.038	0.016	0	7.0	2	0.034	[43.53206469 31.53206469]	0	0	
123	2.056	0.018	0	7.0	3	0.052	[43.41421356 31.41421356]	0	0	
124	2.071	0.015	0	7.0	4	0.067	[43.29636243 31.29636243]	0	0	
125	2.089	0.018	0	7.0	5	0.085	[43.1785113 31.1785113]	0	0	
126	2.106	0.017	0	7.0	6	0.102	[43.06066017 31.06066017]	0	0	
127	2.122	0.016	0	7.0	7	0.118	[42.94280904 30.94280904]	0	0	
128	2.138	0.017	0	7.0	8	0.135	[42.82495791 30.82495791]	0	0	
129	2.155	0.017	0	7.0	9	0.151	[42.70710678 30.70710678]	0	0	
130	2.172	0.017	0	7.0	10	0.168	[42.58925565 30.58925565]	0	0	
131	2.189	0.017	0	7.0	11	0.185	[42.47140452 30.47140452]	0	0	
132	2.205	0.017	0	7.0	12	0.201	[42.35355339 30.35355339]	0	0	
133	2.222	0.017	0	7.0	13	0.218	[42.23570226 30.23570226]	0	0	
134	2.238	0.016	0	7.0	14	0.235	[42.11785113 30.11785113]	0	0	
135	2.255	0.017	0	7.0	15	0.251	[42. 30.]	0	0	
136	2.272	0.017	0	7.0	16	0.268	[41.88214887 29.88214887]	0	0	
137	2.289	0.017	0	7.0	17	0.285	[41.76429774 29.76429774]	0	0	
138	2.305	0.016	0	7.0	18	0.301	[41.64644661 29.64644661]	0	0	
139	2.321	0.016	0	7.0	19	0.317	[41.52859548 29.52859548]	0	0	
140	2.339	0.018	0	7.0	20	0.335	[41.41074435 29.41074435]	0	0	
141	2.355	0.016	0	7.0	21	0.351	[41.29289322 29.29289322]	0	0	
142	2.372	0.017	0	7.0	22	0.368	[41.17504209 29.17504209]	0	0	
143	2.389	0.017	0	7.0	23	0.385	[41.05719096 29.05719096]	0	0	
144	2.405	0.017	0	7.0	24	0.402	[40.93933983 28.93933983]	0	0	
145	2.422	0.017	0	7.0	25	0.418	[40.8214887 28.8214887]	0	0	
146	2.439	0.017	0	7.0	26	0.435	[40.70363757 28.70363757]	0	0	
147	2.455	0.017	0	7.0	27	0.451	[40.58578644 28.58578644]	0	0	
148	2.472	0.017	0	7.0	28	0.469	[40.46793531 28.46793531]	0	0	
149	2.488	0.016	0	7.0	29	0.485	[40.35008418 28.35008418]	0	0	
150	2.505	0.017	0	7.0	30	0.502	[40.23223305 28.23223305]	0	0	
151	2.522	0.017	0	7.0	31	0.518	[40.11438192 28.11438192]	0	0	
152	2.538	0.016	0	7.0	32	0.534	[39.99653079 27.99653079]	0	0	
153	2.556	0.018	0	7.0	33	0.552	[39.87867966 27.87867966]	0	0	
154	2.572	0.016	0	7.0	34	0.568	[39.76082853 27.76082853]	0	0	
155	2.588	0.017	0	7.0	35	0.585	[39.6429774 27.6429774]	0	0	
156	2.605	0.016	0	7.0	36	0.601	[39.52512627 27.52512627]	0	0	
157	2.622	0.018	0	7.0	37	0.619	[39.40727514 27.40727514]	0	0	
158	2.639	0.016	0	7.0	38	0.635	[39.28942401 27.28942401]	0	0	
159	2.655	0.016	0	7.0	39	0.651	[39.17157288 27.17157288]	0	0	
160	2.671	0.016	0	7.0	40	0.668	[39.05372175 27.05372175]	0	0	
161	2.688	0.017	0	7.0	41	0.685	[38.93587061 26.93587061]	0	0	
162	2.705	0.017	0	7.0	42	0.702	[38.81801948 26.81801948]	0	0	
163	2.722	0.017	0	7.0	43	0.718	[38.70016835 26.70016835]	0	0	
164	2.738	0.016	0	7.0	44	0.734	[38.58231722 26.58231722]	0	0	
165	2.755	0.017	0	7.0	45	0.752	[38.46446609 26.46446609]	0	0	
166	2.772	0.016	0	7.0	46	0.768	[38.34661496 26.34661496]	0	0	
167	2.789	0.017	0	7.0	47	0.785	[38.22876383 26.22876383]	0	0	
168	2.804	0.016	0	7.0	48	0.801	[38.1109127 26.1109127]	0	0	
169	2.823	0.018	0	7.0	49	0.819	[37.99306157 25.99306157]	0	0	
170	2.838	0.015	0	7.0	50	0.834	[37.87521044 25.87521044]	0	0	
171	2.856	0.018	0	7.0	51	0.852	[37.75735931 25.75735931]	0	0	
172	2.872	0.016	0	7.0	52	0.868	[37.63950818 25.63950818]	0	0	
173	2.889	0.017	0	7.0	53	0.885	[37.52165705 25.52165705]	0	0	
174	2.905	0.017	0	7.0	54	0.902	[37.40380592 25.40380592]	0	0	
175	2.922	0.017	0	7.0	55	0.918	[37.28595479 25.28595479]	0	0	
176	2.939	0.017	0	7.0	56	0.935	[37.16810366 25.16810366]	0	0	
177	2.955	0.016	0	7.0	57	0.951	[37.05025253 25.05025253]	0	0	
178	2.973	0.018	0	7.0	58	0.969	[36.9324014 24.9324014]	0	0	
179	2.988	0.016	0	7.0	59	0.985	[36.81455027 24.81455027]	0	0	
180	3.006	0.017	0	7.0	60	1.002	[36.69669914 24.69669914]	0	0	
181	3.022	0.017	0	7.0	61	1.018	[36.57884801 24.57884801]	0	0	
182	3.039	0.017	0	7.0	62	1.035	[36.46099688 24.46099688]	0	0	
183	3.055	0.017	0	7.0	63	1.052	[36.34314575 24.34314575]	0	0	
184	3.072	0.017	0	7.0	64	1.068	[36.22529462 24.22529462]	0	0	
185	3.089	0.016	0	7.0	65	1.085	[36.10744349 24.10744349]	0	0	
186	3.106	0.017	0	7.0	66	1.102	[35.98959236 23.98959236]	0	0	
187	3.122	0.017	0	7.0	67	1.119	[35.87174123 23.87174123]	0	0	
188	3.138	0.016	0	7.0	68	1.135	[35.7538901 23.7538901]	0	0	
189	3.156	0.017	0	7.0	69	1.152	[35.63603897 23.63603897]	0	0	
190	3.172	0.017	0	7.0	70	1.168	[35.51818784 23.51818784]	0	0	
191	3.189	0.017	0	7.0	71	1.185	[35.40033671 23.40033671]	0	0	
192	3.206	0.017	0	7.0	72	1.202	[35.28248558 23.28248558]	0	0	
193	3.222	0.016	0	7.0	73	1.218	[35.16463445 23.16463445]	0	0	
194	3.238	0.016	0	7.0	74	1.235	[35.04678332 23.04678332]	0	0	
195	3.255	0.017	0	7.0	75	1.251	[34.92893219 22.92893219]	0	0	
196	3.272	0.017	0	7.0	76	1.269	[34.81108106 22.81108106]	0	0	
197	3.288	0.016	0	7.0	77	1.285	[34.69322993 22.69322993]	0	0	
198	3.305	0.017	0	7.0	78	1.301	[34.5753788 22.5753788]	0	0	
199	3.322	0.017	0	7.0	79	1.318	[34.45752767 22.45752767]	0	0	
200	3.339	0.017	0	7.0	80	1.335	[34.33967654 22.33967654]	0	0	
201	3.356	0.017	0	7.0	81	1.352	[34.22182541 22.22182541]	0	0	
202	3.372	0.017	0	7.0	82	1.368	[34.10397428 22.10397428]	0	0	
203	3.389	0.017	0	7.0	83	1.385	[33.98612315 21.98612315]	0	0	
204	3.406	0.017	0	7.0	84	1.402	[33.86827202 21.86827202]	0	0	
205	3.422	0.016	0	7.0	85	1.418	[33.75042089 21.75042089]	0	0	
206	3.439	0.017	0	7.0	86	1.435	[33.63256976 21.63256976]	0	0	
207	3.455	0.016	0	7.0	87	1.451	[33.51471863 21.51471863]	0	0	
208	3.473	0.018	0	7.0	88	1.469	[33.3968675 21.3968675]	0	0	
209	3.489	0.016	0	7.0	89	1.485	[33.27901637 21.27901637]	0	0	
210	3.506	0.016	0	7.0	90	1.502	[33.16116524 21.16116524]	0	0	
211	3.522	0.016	0	7.0	91	1.518	[33.0433141 21.0433141]	0	0	
212	3.539	0.017	0	7.0	92	1.535	[32.92546297 20.92546297]	0	0	
213	3.556	0.017	0	7.0	93	1.552	[32.80761184 20.80761184]	0	0	
214	3.572	0.017	0	7.0	94	1.569	[32.68976071 20.68976071]	0	0	
215	3.589	0.017	0	7.0	95	1.585	[32.57190958 20.57190958]	0	0	
216	3.605	0.017	0	7.0	96	1.602	[32.45405845 20.45405845]	0	0	
217	3.622	0.017	0	7.0	97	1.618	[32.33620732 20.33620732]	0	0	
218	3.639	0.017	0	7.0	98	1.635	[32.21835619 20.21835619]	0	0	
219	3.656	0.017	0	7.0	99	1.652	[32.10050506 20.10050506]	0	0	
220	3.672	0.017	0	7.0	100	1.669	[31.98265393 19.98265393]	0	0	
221	3.689	0.016	0	7.0	101	1.685	[31.8648028 19.8648028]	0	0	
222	3.706	0.017	0	7.0	102	1.702	[31.74695167 19.74695167]	0	0	
223	3.722	0.016	0	7.0	103	1.718	[31.62910054 19.62910054]	0	0	
224	3.739	0.017	0	7.0	104	1.735	[31.51124941 19.51124941]	0	0	
225	3.755	0.016	0	7.0	105	1.751	[31.39339828 19.39339828]	0	0	
226	3.772	0.017	0	7.0	106	1.768	[31.27554715 19.27554715]	0	0	
227	3.789	0.018	0	7.0	107	1.786	[31.15769602 19.15769602]	0	0	
228	3.806	0.017	0	7.0	108	1.802	[31.03984489 19.03984489]	0	0	
229	3.823	0.017	0	7.0	109	1.819	[30.92199376 18.92199376]	0	0	
230	3.839	0.016	0	7.0	110	1.835	[30.80414263 18.80414263]	0	0	
231	3.856	0.017	0	7.0	111	1.852	[30.6862915 18.6862915]	0	0	
232	3.873	0.017	0	7.0	112	1.869	[30.56844037 18.56844037]	0	0	
233	3.889	0.017	0	7.0	113	1.885	[30.45058924 18.45058924]	0	0	
234	3.906	0.017	0	7.0	114	1.902	[30.33273811 18.33273811]	0	0	
235	3.922	0.017	0	7.0	115	1.919	[30.21488698 18.21488698]	0	0	
236	3.939	0.017	0	7.0	116	1.935	[30.09703585 18.09703585]	0	0	
237	3.956	0.017	0	7.0	117	1.952	[29.97918472 17.97918472]	0	0	
238	3.973	0.017	0	7.0	118	1.969	[29.86133359 17.86133359]	0	0	
239	3.989	0.016	0	7.0	119	1.985	[29.74348246 17.74348246]	0	0	
240	4.005	0.017	0	7.0	120	2.001	[29.62563133 17.62563133]	0	0	
241	4.022	0.017	0	7.0	121	2.019	[29.5077802 17.5077802]	0	0	
242	4.039	0.017	0	7.0	122	2.035	[29.38992907 17.38992907]	0	0	
243	4.055	0.016	0	7.0	123	2.051	[29.27207794 17.27207794]	0	0	
244	4.073	0.018	0	7.0	124	2.069	[29.15422681 17.15422681]	0	0	
245	4.089	0.016	0	7.0	125	2.086	[29.03637568 17.03637568]	0	0	
246	4.106	0.016	0	7.0	126	2.102	[28.91852455 16.91852455]	0	0	
247	4.122	0.017	0	7.0	127	2.119	[28.80067342 16.80067342]	0	0	
248	4.139	0.017	0	7.0	128	2.136	[28.68282229 16.68282229]	0	0	
249	4.156	0.016	0	7.0	129	2.152	[28.56497116 16.56497116]	0	0	
250	4.173	0.017	0	7.0	130	2.169	[28.44712003 16.44712003]	0	0	
251	4.189	0.016	0	7.0	131	2.185	[28.3292689 16.3292689]	0	0	
252	4.206	0.017	0	7.0	132	2.202	[28.21141777 16.21141777]	0	0	
253	4.222	0.016	0	7.0	133	2.218	[28.09356664 16.09356664]	0	0	
254	4.239	0.017	0	7.0	134	2.235	[27.97571551 15.97571551]	0	0	
255	4.255	0.017	0	7.0	135	2.252	[27.85786438 15.85786438]	0	0	
256	4.273	0.017	0	7.0	136	2.269	[27.74001325 15.74001325]	0	0	
257	4.289	0.017	0	7.0	137	2.285	[27.62216212 15.62216212]	0	0	
258	4.305	0.016	0	7.0	138	2.301	[27.50431099 15.50431099]	0	0	
259	4.323	0.018	0	7.0	139	2.319	[27.38645986 15.38645986]	0	0	
260	4.339	0.016	0	7.0	140	2.335	[27.26860873 15.26860873]	0	0	
261	4.356	0.017	0	7.0	141	2.352	[27.1507576 15.1507576]	0	0	
262	4.372	0.016	0	7.0	142	2.369	[27.03290646 15.03290646]	0	0	
263	4.39	0.017	0	7.0	143	2.386	[26.91505533 14.91505533]	0	0	
264	4.405	0.016	0	7.0	144	2.401	[26.7972042 14.7972042]	0	0	
265	4.423	0.018	0	7.0	145	2.419	[26.67935307 14.67935307]	0	0	
266	4.439	0.016	0	7.0	146	2.436	[26.56150194 14.56150194]	0	0	
267	4.456	0.016	0	7.0	147	2.452	[26.44365081 14.44365081]	0	0	
268	4.472	0.017	0	7.0	148	2.469	[26.32579968 14.32579968]	0	0	
269	4.489	0.017	0	7.0	149	2.486	[26.20794855 14.20794855]	0	0	
270	4.506	0.017	0	7.0	150	2.502	[26.09009742 14.09009742]	0	0	
271	4.523	0.017	0	7.0	151	2.519	[25.97224629 13.97224629]	0	0	
272	4.54	0.017	0	7.0	152	2.536	[25.85439516 13.85439516]	0	0	
273	4.556	0.017	0	7.0	153	2.553	[25.73654403 13.73654403]	0	0	
274	4.573	0.016	0	7.0	154	2.569	[25.6186929 13.6186929]	0	0	
275	4.589	0.016	0	7.0	155	2.585	[25.50084177 13.50084177]	0	0	
276	4.606	0.018	0	7.0	156	2.603	[25.38299064 13.38299064]	0	0	
277	4.623	0.016	0	7.0	157	2.619	[25.26513951 13.26513951]	0	0	
278	4.639	0.016	0	7.0	158	2.635	[25.14728838 13.14728838]	0	0	
279	4.657	0.018	0	7.0	159	2.653	[25.02943725 13.02943725]	0	0	
280	4.673	0.016	0	7.0	160	2.669	[24.91158612 12.91158612]	0	0	
281	4.689	0.017	0	7.0	161	2.686	[24.79373499 12.79373499]	0	0	
282	4.706	0.017	0	7.0	162	2.702	[24.67588386 12.67588386]	0	0	
283	4.722	0.016	0	7.0	163	2.718	[24.55803273 12.55803273]	0	0	
284	4.74	0.018	0	7.0	164	2.736	[24.4401816 12.4401816]	0	0	
285	4.756	0.016	0	7.0	165	2.752	[24.32233047 12.32233047]	0	0	
286	4.773	0.017	0	7.0	166	2.769	[24.20447934 12.20447934]	0	0	
287	4.789	0.017	0	7.0	167	2.786	[24.08662821 12.08662821]	0	0	
288	4.806	0.017	0	7.0	168	2.802	[23.96877708 11.96877708]	0	0	
289	4.823	0.017	0	7.0	169	2.819	[23.85092595 11.85092595]	0	0	
290	4.839	0.017	0	7.0	170	2.836	[23.73307482 11.73307482]	0	0	
291	4.856	0.017	0	7.0	171	2.852	[23.61522369 11.61522369]	0	0	
292	4.873	0.017	0	7.0	172	2.869	[23.49737256 11.49737256]	0	0	
293	4.889	0.016	0	7.0	173	2.885	[23.37952143 11.37952143]	0	0	
294	4.907	0.018	0	7.0	174	2.903	[23.2616703 11.2616703]	0	0	
295	4.923	0.016	0	7.0	175	2.919	[23.14381917 11.14381917]	0	0	
296	4.938	0.016	0	7.0	176	2.935	[23.02596804 11.02596804]	0	0	
297	4.957	0.019	0	7.0	177	2.954	[22.90811691 10.90811691]	0	0	
298	4.972	0.015	0	7.0	178	2.968	[22.79026578 10.79026578]	0	0	
299	4.989	0.017	0	7.0	179	2.986	[22.67241465 10.67241465]	0	0	
300	5.006	0.016	0	7.0	180	3.002	[22.55456352 10.55456352]	0	0	
301	5.022	0.017	0	7.0	181	3.019	[22.43671239 10.43671239]	0	0	
302	5.04	0.017	0	7.0	182	3.036	[22.31886126 10.31886126]	0	0	
303	5.056	0.016	0	7.0	183	3.052	[22.20101013 10.20101013]	0	0	
304	5.072	0.017	0	7.0	184	3.068	[22.083159 10.083159]	0	0	
305	5.089	0.017	0	7.0	185	3.085	[21.96530787  9.96530787]	0	0	
306	5.106	0.017	0	7.0	186	3.102	[21.84745674  9.84745674]	0	0	
307	5.123	0.017	0	7.0	187	3.119	[21.72960561  9.72960561]	0	0	
308	5.14	0.017	0	7.0	188	3.136	[21.61175448  9.61175448]	0	0	
309	5.156	0.016	0	7.0	189	3.152	[21.49390335  9.49390335]	0	0	
310	5.172	0.016	0	7.0	190	3.168	[21.37605222  9.37605222]	0	0	
311	5.189	0.017	0	7.0	191	3.185	[21.25820109  9.25820109]	0	0	
312	5.205	0.016	0	7.0	192	3.202	[21.14034995  9.14034995]	0	0	
313	5.222	0.017	0	7.0	193	3.219	[21.02249882  9.02249882]	0	0	
314	5.239	0.016	0	7.0	194	3.235	[20.90464769  8.90464769]	0	0	
315	5.256	0.017	0	7.0	195	3.252	[20.78679656  8.78679656]	0	0	
316	5.272	0.017	0	7.0	196	3.269	[20.66894543  8.66894543]	0	0	
317	5.289	0.017	0	7.0	197	3.285	[20.5510943  8.5510943]	0	0	
318	5.306	0.017	0	7.0	198	3.302	[20.43324317  8.43324317]	0	0	
319	5.322	0.017	0	7.0	199	3.318	[20.31539204  8.31539204]	0	0	
320	5.339	0.016	0	7.0	200	3.335	[20.19754091  8.19754091]	0	0	
321	5.356	0.017	0	7.0	201	3.352	[20.07968978  8.07968978]	0	0	
322	5.372	0.017	0	7.0	202	3.368	[19.96183865  7.96183865]	0	0	
323	5.39	0.017	0	7.0	203	3.386	[19.84398752  7.84398752]	0	0	
324	5.405	0.016	0	7.0	204	3.402	[19.72613639  7.72613639]	0	0	
325	5.423	0.017	0	7.0	205	3.419	[19.60828526  7.60828526]	0	0	
326	5.439	0.016	0	7.0	206	3.435	[19.49043413  7.49043413]	0	0	
327	5.456	0.017	0	7.0	207	3.452	[19.372583  7.372583]	0	0	
328	5.472	0.016	0	7.0	208	3.468	[19.25473187  7.25473187]	0	0	
329	5.489	0.017	0	7.0	209	3.486	[19.13688074  7.13688074]	0	0	
330	5.506	0.016	0	7.0	210	3.502	[19.01902961  7.01902961]	0	0	
331	5.522	0.017	0	7.0	211	3.518	[18.90117848  6.90117848]	0	0	
332	5.539	0.017	0	7.0	212	3.536	[18.78332735  6.78332735]	0	0	
333	5.555	0.016	0	7.0	213	3.552	[18.66547622  6.66547622]	0	0	
334	5.573	0.017	0	7.0	214	3.569	[18.54762509  6.54762509]	0	0	
335	5.589	0.016	0	7.0	215	3.585	[18.42977396  6.42977396]	0	0	
336	5.606	0.017	0	7.0	216	3.602	[18.31192283  6.31192283]	0	0	
337	5.623	0.017	0	7.0	217	3.619	[18.1940717  6.1940717]	0	0	
338	5.639	0.016	0	7.0	218	3.636	[18.07622057  6.07622057]	0	0	
339	5.656	0.016	0	7.0	219	3.652	[17.95836944  5.95836944]	0	0	
340	5.672	0.017	0	7.0	220	3.669	[17.84051831  5.84051831]	0	0	
341	5.689	0.017	0	7.0	221	3.686	[17.72266718  5.72266718]	0	0	
342	5.706	0.017	0	7.0	222	3.703	[17.60481605  5.60481605]	0	0	
343	5.722	0.016	0	7.0	223	3.718	[17.48696492  5.48696492]	0	0	
344	5.739	0.017	0	7.0	224	3.736	[17.36911379  5.36911379]	0	0	
345	5.756	0.017	0	7.0	225	3.752	[17.25126266  5.25126266]	0	0	
346	5.772	0.016	0	7.0	226	3.769	[17.13341153  5.13341153]	0	0	
347	5.789	0.017	0	7.0	227	3.786	[17.0155604  5.0155604]	0	0	
348	5.806	0.016	0	7.0	228	3.802	[16.89770927  4.89770927]	0	0	
349	5.823	0.017	0	7.0	229	3.819	[16.77985814  4.77985814]	0	0	
350	5.84	0.017	0	7.0	230	3.836	[16.66200701  4.66200701]	0	0	
351	5.856	0.016	0	7.0	231	3.852	[16.54415588  4.54415588]	0	0	
352	5.872	0.017	0	7.0	232	3.869	[16.42630475  4.42630475]	0	0	
353	5.89	0.017	0	7.0	233	3.886	[16.30845362  4.30845362]	0	0	
354	5.906	0.016	0	7.0	234	3.902	[16.19060249  4.19060249]	0	0	
355	5.923	0.017	0	7.0	235	3.919	[16.07275136  4.07275136]	0	0	
356	5.94	0.017	0	7.0	236	3.936	[15.95490023  3.95490023]	0	0	
357	5.956	0.016	0	7.0	237	3.952	[15.8370491  3.8370491]	0	0	
358	5.973	0.017	0	7.0	238	3.969	[15.71919797  3.71919797]	0	0	
359	5.99	0.017	0	7.0	239	3.986	[15.60134684  3.60134684]	0	0	
360	6.006	0.016	0	7.0	240	4.003	[15.48349571  3.48349571]	0	0	
361	6.023	0.017	0	7.0	241	4.019	[15.36564458  3.36564458]	0	0	
362	6.04	0.017	0	7.0	242	4.036	[15.24779345  3.24779345]	0	0	
363	6.057	0.017	0	7.0	243	4.053	[15.12994231  3.12994231]	0	0	
364	6.073	0.017	0	7.0	244	4.069	[15.01209118  3.01209118]	0	0	
365	6.09	0.016	0	7.0	245	4.086	[14.89424005  2.89424005]	0	0	
366	6.106	0.017	0	7.0	246	4.103	[14.77638892  2.77638892]	0	0	
367	6.123	0.017	0	7.0	247	4.119	[14.65853779  2.65853779]	0	0	
368	6.14	0.017	0	7.0	248	4.136	[14.54068666  2.54068666]	0	0	
369	6.156	0.017	0	7.0	249	4.153	[14.42283553  2.42283553]	0	0	
370	6.173	0.017	0	7.0	250	4.17	[14.3049844  2.3049844]	0	0	
371	6.19	0.017	0	7.0	251	4.186	[14.18713327  2.18713327]	0	0	
372	6.207	0.017	0	7.0	252	4.203	[14.06928214  2.06928214]	0	0	
373	6.223	0.016	0	7.0	253	4.219	[13.95143101  1.95143101]	0	0	
374	6.24	0.016	0	7.0	254	4.236	[13.83357988  1.83357988]	0	0	
375	6.257	0.017	0	7.0	255	4.253	[13.71572875  1.71572875]	0	0	
376	6.272	0.016	0	7.0	256	4.269	[13.59787762  1.59787762]	0	0	
377	6.291	0.018	0	7.0	257	4.287	[13.48002649  1.48002649]	0	0	
378	6.306	0.016	0	7.0	258	4.303	[13.36217536  1.36217536]	0	0	
379	6.323	0.017	0	7.0	259	4.319	[13.24432423  1.24432423]	0	0	
380	6.34	0.017	0	7.0	260	4.336	[13.1264731  1.1264731]	0	0	
381	6.357	0.017	0	7.0	261	4.353	[13.00862197  1.00862197]	0	0	
382	6.373	0.017	0	7.0	262	4.37	[12.89077084  0.89077084]	0	0	
383	6.39	0.016	0	7.0	263	4.386	[12.77291971  0.77291971]	0	0	
384	6.407	0.017	0	7.0	264	4.403	[12.65506858  0.65506858]	0	0	
385	6.422	0.016	0	7.0	265	4.419	[12.53721745  0.53721745]	0	0	
386	6.443	0.02	0	7.0	266	4.439	[12.41936632  0.41936632]	0	0	
387	6.458	0.015	0	7.0	267	4.454	[12.30151519  0.30151519]	0	0	
388	6.476	0.018	0	7.0	268	4.472	[12.18366406  0.18366406]	0	0	
389	6.492	0.016	0	7.0	269	4.488	[12.06581293  0.06581293]	0	0	
390	6.509	0.017	0	7.0	270	4.505	[11.9479618 -0.0520382]	0	0	
391	6.525	0.017	0	7.0	271	4.521	[11.83011067 -0.16988933]	0	0	
392	6.542	0.017	0	7.0	272	4.538	[11.71225954 -0.28774046]	0	0	
393	6.558	0.017	0	7.0	273	4.555	[11.59440841 -0.40559159]	0	0	
394	6.575	0.017	0	7.0	274	4.571	[11.47655728 -0.52344272]	0	0	
395	6.592	0.017	0	7.0	275	4.588	[11.35870615 -0.64129385]	0	0	
396	6.608	0.016	0	7.0	276	4.605	[11.24085502 -0.75914498]	0	0	
397	6.625	0.017	0	7.0	277	4.621	[11.12300389 -0.87699611]	0	0	
398	6.642	0.017	0	7.0	278	4.638	[11.00515276 -0.99484724]	0	0	
399	6.658	0.017	0	7.0	279	4.655	[10.88730163 -1.11269837]	0	0	
400	6.675	0.017	0	7.0	280	4.671	[10.7694505 -1.2305495]	0	0	
401	6.692	0.016	0	7.0	281	4.688	[10.65159937 -1.34840063]	0	0	
402	6.709	0.017	0	7.0	282	4.705	[10.53374824 -1.46625176]	0	0	
403	6.725	0.017	0	7.0	283	4.722	[10.41589711 -1.58410289]	0	0	
404	6.741	0.016	0	7.0	284	4.737	[10.29804598 -1.70195402]	0	0	
405	6.759	0.018	0	7.0	285	4.755	[10.18019485 -1.81980515]	0	0	
406	6.776	0.017	0	7.0	286	4.772	[10.06234372 -1.93765628]	0	0	
407	6.792	0.016	0	7.0	287	4.788	[ 9.94449259 -2.05550741]	0	0	
408	6.809	0.017	0	7.0	288	4.805	[ 9.82664146 -2.17335854]	0	0	
409	6.826	0.017	0	7.0	289	4.822	[ 9.70879033 -2.29120967]	0	0	
410	6.842	0.016	0	7.0	290	4.838	[ 9.5909392 -2.4090608]	0	0	
411	6.858	0.017	0	7.0	291	4.855	[ 9.47308807 -2.52691193]	0	0	
412	6.875	0.017	0	7.0	292	4.871	[ 9.35523694 -2.64476306]	0	0	
413	6.891	0.016	0	7.0	293	4.887	[ 9.23738581 -2.76261419]	0	0	
414	6.909	0.018	0	7.0	294	4.905	[ 9.11953467 -2.88046533]	0	0	
415	6.926	0.017	0	7.0	295	4.922	[ 9.00168354 -2.99831646]	0	0	
416	6.941	0.016	0	7.0	296	4.937	[ 8.88383241 -3.11616759]	0	0	
417	6.959	0.018	0	7.0	297	4.955	[ 8.76598128 -3.23401872]	0	0	
418	6.976	0.017	0	7.0	298	4.972	[ 8.64813015 -3.35186985]	0	0	
419	6.992	0.016	0	7.0	299	4.988	[ 8.53027902 -3.46972098]	0	0	
420	7.009	0.017	0	7.0	300	5.005	[ 8.41242789 -3.58757211]	0	0	
421	7.025	0.016	0	7.0	301	5.021	[ 8.29457676 -3.70542324]	0	0	
422	7.042	0.017	0	7.0	302	5.038	[ 8.17672563 -3.82327437]	0	0	
423	7.058	0.016	0	7.0	303	5.054	[ 8.0588745 -3.9411255]	0	0	
424	7.076	0.018	0	7.0	304	5.072	[ 7.94102337 -4.05897663]	0	0	
425	7.091	0.015	0	7.0	305	5.087	[ 7.82317224 -4.17682776]	0	0	
426	7.109	0.018	0	7.0	306	5.105	[ 7.70532111 -4.29467889]	0	0	
427	7.125	0.016	0	7.0	307	5.121	[ 7.58746998 -4.41253002]	0	0	
428	7.142	0.016	0	7.0	308	5.138	[ 7.46961885 -4.53038115]	0	0	
429	7.159	0.017	0	7.0	309	5.155	[ 7.35176772 -4.64823228]	0	0	
430	7.175	0.017	0	7.0	310	5.172	[ 7.23391659 -4.76608341]	0	0	
431	7.191	0.016	0	7.0	311	5.187	[ 7.11606546 -4.88393454]	0	0	
432	7.209	0.018	0	7.0	312	5.205	[ 6.99821433 -5.00178567]	0	0	
433	7.225	0.016	0	7.0	313	5.221	[ 6.8803632 -5.1196368]	0	0	
434	7.242	0.017	0	7.0	314	5.238	[ 6.76251207 -5.23748793]	0	0	
435	7.259	0.017	0	7.0	315	5.255	[ 6.64466094 -5.35533906]	0	0	
436	7.276	0.017	0	7.0	316	5.272	[ 6.52680981 -5.47319019]	0	0	
437	7.291	0.016	0	7.0	317	5.288	[ 6.40895868 -5.59104132]	0	0	
438	7.308	0.017	0	7.0	318	5.304	[ 6.29110755 -5.70889245]	0	0	
439	7.325	0.017	0	7.0	319	5.321	[ 6.17325642 -5.82674358]	0	0	
440	7.341	0.016	0	7.0	320	5.338	[ 6.05540529 -5.94459471]	0	0	
441	7.359	0.017	0	7.0	321	5.355	[ 5.93755416 -6.06244584]	0	0	
442	7.375	0.016	0	7.0	322	5.371	[ 5.81970303 -6.18029697]	0	0	
443	7.392	0.017	0	7.0	323	5.388	[ 5.7018519 -6.2981481]	0	0	
444	7.409	0.017	0	7.0	324	5.405	[ 5.58400077 -6.41599923]	0	0	
445	7.425	0.016	0	7.0	325	5.421	[ 5.46614964 -6.53385036]	0	0	
446	7.443	0.018	0	7.0	326	5.439	[ 5.34829851 -6.65170149]	0	0	
447	7.458	0.016	0	7.0	327	5.455	[ 5.23044738 -6.76955262]	0	0	
448	7.475	0.016	0	7.0	328	5.471	[ 5.11259625 -6.88740375]	0	0	
449	7.492	0.017	0	7.0	329	5.488	[ 4.99474512 -7.00525488]	0	0	
450	7.508	0.017	0	7.0	330	5.505	[ 4.87689399 -7.12310601]	0	0	
451	7.525	0.016	0	7.0	331	5.521	[ 4.75904286 -7.24095714]	0	0	
452	7.543	0.018	0	7.0	332	5.539	[ 4.64119173 -7.35880827]	0	0	
453	7.559	0.016	0	7.0	333	5.555	[ 4.5233406 -7.4766594]	0	0	
454	7.576	0.017	0	7.0	334	5.572	[ 4.40548947 -7.59451053]	0	0	
455	7.592	0.016	0	7.0	335	5.588	[ 4.28763834 -7.71236166]	0	0	
456	7.609	0.016	0	7.0	336	5.605	[ 4.16978721 -7.83021279]	0	0	
457	7.625	0.017	0	7.0	337	5.621	[ 4.05193608 -7.94806392]	0	0	
458	7.642	0.017	0	7.0	338	5.638	[ 3.93408495 -8.06591505]	0	0	
459	7.658	0.016	0	7.0	339	5.654	[ 3.81623382 -8.18376618]	0	0	
460	7.676	0.017	0	7.0	340	5.672	[ 3.69838269 -8.30161731]	0	0	
461	7.692	0.016	0	7.0	341	5.688	[ 3.58053156 -8.41946844]	0	0	
462	7.709	0.017	0	7.0	342	5.705	[ 3.46268043 -8.53731957]	0	0	
463	7.725	0.016	0	7.0	343	5.721	[ 3.3448293 -8.6551707]	0	0	
464	7.743	0.018	0	7.0	344	5.739	[ 3.22697816 -8.77302184]	0	0	
465	7.759	0.016	0	7.0	345	5.755	[ 3.10912703 -8.89087297]	0	0	
466	7.776	0.017	0	7.0	346	5.772	[ 2.9912759 -9.0087241]	0	0	
467	7.792	0.017	0	7.0	347	5.788	[ 2.87342477 -9.12657523]	0	0	
468	7.808	0.016	0	7.0	348	5.804	[ 2.75557364 -9.24442636]	0	0	
469	7.826	0.017	0	7.0	349	5.822	[ 2.63772251 -9.36227749]	0	0	
470	7.842	0.017	0	7.0	350	5.838	[ 2.51987138 -9.48012862]	0	0	
471	7.859	0.017	0	7.0	351	5.855	[ 2.40202025 -9.59797975]	0	0	
472	7.876	0.017	0	7.0	352	5.872	[ 2.28416912 -9.71583088]	0	0	
473	7.892	0.016	0	7.0	353	5.888	[ 2.16631799 -9.83368201]	0	0	
474	7.909	0.017	0	7.0	354	5.905	[ 2.04846686 -9.95153314]	0	0	
475	7.926	0.017	0	7.0	355	5.922	[  1.93061573 -10.06938427]	0	0	
476	7.942	0.016	0	7.0	356	5.938	[  1.8127646 -10.1872354]	0	0	
477	7.959	0.017	0	7.0	357	5.955	[  1.69491347 -10.30508653]	0	0	
478	7.976	0.017	0	7.0	358	5.972	[  1.57706234 -10.42293766]	0	0	
479	7.992	0.017	0	7.0	359	5.989	[  1.45921121 -10.54078879]	0	0	
480	8.009	0.017	0	7.0	360	6.005	[  1.34136008 -10.65863992]	0	0	
481	8.026	0.017	0	7.0	361	6.022	[  1.22350895 -10.77649105]	0	0	
482	8.042	0.017	0	7.0	362	6.039	[  1.10565782 -10.89434218]	0	0	
483	8.059	0.017	0	7.0	363	6.055	[  0.98780669 -11.01219331]	0	0	
484	8.076	0.017	0	7.0	364	6.072	[  0.86995556 -11.13004444]	0	0	
485	8.092	0.017	0	7.0	365	6.089	[  0.75210443 -11.24789557]	0	0	
486	8.108	0.016	0	7.0	366	6.104	[  0.6342533 -11.3657467]	0	0	
487	8.126	0.018	0	7.0	367	6.122	[  0.51640217 -11.48359783]	0	0	
488	8.143	0.017	0	7.0	368	6.139	[  0.39855104 -11.60144896]	0	0	
489	8.159	0.016	0	7.0	369	6.155	[  0.28069991 -11.71930009]	0	0	
490	8.176	0.017	0	7.0	370	6.172	[  0.16284878 -11.83715122]	0	0	
491	8.192	0.016	0	7.0	371	6.188	[  0.04499765 -11.95500235]	0	0	
492	8.209	0.017	0	7.0	372	6.205	[ -0.07285348 -12.07285348]	0	0	
493	8.226	0.017	0	7.0	373	6.222	[ -0.19070461 -12.19070461]	0	0	
494	8.242	0.017	0	7.0	374	6.239	[ -0.30855574 -12.30855574]	0	0	
495	8.259	0.017	0	7.0	375	6.255	[ -0.42640687 -12.42640687]	0	0	
496	8.275	0.016	0	7.0	376	6.272	[ -0.544258 -12.544258]	0	0	
497	8.293	0.017	0	7.0	377	6.289	[ -0.66210913 -12.66210913]	0	0	
498	8.309	0.016	0	7.0	378	6.305	[ -0.77996026 -12.77996026]	0	0	
499	8.326	0.017	0	7.0	379	6.322	[ -0.89781139 -12.89781139]	0	0	
500	8.343	0.017	0	7.0	380	6.339	[ -1.01566252 -13.01566252]	0	0	
501	8.359	0.016	0	7.0	381	6.355	[ -1.13351365 -13.13351365]	0	0	
502	8.376	0.017	0	7.0	382	6.372	[ -1.25136478 -13.25136478]	0	0	
503	8.392	0.017	0	7.0	383	6.389	[ -1.36921591 -13.36921591]	0	0	
504	8.41	0.017	0	7.0	384	6.406	[ -1.48706704 -13.48706704]	0	0	
505	8.426	0.016	0	7.0	385	6.422	[ -1.60491817 -13.60491817]	0	0	
506	8.443	0.017	0	7.0	386	6.439	[ -1.7227693 -13.7227693]	0	0	
507	8.459	0.016	0	7.0	387	6.455	[ -1.84062043 -13.84062043]	0	0	
508	8.476	0.016	0	7.0	388	6.472	[ -1.95847156 -13.95847156]	0	0	
509	8.493	0.017	0	7.0	389	6.489	[ -2.07632269 -14.07632269]	0	0	
510	8.509	0.016	0	7.0	390	6.505	[ -2.19417382 -14.19417382]	0	0	
511	8.525	0.016	0	7.0	391	6.521	[ -2.31202495 -14.31202495]	0	0	
512	8.543	0.018	0	7.0	392	6.539	[ -2.42987608 -14.42987608]	0	0	
513	8.559	0.017	0	7.0	393	6.556	[ -2.54772721 -14.54772721]	0	0	
514	8.576	0.016	0	7.0	394	6.572	[ -2.66557834 -14.66557834]	0	0	
515	8.592	0.017	0	7.0	395	6.589	[ -2.78342948 -14.78342948]	0	0	
516	8.609	0.017	0	7.0	396	6.605	[ -2.90128061 -14.90128061]	0	0	
517	8.626	0.017	0	7.0	397	6.622	[ -3.01913174 -15.01913174]	0	0	
518	8.642	0.016	0	7.0	398	6.638	[ -3.13698287 -15.13698287]	0	0	
519	8.659	0.017	0	7.0	399	6.655	[ -3.254834 -15.254834]	0	0	
520	8.676	0.017	0	7.0	400	6.672	[ -3.37268513 -15.37268513]	0	0	
521	8.693	0.017	0	7.0	401	6.689	[ -3.49053626 -15.49053626]	0	0	
522	8.708	0.016	0	7.0	402	6.704	[ -3.60838739 -15.60838739]	0	0	
523	8.726	0.018	0	7.0	403	6.722	[ -3.72623852 -15.72623852]	0	0	
524	8.743	0.017	0	7.0	404	6.739	[ -3.84408965 -15.84408965]	0	0	
525	8.759	0.016	0	7.0	405	6.755	[ -3.96194078 -15.96194078]	0	0	
526	8.776	0.017	0	7.0	406	6.773	[ -4.07979191 -16.07979191]	0	0	
527	8.792	0.016	0	7.0	407	6.789	[ -4.19764304 -16.19764304]	0	0	
528	8.809	0.017	0	7.0	408	6.805	[ -4.31549417 -16.31549417]	0	0	
529	8.826	0.017	0	7.0	409	6.822	[ -4.4333453 -16.4333453]	0	0	
530	8.842	0.016	0	7.0	410	6.838	[ -4.55119643 -16.55119643]	0	0	
531	8.86	0.017	0	7.0	411	6.856	[ -4.66904756 -16.66904756]	0	0	
532	8.876	0.016	0	7.0	412	6.872	[ -4.78689869 -16.78689869]	0	0	
533	8.893	0.017	0	7.0	413	6.889	[ -4.90474982 -16.90474982]	0	0	
534	8.909	0.017	0	7.0	414	6.906	[ -5.02260095 -17.02260095]	0	0	
535	8.926	0.017	0	7.0	415	6.922	[ -5.14045208 -17.14045208]	0	0	
536	8.942	0.016	0	7.0	416	6.938	[ -5.25830321 -17.25830321]	0	0	
537	8.959	0.018	0	7.0	417	6.956	[ -5.37615434 -17.37615434]	0	0	
538	8.976	0.016	0	7.0	418	6.972	[ -5.49400547 -17.49400547]	0	0	
539	8.993	0.017	0	7.0	419	6.989	[ -5.6118566 -17.6118566]	0	0	
540	9.009	0.017	0	7.0	420	7.006	[ -5.72970773 -17.72970773]	0	0	
541	9.026	0.017	0	7.0	421	7.022	[ -5.84755886 -17.84755886]	0	0	
542	9.043	0.016	0	7.0	422	7.039	[ -5.96540999 -17.96540999]	0	0	
543	9.059	0.017	0	7.0	423	7.056	[ -6.08326112 -18.08326112]	0	0	
544	9.076	0.017	0	7.0	424	7.072	[ -6.20111225 -18.20111225]	0	0	
545	9.092	0.016	0	7.0	425	7.089	[ -6.31896338 -18.31896338]	0	0	
546	9.109	0.016	0	7.0	426	7.105	[ -6.43681451 -18.43681451]	0	0	
547	9.126	0.017	0	7.0	427	7.122	[ -6.55466564 -18.55466564]	0	0	
548	9.143	0.017	0	7.0	428	7.139	[ -6.67251677 -18.67251677]	0	0	
549	9.159	0.016	0	7.0	429	7.155	[ -6.7903679 -18.7903679]	0	0	
550	9.177	0.017	0	7.0	430	7.173	[ -6.90821903 -18.90821903]	0	0	
551	9.192	0.016	0	7.0	431	7.189	[ -7.02607016 -19.02607016]	0	0	
552	9.21	0.017	0	7.0	432	7.206	[ -7.14392129 -19.14392129]	0	0	
553	9.225	0.015	0	7.0	433	7.222	[ -7.26177242 -19.26177242]	0	0	
554	9.243	0.018	0	7.0	434	7.239	[ -7.37962355 -19.37962355]	0	0	
555	9.259	0.016	0	7.0	435	7.255	[ -7.49747468 -19.49747468]	0	0	
556	9.276	0.017	0	7.0	436	7.273	[ -7.61532581 -19.61532581]	0	0	
557	9.292	0.016	0	7.0	437	7.288	[ -7.73317694 -19.73317694]	0	0	
558	9.309	0.017	0	7.0	438	7.306	[ -7.85102807 -19.85102807]	0	0	
559	9.326	0.017	0	7.0	439	7.322	[ -7.9688792 -19.9688792]	0	0	
560	9.342	0.016	0	7.0	440	7.339	[ -8.08673033 -20.08673033]	0	0	
561	9.36	0.017	0	7.0	441	7.356	[ -8.20458146 -20.20458146]	0	0	
562	9.375	0.016	0	7.0	442	7.372	[ -8.32243259 -20.32243259]	0	0	
563	9.392	0.017	0	7.0	443	7.388	[ -8.44028372 -20.44028372]	0	0	
564	9.409	0.017	0	7.0	444	7.405	[ -8.55813485 -20.55813485]	0	0	
565	9.426	0.017	0	7.0	445	7.422	[ -8.67598599 -20.67598599]	0	0	
566	9.442	0.016	0	7.0	446	7.438	[ -8.79383712 -20.79383712]	0	0	
567	9.459	0.017	0	7.0	447	7.455	[ -8.91168825 -20.91168825]	0	0	
568	9.474	0.016	0	7.0	448	7.471	[ -9.02953938 -21.02953938]	0	0	
569	9.493	0.018	0	7.0	449	7.489	[ -9.14739051 -21.14739051]	0	0	
570	9.509	0.016	0	7.0	450	7.506	[ -9.26524164 -21.26524164]	0	0	
571	9.526	0.017	0	7.0	451	7.522	[ -9.38309277 -21.38309277]	0	0	
572	9.543	0.017	0	7.0	452	7.539	[ -9.5009439 -21.5009439]	0	0	
573	9.559	0.017	0	7.0	453	7.556	[ -9.61879503 -21.61879503]	0	0	
574	9.576	0.017	0	7.0	454	7.572	[ -9.73664616 -21.73664616]	0	0	
575	9.593	0.017	0	7.0	455	7.589	[ -9.85449729 -21.85449729]	0	0	
576	9.609	0.016	0	7.0	456	7.605	[ -9.97234842 -21.97234842]	0	0	
577	9.626	0.017	0	7.0	457	7.623	[-10.09019955 -22.09019955]	0	0	
578	9.642	0.016	0	7.0	458	7.639	[-10.20805068 -22.20805068]	0	0	
579	9.659	0.017	0	7.0	459	7.656	[-10.32590181 -22.32590181]	0	0	
580	9.676	0.017	0	7.0	460	7.672	[-10.44375294 -22.44375294]	0	0	
581	9.693	0.017	0	7.0	461	7.689	[-10.56160407 -22.56160407]	0	0	
582	9.709	0.017	0	7.0	462	7.706	[-10.6794552 -22.6794552]	0	0	
583	9.726	0.017	0	7.0	463	7.722	[-10.79730633 -22.79730633]	0	0	
584	9.743	0.017	0	7.0	464	7.739	[-10.91515746 -22.91515746]	0	0	
585	9.759	0.016	0	7.0	465	7.756	[-11.03300859 -23.03300859]	0	0	
586	9.776	0.017	0	7.0	466	7.773	[-11.15085972 -23.15085972]	0	0	
587	9.793	0.016	0	7.0	467	7.789	[-11.26871085 -23.26871085]	0	0	
588	9.809	0.017	0	7.0	468	7.806	[-11.38656198 -23.38656198]	0	0	
589	9.826	0.017	0	7.0	469	7.822	[-11.50441311 -23.50441311]	0	0	
590	9.843	0.017	0	7.0	470	7.839	[-11.62226424 -23.62226424]	0	0	
591	9.859	0.017	0	7.0	471	7.856	[-11.74011537 -23.74011537]	0	0	
592	9.876	0.017	0	7.0	472	7.872	[-11.8579665 -23.8579665]	0	0	
593	9.893	0.017	0	7.0	473	7.889	[-11.97581763 -23.97581763]	0	0	
594	9.909	0.017	0	7.0	474	7.906	[-12.09366876 -24.09366876]	0	0	
595	9.926	0.017	0	7.0	475	7.922	[-12.21151989 -24.21151989]	0	0	
596	9.943	0.017	0	7.0	476	7.939	[-12.32937102 -24.32937102]	0	0	
597	9.959	0.016	0	7.0	477	7.955	[-12.44722215 -24.44722215]	0	0	
598	9.976	0.017	0	7.0	478	7.973	[-12.56507328 -24.56507328]	0	0	
599	9.993	0.016	0	7.0	479	7.989	[-12.68292441 -24.68292441]	0	0	
600	10.009	0.017	0	7.0	480	8.006	[-12.80077554 -24.80077554]	0	0	
601	10.026	0.017	0	7.0	481	8.022	[-12.91862667 -24.91862667]	0	0	
602	10.043	0.017	0	7.0	482	8.039	[-13.0364778 -25.0364778]	0	0	
603	10.059	0.017	0	7.0	483	8.056	[-13.15432893 -25.15432893]	0	0	
604	10.076	0.017	0	7.0	484	8.073	[-13.27218006 -25.27218006]	0	0	
605	10.093	0.016	0	7.0	485	8.089	[-13.39003119 -25.39003119]	0	0	
606	10.11	0.017	0	7.0	486	8.106	[-13.50788232 -25.50788232]	0	0	
607	10.126	0.016	0	7.0	487	8.122	[-13.62573345 -25.62573345]	0	0	
608	10.143	0.016	0	7.0	488	8.139	[-13.74358458 -25.74358458]	0	0	
609	10.16	0.017	0	7.0	489	8.156	[-13.86143571 -25.86143571]	0	0	
610	10.176	0.016	0	7.0	490	8.172	[-13.97928684 -25.97928684]	0	0	
611	10.194	0.018	0	7.0	491	8.19	[-14.09713797 -26.09713797]	0	0	
612	10.21	0.016	0	7.0	492	8.206	[-14.2149891 -26.2149891]	0	0	
613	10.226	0.017	0	7.0	493	8.222	[-14.33284023 -26.33284023]	0	0	
614	10.243	0.017	0	7.0	494	8.239	[-14.45069136 -26.45069136]	0	0	
615	10.259	0.016	0	7.0	495	8.256	[-14.56854249 -26.56854249]	0	0	
616	10.276	0.017	0	7.0	496	8.272	[-14.68639363 -26.68639363]	0	0	
617	10.292	0.016	0	7.0	497	8.289	[-14.80424476 -26.80424476]	0	0	
618	10.31	0.017	0	7.0	498	8.306	[-14.92209589 -26.92209589]	0	0	
619	10.326	0.016	0	7.0	499	8.322	[-15.03994702 -27.03994702]	0	0	
620	10.343	0.017	0	7.0	500	8.34	[-15.15779815 -27.15779815]	0	0	
621	10.359	0.016	0	7.0	501	8.356	[-15.27564928 -27.27564928]	0	0	
622	10.376	0.017	0	7.0	502	8.372	[-15.39350041 -27.39350041]	0	0	
623	10.393	0.017	0	7.0	503	8.389	[-15.51135154 -27.51135154]	0	0	
624	10.41	0.017	0	7.0	504	8.406	[-15.62920267 -27.62920267]	0	0	
625	10.426	0.017	0	7.0	505	8.423	[-15.7470538 -27.7470538]	0	0	
626	10.443	0.016	0	7.0	506	8.439	[-15.86490493 -27.86490493]	0	0	
627	10.46	0.017	0	7.0	507	8.456	[-15.98275606 -27.98275606]	0	0	
628	10.476	0.016	0	7.0	508	8.472	[-16.10060719 -28.10060719]	0	0	
629	10.493	0.018	0	7.0	509	8.489	[-16.21845832 -28.21845832]	0	0	
630	10.51	0.016	0	7.0	510	8.506	[-16.33630945 -28.33630945]	0	0	
631	10.526	0.017	0	7.0	511	8.522	[-16.45416058 -28.45416058]	0	0	
632	10.543	0.017	0	7.0	512	8.539	[-16.57201171 -28.57201171]	0	0	
633	10.56	0.017	0	7.0	513	8.556	[-16.68986284 -28.68986284]	0	0	
634	10.576	0.017	0	7.0	514	8.573	[-16.80771397 -28.80771397]	0	0	
635	10.593	0.016	0	7.0	515	8.589	[-16.9255651 -28.9255651]	0	0	
636	10.61	0.017	0	7.0	516	8.606	[-17.04341623 -29.04341623]	0	0	
637	10.626	0.016	0	7.0	517	8.622	[-17.16126736 -29.16126736]	0	0	
638	10.643	0.017	0	7.0	518	8.639	[-17.27911849 -29.27911849]	0	0	
639	10.659	0.016	0	7.0	519	8.655	[-17.39696962 -29.39696962]	0	0	
640	10.676	0.017	0	7.0	520	8.672	[-17.51482075 -29.51482075]	0	0	
641	10.692	0.016	0	7.0	521	8.689	[-17.63267188 -29.63267188]	0	0	
642	10.709	0.017	0	7.0	522	8.705	[-17.75052301 -29.75052301]	0	0	
643	10.727	0.017	0	7.0	523	8.723	[-17.86837414 -29.86837414]	0	0	
644	10.743	0.016	0	7.0	524	8.739	[-17.98622527 -29.98622527]	0	0	
645	10.76	0.017	0	7.0	525	8.756	[-18.1040764 -30.1040764]	0	0	
646	10.777	0.017	0	7.0	526	8.773	[-18.22192753 -30.22192753]	0	0	
647	10.793	0.016	0	7.0	527	8.789	[-18.33977866 -30.33977866]	0	0	
648	10.81	0.017	0	7.0	528	8.806	[-18.45762979 -30.45762979]	0	0	
649	10.826	0.016	0	7.0	529	8.823	[-18.57548092 -30.57548092]	0	0	
650	10.843	0.017	0	7.0	530	8.84	[-18.69333205 -30.69333205]	0	0	
651	10.86	0.017	0	7.0	531	8.856	[-18.81118318 -30.81118318]	0	0	
652	10.877	0.017	0	7.0	532	8.873	[-18.92903431 -30.92903431]	0	0	
653	10.893	0.016	0	7.0	533	8.889	[-19.04688544 -31.04688544]	0	0	
654	10.91	0.017	0	7.0	534	8.907	[-19.16473657 -31.16473657]	0	0	
655	10.926	0.016	0	7.0	535	8.923	[-19.2825877 -31.2825877]	0	0	
656	10.943	0.017	0	7.0	536	8.94	[-19.40043883 -31.40043883]	0	0	
657	10.96	0.017	0	7.0	537	8.956	[-19.51828996 -31.51828996]	0	0	
658	10.976	0.016	0	7.0	538	8.973	[-19.63614109 -31.63614109]	0	0	
659	10.993	0.017	0	7.0	539	8.989	[-19.75399222 -31.75399222]	0	0	
660	11.01	0.017	0	7.0	540	9.006	[-19.87184335 -31.87184335]	0	0	
661	11.026	0.016	0	7.0	541	9.023	[-19.98969448 -31.98969448]	0	0	
662	11.043	0.017	0	7.0	542	9.04	[-20.10754561 -32.10754561]	0	0	
663	11.06	0.016	0	7.0	543	9.056	[-20.22539674 -32.22539674]	0	0	
664	11.076	0.017	0	7.0	544	9.072	[-20.34324787 -32.34324787]	0	0	
665	11.093	0.017	0	7.0	545	9.089	[-20.461099 -32.461099]	0	0	
666	11.11	0.016	0	7.0	546	9.106	[-20.57895014 -32.57895014]	0	0	
667	11.127	0.017	0	7.0	547	9.123	[-20.69680127 -32.69680127]	0	0	
668	11.143	0.017	0	7.0	548	9.139	[-20.8146524 -32.8146524]	0	0	
669	11.16	0.017	0	7.0	549	9.156	[-20.93250353 -32.93250353]	0	0	
670	11.176	0.016	0	7.0	550	9.173	[-21.05035466 -33.05035466]	0	0	
671	11.193	0.017	0	7.0	551	9.19	[-21.16820579 -33.16820579]	0	0	
672	11.21	0.016	0	7.0	552	9.206	[-21.28605692 -33.28605692]	0	0	
673	11.226	0.016	0	7.0	553	9.222	[-21.40390805 -33.40390805]	0	0	
674	11.242	0.017	0	7.0	554	9.239	[-21.52175918 -33.52175918]	0	0	
675	11.26	0.018	0	7.0	555	9.256	[-21.63961031 -33.63961031]	0	0	
676	11.276	0.016	0	7.0	556	9.272	[-21.75746144 -33.75746144]	0	0	
677	11.293	0.017	0	7.0	557	9.289	[-21.87531257 -33.87531257]	0	0	
678	11.31	0.017	0	7.0	558	9.306	[-21.9931637 -33.9931637]	0	0	
679	11.326	0.017	0	7.0	559	9.323	[-22.11101483 -34.11101483]	0	0	
680	11.343	0.017	0	7.0	560	9.339	[-22.22886596 -34.22886596]	0	0	
681	11.36	0.016	0	7.0	561	9.356	[-22.34671709 -34.34671709]	0	0	
682	11.377	0.017	0	7.0	562	9.373	[-22.46456822 -34.46456822]	0	0	
683	11.393	0.017	0	7.0	563	9.389	[-22.58241935 -34.58241935]	0	0	
684	11.41	0.017	0	7.0	564	9.407	[-22.70027048 -34.70027048]	0	0	
685	11.427	0.016	0	7.0	565	9.423	[-22.81812161 -34.81812161]	0	0	
686	11.445	0.019	0	7.0	566	9.441	[-22.93597274 -34.93597274]	0	0	
687	11.461	0.016	0	7.0	567	9.457	[-23.05382387 -35.05382387]	0	0	
688	11.478	0.017	0	7.0	568	9.475	[-23.171675 -35.171675]	0	0	
689	11.495	0.017	0	7.0	569	9.491	[-23.28952613 -35.28952613]	0	0	
690	11.511	0.016	0	7.0	570	9.508	[-23.40737726 -35.40737726]	0	0	
691	11.528	0.017	0	7.0	571	9.525	[-23.52522839 -35.52522839]	0	0	
692	11.545	0.017	0	7.0	572	9.541	[-23.64307952 -35.64307952]	0	0	
693	11.561	0.016	0	7.0	573	9.557	[-23.76093065 -35.76093065]	0	0	
694	11.578	0.017	0	7.0	574	9.575	[-23.87878178 -35.87878178]	0	0	
695	11.595	0.017	0	7.0	575	9.591	[-23.99663291 -35.99663291]	0	0	
696	11.611	0.016	0	7.0	576	9.608	[-24.11448404 -36.11448404]	0	0	
697	11.628	0.017	0	7.0	577	9.624	[-24.23233517 -36.23233517]	0	0	
698	11.645	0.017	0	7.0	578	9.641	[-24.3501863 -36.3501863]	0	0	
699	11.661	0.016	0	7.0	579	9.657	[-24.46803743 -36.46803743]	0	0	
700	11.678	0.017	0	7.0	580	9.675	[-24.58588856 -36.58588856]	0	0	
701	11.695	0.017	0	7.0	581	9.691	[-24.70373969 -36.70373969]	0	0	
702	11.712	0.017	0	7.0	582	9.708	[-24.82159082 -36.82159082]	0	0	
703	11.728	0.017	0	7.0	583	9.724	[-24.93944195 -36.93944195]	0	0	
704	11.745	0.017	0	7.0	584	9.741	[-25.05729308 -37.05729308]	0	0	
705	11.762	0.017	0	7.0	585	9.758	[-25.17514421 -37.17514421]	0	0	
706	11.778	0.016	0	7.0	586	9.774	[-25.29299534 -37.29299534]	0	0	
707	11.795	0.017	0	7.0	587	9.791	[-25.41084647 -37.41084647]	0	0	
708	11.812	0.017	0	7.0	588	9.808	[-25.5286976 -37.5286976]	0	0	
709	11.828	0.017	0	7.0	589	9.825	[-25.64654873 -37.64654873]	0	0	
710	11.845	0.017	0	7.0	590	9.841	[-25.76439986 -37.76439986]	0	0	
711	11.862	0.017	0	7.0	591	9.858	[-25.88225099 -37.88225099]	0	0	
712	11.878	0.016	0	7.0	592	9.874	[-26.00010212 -38.00010212]	0	0	
713	11.895	0.017	0	7.0	593	9.891	[-26.11795325 -38.11795325]	0	0	
714	11.912	0.017	0	7.0	594	9.908	[-26.23580438 -38.23580438]	0	0	
715	11.928	0.016	0	7.0	595	9.925	[-26.35365551 -38.35365551]	0	0	
716	11.945	0.017	0	7.0	596	9.941	[-26.47150664 -38.47150664]	0	0	
717	11.962	0.017	0	7.0	597	9.958	[-26.58935778 -38.58935778]	0	0	
718	11.978	0.016	0	7.0	598	9.974	[-26.70720891 -38.70720891]	0	0	
719	11.995	0.017	0	7.0	599	9.991	[-26.82506004 -38.82506004]	0	0	
720	12.012	0.016	0	7.0	600	10.008	[-26.94291117 -38.94291117]	0	0	
721	12.028	0.017	0	7.0	601	10.025	[-27.0607623 -39.0607623]	0	0	
722	12.046	0.017	0	7.0	602	10.042	[-27.17861343 -39.17861343]	0	0	
723	12.062	0.016	0	7.0	603	10.058	[-27.29646456 -39.29646456]	0	0	
724	12.078	0.016	0	7.0	604	10.074	[-27.41431569 -39.41431569]	0	0	
725	12.095	0.017	0	7.0	605	10.091	[-27.53216682 -39.53216682]	0	0	
726	12.112	0.017	0	7.0	606	10.108	[-27.65001795 -39.65001795]	0	0	
727	12.128	0.016	0	7.0	607	10.124	[-27.76786908 -39.76786908]	0	0	
728	12.146	0.018	0	7.0	608	10.142	[-27.88572021 -39.88572021]	0	0	
729	12.162	0.016	0	7.0	609	10.158	[-28.00357134 -40.00357134]	0	0	
730	12.179	0.017	0	7.0	610	10.175	[-28.12142247 -40.12142247]	0	0	
731	12.195	0.017	0	7.0	611	10.191	[-28.2392736 -40.2392736]	0	0	
732	12.212	0.017	0	7.0	612	10.208	[-28.35712473 -40.35712473]	0	0	
733	12.229	0.017	0	7.0	613	10.225	[-28.47497586 -40.47497586]	0	0	
734	12.245	0.016	0	7.0	614	10.241	[-28.59282699 -40.59282699]	0	0	
735	12.262	0.017	0	7.0	615	10.258	[-28.71067812 -40.71067812]	0	0	
736	12.278	0.016	0	7.0	616	10.274	[-28.82852925 -40.82852925]	0	0	
737	12.295	0.017	0	7.0	617	10.291	[-28.94638038 -40.94638038]	0	0	
738	12.312	0.017	0	7.0	618	10.308	[-29.06423151 -41.06423151]	0	0	
739	12.328	0.016	0	7.0	619	10.324	[-29.18208264 -41.18208264]	0	0	
740	12.345	0.017	0	7.0	620	10.341	[-29.29993377 -41.29993377]	0	0	
741	12.362	0.017	0	7.0	621	10.358	[-29.4177849 -41.4177849]	0	0	
742	12.379	0.016	0	7.0	622	10.375	[-29.53563603 -41.53563603]	0	0	
743	12.395	0.017	0	7.0	623	10.391	[-29.65348716 -41.65348716]	0	0	
744	12.412	0.017	0	7.0	624	10.408	[-29.77133829 -41.77133829]	0	0	
745	12.428	0.017	0	7.0	625	10.425	[-29.88918942 -41.88918942]	0	0	
746	12.445	0.017	0	7.0	626	10.442	[-30.00704055 -42.00704055]	0	0	
747	12.462	0.017	0	7.0	627	10.458	[-30.12489168 -42.12489168]	0	0	
748	12.478	0.016	0	7.0	628	10.475	[-30.24274281 -42.24274281]	0	0	
749	12.495	0.017	0	7.0	629	10.491	[-30.36059394 -42.36059394]	0	0	
750	12.512	0.017	0	7.0	630	10.508	[-30.47844507 -42.47844507]	0	0	
751	12.528	0.016	0	7.0	631	10.524	[-30.5962962 -42.5962962]	0	0	
752	12.545	0.017	0	7.0	632	10.542	[-30.71414733 -42.71414733]	0	0	
753	12.562	0.017	0	7.0	633	10.558	[-30.83199846 -42.83199846]	0	0	
754	12.579	0.016	0	7.0	634	10.575	[-30.94984959 -42.94984959]	0	0	
755	12.595	0.017	0	7.0	635	10.591	[-31.06770072 -43.06770072]	0	0	
756	12.612	0.017	0	7.0	636	10.608	[-31.18555185 -43.18555185]	0	0	
757	12.628	0.016	0	7.0	637	10.625	[-31.30340298 -43.30340298]	0	0	
758	12.645	0.017	0	7.0	638	10.641	[-31.42125411 -43.42125411]	0	0	
759	12.662	0.017	0	7.0	639	10.658	[-31.53910524 -43.53910524]	0	0	
760	12.679	0.017	0	7.0	640	10.675	[-31.65695637 -43.65695637]	0	0	
761	12.695	0.016	0	7.0	641	10.691	[-31.7748075 -43.7748075]	0	0	
762	12.712	0.017	0	7.0	642	10.708	[-31.89265863 -43.89265863]	0	0	
763	12.729	0.016	0	7.0	643	10.725	[-32.01050976 -44.01050976]	0	0	
764	12.746	0.017	0	7.0	644	10.742	[-32.12836089 -44.12836089]	0	0	
765	12.762	0.016	0	7.0	645	10.758	[-32.24621202 -44.24621202]	0	0	
766	12.779	0.017	0	7.0	646	10.775	[-32.36406315 -44.36406315]	0	0	
767	12.795	0.016	0	7.0	647	10.791	[-32.48191428 -44.48191428]	0	0	
768	12.812	0.017	0	7.0	648	10.808	[-32.59976542 -44.59976542]	0	0	
769	12.829	0.016	0	7.0	649	10.825	[-32.59976542 -44.59976542]	0	0	
