sample_num	sample_time	sampling_interval	imaging_frame	frame_time	stimulus_epoch	stim_frame	epoch_time	stim_info1	stim_info2	stim_info3	
1	0.023	0.023	0	1.0	1	0.023	0	0	0	
2	0.028	0.004	0	1.0	2	0.028	0	0	0	
3	0.044	0.017	0	1.0	3	0.044	0	0	0	
4	0.061	0.017	0	1.0	4	0.061	0	0	0	
5	0.078	0.017	0	1.0	5	0.078	0	0	0	
6	0.095	0.016	0	1.0	6	0.095	0	0	0	
7	0.112	0.017	0	1.0	7	0.112	0	0	0	
8	0.128	0.016	0	1.0	8	0.128	0	0	0	
9	0.145	0.017	0	1.0	9	0.145	0	0	0	
10	0.161	0.017	0	1.0	10	0.161	0	0	0	
11	0.178	0.017	0	1.0	11	0.178	0	0	0	
12	0.195	0.016	0	1.0	12	0.195	0	0	0	
13	0.211	0.017	0	1.0	13	0.211	0	0	0	
14	0.228	0.017	0	1.0	14	0.228	0	0	0	
15	0.245	0.017	0	1.0	15	0.245	0	0	0	
16	0.261	0.016	0	1.0	16	0.261	0	0	0	
17	0.279	0.017	0	1.0	17	0.279	0	0	0	
18	0.294	0.015	0	1.0	18	0.294	0	0	0	
19	0.311	0.017	0	1.0	19	0.311	0	0	0	
20	0.328	0.017	0	1.0	20	0.328	0	0	0	
21	0.345	0.017	0	1.0	21	0.345	0	0	0	
22	0.362	0.017	0	1.0	22	0.362	0	0	0	
23	0.378	0.016	0	1.0	23	0.378	0	0	0	
24	0.395	0.017	0	1.0	24	0.395	0	0	0	
25	0.411	0.016	0	1.0	25	0.411	0	0	0	
26	0.428	0.017	0	1.0	26	0.428	0	0	0	
27	0.445	0.017	0	1.0	27	0.445	0	0	0	
28	0.461	0.017	0	1.0	28	0.461	0	0	0	
29	0.478	0.017	0	1.0	29	0.478	0	0	0	
30	0.495	0.017	0	1.0	30	0.495	0	0	0	
31	0.511	0.016	0	1.0	31	0.511	0	0	0	
32	0.528	0.017	0	1.0	32	0.528	0	0	0	
33	0.545	0.017	0	1.0	33	0.545	0	0	0	
34	0.562	0.017	0	1.0	34	0.562	0	0	0	
35	0.578	0.017	0	1.0	35	0.578	0	0	0	
36	0.595	0.017	0	1.0	36	0.595	0	0	0	
37	0.612	0.017	0	1.0	37	0.612	0	0	0	
38	0.628	0.017	0	1.0	38	0.628	0	0	0	
39	0.645	0.017	0	1.0	39	0.645	0	0	0	
40	0.661	0.017	0	1.0	40	0.661	0	0	0	
41	0.678	0.017	0	1.0	41	0.678	0	0	0	
42	0.695	0.017	0	1.0	42	0.695	0	0	0	
43	0.712	0.016	0	1.0	43	0.712	0	0	0	
44	0.728	0.017	0	1.0	44	0.728	0	0	0	
45	0.746	0.018	0	1.0	45	0.746	0	0	0	
46	0.761	0.015	0	1.0	46	0.761	0	0	0	
47	0.78	0.019	0	1.0	47	0.78	0	0	0	
48	0.795	0.015	0	1.0	48	0.795	0	0	0	
49	0.811	0.017	0	1.0	49	0.811	0	0	0	
50	0.829	0.017	0	1.0	50	0.829	0	0	0	
51	0.844	0.016	0	1.0	51	0.844	0	0	0	
52	0.862	0.017	0	1.0	52	0.862	0	0	0	
53	0.878	0.017	0	1.0	53	0.878	0	0	0	
54	0.895	0.017	0	1.0	54	0.895	0	0	0	
55	0.912	0.017	0	1.0	55	0.912	0	0	0	
56	0.928	0.017	0	1.0	56	0.928	0	0	0	
57	0.945	0.017	0	1.0	57	0.945	0	0	0	
58	0.962	0.016	0	1.0	58	0.962	0	0	0	
59	0.978	0.017	0	1.0	59	0.978	0	0	0	
60	0.995	0.017	0	1.0	60	0.995	0	0	0	
61	1.012	0.017	0	1.0	61	1.012	0	0	0	
62	1.028	0.017	0	1.0	62	1.028	0	0	0	
63	1.045	0.017	0	1.0	63	1.045	0	0	0	
64	1.063	0.018	0	1.0	64	1.063	0	0	0	
65	1.078	0.015	0	1.0	65	1.078	0	0	0	
66	1.096	0.018	0	1.0	66	1.096	0	0	0	
67	1.112	0.016	0	1.0	67	1.112	0	0	0	
68	1.129	0.017	0	1.0	68	1.129	0	0	0	
69	1.145	0.016	0	1.0	69	1.145	0	0	0	
70	1.162	0.017	0	1.0	70	1.162	0	0	0	
71	1.178	0.016	0	1.0	71	1.178	0	0	0	
72	1.195	0.017	0	1.0	72	1.195	0	0	0	
73	1.213	0.017	0	1.0	73	1.213	0	0	0	
74	1.228	0.015	0	1.0	74	1.228	0	0	0	
75	1.245	0.018	0	1.0	75	1.245	0	0	0	
76	1.262	0.016	0	1.0	76	1.262	0	0	0	
77	1.278	0.017	0	1.0	77	1.278	0	0	0	
78	1.295	0.017	0	1.0	78	1.295	0	0	0	
79	1.312	0.017	0	1.0	79	1.312	0	0	0	
80	1.328	0.016	0	1.0	80	1.328	0	0	0	
81	1.346	0.018	0	1.0	81	1.346	0	0	0	
82	1.361	0.016	0	1.0	82	1.361	0	0	0	
83	1.378	0.017	0	1.0	83	1.378	0	0	0	
84	1.395	0.017	0	1.0	84	1.395	0	0	0	
85	1.412	0.016	0	1.0	85	1.412	0	0	0	
86	1.429	0.017	0	1.0	86	1.429	0	0	0	
87	1.445	0.017	0	1.0	87	1.445	0	0	0	
88	1.462	0.016	0	1.0	88	1.462	0	0	0	
89	1.479	0.017	0	1.0	89	1.479	0	0	0	
90	1.495	0.016	0	1.0	90	1.495	0	0	0	
91	1.512	0.017	0	1.0	91	1.512	0	0	0	
92	1.529	0.017	0	1.0	92	1.529	0	0	0	
93	1.545	0.017	0	1.0	93	1.545	0	0	0	
94	1.562	0.017	0	1.0	94	1.562	0	0	0	
95	1.579	0.016	0	1.0	95	1.579	0	0	0	
96	1.595	0.017	0	1.0	96	1.595	0	0	0	
97	1.612	0.017	0	1.0	97	1.612	0	0	0	
98	1.628	0.016	0	1.0	98	1.628	0	0	0	
99	1.645	0.017	0	1.0	99	1.645	0	0	0	
100	1.663	0.017	0	1.0	100	1.663	0	0	0	
101	1.679	0.016	0	1.0	101	1.679	0	0	0	
102	1.695	0.017	0	1.0	102	1.695	0	0	0	
103	1.712	0.017	0	1.0	103	1.712	0	0	0	
104	1.729	0.016	0	1.0	104	1.729	0	0	0	
105	1.745	0.017	0	1.0	105	1.745	0	0	0	
106	1.762	0.017	0	1.0	106	1.762	0	0	0	
107	1.779	0.017	0	1.0	107	1.779	0	0	0	
108	1.795	0.016	0	1.0	108	1.795	0	0	0	
109	1.812	0.017	0	1.0	109	1.812	0	0	0	
110	1.83	0.018	0	1.0	110	1.83	0	0	0	
111	1.845	0.016	0	1.0	111	1.845	0	0	0	
112	1.862	0.017	0	1.0	112	1.862	0	0	0	
113	1.879	0.016	0	1.0	113	1.879	0	0	0	
114	1.895	0.017	0	1.0	114	1.895	0	0	0	
115	1.912	0.017	0	1.0	115	1.912	0	0	0	
116	1.928	0.016	0	1.0	116	1.928	0	0	0	
117	1.946	0.017	0	1.0	117	1.946	0	0	0	
118	1.962	0.016	0	1.0	118	1.962	0	0	0	
119	1.979	0.017	0	1.0	119	1.979	0	0	0	
120	1.995	0.017	0	1.0	120	1.995	0	0	0	
121	2.012	0.017	0	1.0	121	2.012	0	0	0	
122	2.03	0.018	0	2.0	1	0.018	[-42.48512728 -32.2823444 ]	0	0	
123	2.047	0.017	0	2.0	2	0.035	[-42.45047533 -32.1193198 ]	0	0	
124	2.064	0.017	0	2.0	3	0.051	[-42.41582338 -31.9562952 ]	0	0	
125	2.08	0.017	0	2.0	4	0.068	[-42.38117143 -31.7932706 ]	0	0	
126	2.097	0.017	0	2.0	5	0.085	[-42.34651948 -31.630246  ]	0	0	
127	2.114	0.017	0	2.0	6	0.101	[-42.31186754 -31.4672214 ]	0	0	
128	2.13	0.016	0	2.0	7	0.118	[-42.27721559 -31.3041968 ]	0	0	
129	2.147	0.017	0	2.0	8	0.134	[-42.24256364 -31.1411722 ]	0	0	
130	2.164	0.017	0	2.0	9	0.151	[-42.20791169 -30.9781476 ]	0	0	
131	2.18	0.017	0	2.0	10	0.168	[-42.17325974 -30.815123  ]	0	0	
132	2.197	0.017	0	2.0	11	0.185	[-42.13860779 -30.6520984 ]	0	0	
133	2.214	0.017	0	2.0	12	0.201	[-42.10395585 -30.4890738 ]	0	0	
134	2.23	0.016	0	2.0	13	0.217	[-42.0693039 -30.3260492]	0	0	
135	2.247	0.017	0	2.0	14	0.235	[-42.03465195 -30.1630246 ]	0	0	
136	2.263	0.016	0	2.0	15	0.251	[-42. -30.]	0	0	
137	2.28	0.017	0	2.0	16	0.267	[-41.96534805 -29.8369754 ]	0	0	
138	2.298	0.018	0	2.0	17	0.285	[-41.9306961 -29.6739508]	0	0	
139	2.314	0.016	0	2.0	18	0.301	[-41.89604415 -29.5109262 ]	0	0	
140	2.331	0.017	0	2.0	19	0.318	[-41.86139221 -29.3479016 ]	0	0	
141	2.348	0.017	0	2.0	20	0.335	[-41.82674026 -29.184877  ]	0	0	
142	2.364	0.016	0	2.0	21	0.351	[-41.79208831 -29.0218524 ]	0	0	
143	2.381	0.017	0	2.0	22	0.368	[-41.75743636 -28.8588278 ]	0	0	
144	2.397	0.017	0	2.0	23	0.385	[-41.72278441 -28.6958032 ]	0	0	
145	2.414	0.016	0	2.0	24	0.401	[-41.68813246 -28.5327786 ]	0	0	
146	2.431	0.017	0	2.0	25	0.418	[-41.65348052 -28.369754  ]	0	0	
147	2.447	0.017	0	2.0	26	0.435	[-41.61882857 -28.2067294 ]	0	0	
148	2.464	0.017	0	2.0	27	0.451	[-41.58417662 -28.0437048 ]	0	0	
149	2.48	0.016	0	2.0	28	0.468	[-41.54952467 -27.8806802 ]	0	0	
150	2.497	0.017	0	2.0	29	0.485	[-41.51487272 -27.7176556 ]	0	0	
151	2.514	0.016	0	2.0	30	0.501	[-41.48022077 -27.554631  ]	0	0	
152	2.531	0.017	0	2.0	31	0.518	[-41.44556882 -27.3916064 ]	0	0	
153	2.547	0.017	0	2.0	32	0.535	[-41.41091688 -27.2285818 ]	0	0	
154	2.564	0.017	0	2.0	33	0.552	[-41.37626493 -27.0655572 ]	0	0	
155	2.58	0.016	0	2.0	34	0.568	[-41.34161298 -26.9025326 ]	0	0	
156	2.597	0.017	0	2.0	35	0.585	[-41.30696103 -26.739508  ]	0	0	
157	2.614	0.017	0	2.0	36	0.601	[-41.27230908 -26.5764834 ]	0	0	
158	2.631	0.017	0	2.0	37	0.618	[-41.23765713 -26.4134588 ]	0	0	
159	2.646	0.016	0	2.0	38	0.634	[-41.20300519 -26.2504342 ]	0	0	
160	2.663	0.017	0	2.0	39	0.651	[-41.16835324 -26.0874096 ]	0	0	
161	2.68	0.017	0	2.0	40	0.668	[-41.13370129 -25.924385  ]	0	0	
162	2.697	0.016	0	2.0	41	0.684	[-41.09904934 -25.7613604 ]	0	0	
163	2.713	0.017	0	2.0	42	0.701	[-41.06439739 -25.5983358 ]	0	0	
164	2.731	0.018	0	2.0	43	0.718	[-41.02974544 -25.4353112 ]	0	0	
165	2.747	0.016	0	2.0	44	0.735	[-40.99509349 -25.2722866 ]	0	0	
166	2.764	0.017	0	2.0	45	0.751	[-40.96044155 -25.109262  ]	0	0	
167	2.781	0.017	0	2.0	46	0.768	[-40.9257896 -24.9462374]	0	0	
168	2.797	0.017	0	2.0	47	0.785	[-40.89113765 -24.7832128 ]	0	0	
169	2.814	0.017	0	2.0	48	0.802	[-40.8564857 -24.6201882]	0	0	
170	2.83	0.016	0	2.0	49	0.818	[-40.82183375 -24.4571636 ]	0	0	
171	2.847	0.017	0	2.0	50	0.834	[-40.7871818 -24.294139 ]	0	0	
172	2.865	0.018	0	2.0	51	0.852	[-40.75252986 -24.1311144 ]	0	0	
173	2.881	0.016	0	2.0	52	0.868	[-40.71787791 -23.9680898 ]	0	0	
174	2.897	0.017	0	2.0	53	0.885	[-40.68322596 -23.8050652 ]	0	0	
175	2.914	0.017	0	2.0	54	0.902	[-40.64857401 -23.6420406 ]	0	0	
176	2.931	0.017	0	2.0	55	0.919	[-40.61392206 -23.479016  ]	0	0	
177	2.948	0.017	0	2.0	56	0.935	[-40.57927011 -23.31599139]	0	0	
178	2.964	0.016	0	2.0	57	0.951	[-40.54461816 -23.15296679]	0	0	
179	2.98	0.016	0	2.0	58	0.968	[-40.50996622 -22.98994219]	0	0	
180	2.997	0.017	0	2.0	59	0.985	[-40.47531427 -22.82691759]	0	0	
181	3.013	0.016	0	2.0	60	1.001	[-40.44066232 -22.66389299]	0	0	
182	3.031	0.018	0	2.0	61	1.019	[-40.40601037 -22.50086839]	0	0	
183	3.047	0.016	0	2.0	62	1.035	[-40.37135842 -22.33784379]	0	0	
184	3.064	0.017	0	2.0	63	1.052	[-40.33670647 -22.17481919]	0	0	
185	3.08	0.016	0	2.0	64	1.068	[-40.30205452 -22.01179459]	0	0	
186	3.097	0.017	0	2.0	65	1.085	[-40.26740258 -21.84876999]	0	0	
187	3.114	0.017	0	2.0	66	1.102	[-40.23275063 -21.68574539]	0	0	
188	3.131	0.017	0	2.0	67	1.118	[-40.19809868 -21.52272079]	0	0	
189	3.147	0.016	0	2.0	68	1.134	[-40.16344673 -21.35969619]	0	0	
190	3.164	0.017	0	2.0	69	1.152	[-40.12879478 -21.19667159]	0	0	
191	3.181	0.016	0	2.0	70	1.168	[-40.09414283 -21.03364699]	0	0	
192	3.198	0.017	0	2.0	71	1.185	[-40.05949089 -20.87062239]	0	0	
193	3.214	0.016	0	2.0	72	1.201	[-40.02483894 -20.70759779]	0	0	
194	3.23	0.016	0	2.0	73	1.217	[-39.99018699 -20.54457319]	0	0	
195	3.247	0.017	0	2.0	74	1.235	[-39.95553504 -20.38154859]	0	0	
196	3.264	0.017	0	2.0	75	1.252	[-39.92088309 -20.21852399]	0	0	
197	3.281	0.016	0	2.0	76	1.268	[-39.88623114 -20.05549939]	0	0	
198	3.297	0.017	0	2.0	77	1.285	[-39.85157919 -19.89247479]	0	0	
199	3.314	0.017	0	2.0	78	1.302	[-39.81692725 -19.72945019]	0	0	
200	3.331	0.017	0	2.0	79	1.318	[-39.7822753  -19.56642559]	0	0	
201	3.348	0.017	0	2.0	80	1.335	[-39.74762335 -19.40340099]	0	0	
202	3.364	0.016	0	2.0	81	1.351	[-39.7129714  -19.24037639]	0	0	
203	3.381	0.017	0	2.0	82	1.368	[-39.67831945 -19.07735179]	0	0	
204	3.397	0.016	0	2.0	83	1.385	[-39.6436675  -18.91432719]	0	0	
205	3.414	0.017	0	2.0	84	1.402	[-39.60901556 -18.75130259]	0	0	
206	3.431	0.017	0	2.0	85	1.418	[-39.57436361 -18.58827799]	0	0	
207	3.447	0.017	0	2.0	86	1.435	[-39.53971166 -18.42525339]	0	0	
208	3.464	0.017	0	2.0	87	1.452	[-39.50505971 -18.26222879]	0	0	
209	3.481	0.017	0	2.0	88	1.468	[-39.47040776 -18.09920419]	0	0	
210	3.497	0.017	0	2.0	89	1.485	[-39.43575581 -17.93617959]	0	0	
211	3.514	0.017	0	2.0	90	1.502	[-39.40110386 -17.77315499]	0	0	
212	3.531	0.017	0	2.0	91	1.518	[-39.36645192 -17.61013039]	0	0	
213	3.547	0.016	0	2.0	92	1.535	[-39.33179997 -17.44710579]	0	0	
214	3.564	0.017	0	2.0	93	1.552	[-39.29714802 -17.28408119]	0	0	
215	3.581	0.017	0	2.0	94	1.569	[-39.26249607 -17.12105659]	0	0	
216	3.597	0.016	0	2.0	95	1.585	[-39.22784412 -16.95803199]	0	0	
217	3.615	0.017	0	2.0	96	1.602	[-39.19319217 -16.79500739]	0	0	
218	3.631	0.016	0	2.0	97	1.618	[-39.15854023 -16.63198279]	0	0	
219	3.648	0.017	0	2.0	98	1.635	[-39.12388828 -16.46895819]	0	0	
220	3.664	0.016	0	2.0	99	1.652	[-39.08923633 -16.30593359]	0	0	
221	3.681	0.017	0	2.0	100	1.668	[-39.05458438 -16.14290899]	0	0	
222	3.697	0.016	0	2.0	101	1.685	[-39.01993243 -15.97988439]	0	0	
223	3.714	0.017	0	2.0	102	1.702	[-38.98528048 -15.81685979]	0	0	
224	3.731	0.017	0	2.0	103	1.718	[-38.95062853 -15.65383519]	0	0	
225	3.748	0.017	0	2.0	104	1.735	[-38.91597659 -15.49081059]	0	0	
226	3.764	0.016	0	2.0	105	1.752	[-38.88132464 -15.32778599]	0	0	
227	3.781	0.017	0	2.0	106	1.768	[-38.84667269 -15.16476139]	0	0	
228	3.798	0.017	0	2.0	107	1.785	[-38.81202074 -15.00173679]	0	0	
229	3.814	0.017	0	2.0	108	1.802	[-38.77736879 -14.83871219]	0	0	
230	3.831	0.016	0	2.0	109	1.818	[-38.74271684 -14.67568759]	0	0	
231	3.847	0.017	0	2.0	110	1.835	[-38.7080649  -14.51266299]	0	0	
232	3.864	0.017	0	2.0	111	1.852	[-38.67341295 -14.34963839]	0	0	
233	3.881	0.017	0	2.0	112	1.868	[-38.638761   -14.18661379]	0	0	
234	3.898	0.017	0	2.0	113	1.885	[-38.60410905 -14.02358919]	0	0	
235	3.914	0.016	0	2.0	114	1.902	[-38.5694571  -13.86056459]	0	0	
236	3.931	0.017	0	2.0	115	1.919	[-38.53480515 -13.69753999]	0	0	
237	3.948	0.016	0	2.0	116	1.935	[-38.5001532  -13.53451539]	0	0	
238	3.965	0.017	0	2.0	117	1.952	[-38.46550126 -13.37149079]	0	0	
239	3.981	0.017	0	2.0	118	1.969	[-38.43084931 -13.20846619]	0	0	
240	3.998	0.016	0	2.0	119	1.985	[-38.39619736 -13.04544159]	0	0	
241	4.015	0.017	0	2.0	120	2.002	[-38.36154541 -12.88241699]	0	0	
242	4.03	0.015	0	2.0	121	2.018	[-38.32689346 -12.71939239]	0	0	
243	4.048	0.018	0	2.0	122	2.035	[-38.29224151 -12.55636779]	0	0	
244	4.065	0.017	0	2.0	123	2.052	[-38.25758957 -12.39334319]	0	0	
245	4.081	0.016	0	2.0	124	2.069	[-38.22293762 -12.23031859]	0	0	
246	4.098	0.017	0	2.0	125	2.085	[-38.18828567 -12.06729399]	0	0	
247	4.114	0.017	0	2.0	126	2.102	[-38.15363372 -11.90426939]	0	0	
248	4.131	0.017	0	2.0	127	2.119	[-38.11898177 -11.74124479]	0	0	
249	4.148	0.017	0	2.0	128	2.135	[-38.08432982 -11.57822019]	0	0	
250	4.164	0.016	0	2.0	129	2.152	[-38.04967787 -11.41519559]	0	0	
251	4.181	0.017	0	2.0	130	2.168	[-38.01502593 -11.25217099]	0	0	
252	4.198	0.017	0	2.0	131	2.185	[-37.98037398 -11.08914639]	0	0	
253	4.214	0.017	0	2.0	132	2.202	[-37.94572203 -10.92612179]	0	0	
254	4.231	0.017	0	2.0	133	2.218	[-37.91107008 -10.76309719]	0	0	
255	4.248	0.017	0	2.0	134	2.235	[-37.87641813 -10.60007259]	0	0	
256	4.264	0.017	0	2.0	135	2.252	[-37.84176618 -10.43704799]	0	0	
257	4.281	0.017	0	2.0	136	2.269	[-37.80711424 -10.27402339]	0	0	
258	4.298	0.017	0	2.0	137	2.285	[-37.77246229 -10.11099879]	0	0	
259	4.315	0.017	0	2.0	138	2.302	[-37.73781034  -9.94797418]	0	0	
260	4.331	0.016	0	2.0	139	2.318	[-37.70315839  -9.78494958]	0	0	
261	4.348	0.017	0	2.0	140	2.335	[-37.66850644  -9.62192498]	0	0	
262	4.365	0.017	0	2.0	141	2.352	[-37.63385449  -9.45890038]	0	0	
263	4.381	0.016	0	2.0	142	2.368	[-37.59920254  -9.29587578]	0	0	
264	4.398	0.017	0	2.0	143	2.385	[-37.5645506   -9.13285118]	0	0	
265	4.414	0.016	0	2.0	144	2.402	[-37.52989865  -8.96982658]	0	0	
266	4.432	0.018	0	2.0	145	2.419	[-37.4952467   -8.80680198]	0	0	
267	4.448	0.016	0	2.0	146	2.435	[-37.46059475  -8.64377738]	0	0	
268	4.465	0.017	0	2.0	147	2.452	[-37.4259428   -8.48075278]	0	0	
269	4.481	0.016	0	2.0	148	2.468	[-37.39129085  -8.31772818]	0	0	
270	4.498	0.017	0	2.0	149	2.486	[-37.35663891  -8.15470358]	0	0	
271	4.517	0.018	0	2.0	150	2.504	[-37.32198696  -7.99167898]	0	0	
272	4.533	0.016	0	2.0	151	2.52	[-37.28733501  -7.82865438]	0	0	
273	4.549	0.017	0	2.0	152	2.537	[-37.25268306  -7.66562978]	0	0	
274	4.566	0.017	0	2.0	153	2.554	[-37.21803111  -7.50260518]	0	0	
275	4.583	0.017	0	2.0	154	2.57	[-37.18337916  -7.33958058]	0	0	
276	4.6	0.017	0	2.0	155	2.587	[-37.14872721  -7.17655598]	0	0	
277	4.616	0.017	0	2.0	156	2.604	[-37.11407527  -7.01353138]	0	0	
278	4.633	0.016	0	2.0	157	2.62	[-37.07942332  -6.85050678]	0	0	
279	4.65	0.017	0	2.0	158	2.637	[-37.04477137  -6.68748218]	0	0	
280	4.666	0.016	0	2.0	159	2.653	[-37.01011942  -6.52445758]	0	0	
281	4.684	0.018	0	2.0	160	2.671	[-36.97546747  -6.36143298]	0	0	
282	4.7	0.016	0	2.0	161	2.687	[-36.94081552  -6.19840838]	0	0	
283	4.716	0.017	0	2.0	162	2.704	[-36.90616357  -6.03538378]	0	0	
284	4.733	0.017	0	2.0	163	2.721	[-36.87151163  -5.87235918]	0	0	
285	4.75	0.017	0	2.0	164	2.737	[-36.83685968  -5.70933458]	0	0	
286	4.766	0.017	0	2.0	165	2.754	[-36.80220773  -5.54630998]	0	0	
287	4.783	0.017	0	2.0	166	2.77	[-36.76755578  -5.38328538]	0	0	
288	4.8	0.017	0	2.0	167	2.787	[-36.73290383  -5.22026078]	0	0	
289	4.816	0.016	0	2.0	168	2.804	[-36.69825188  -5.05723618]	0	0	
290	4.833	0.016	0	2.0	169	2.82	[-36.66359994  -4.89421158]	0	0	
291	4.85	0.017	0	2.0	170	2.837	[-36.62894799  -4.73118698]	0	0	
292	4.866	0.016	0	2.0	171	2.854	[-36.59429604  -4.56816238]	0	0	
293	4.883	0.017	0	2.0	172	2.871	[-36.55964409  -4.40513778]	0	0	
294	4.9	0.016	0	2.0	173	2.887	[-36.52499214  -4.24211318]	0	0	
295	4.917	0.017	0	2.0	174	2.904	[-36.49034019  -4.07908858]	0	0	
296	4.933	0.016	0	2.0	175	2.921	[-36.45568824  -3.91606398]	0	0	
297	4.949	0.016	0	2.0	176	2.937	[-36.4210363   -3.75303938]	0	0	
298	4.967	0.017	0	2.0	177	2.954	[-36.38638435  -3.59001478]	0	0	
299	4.983	0.016	0	2.0	178	2.97	[-36.3517324   -3.42699018]	0	0	
300	5.0	0.017	0	2.0	179	2.987	[-36.31708045  -3.26396558]	0	0	
301	5.017	0.017	0	2.0	180	3.004	[-36.2824285   -3.10094098]	0	0	
302	5.033	0.017	0	2.0	181	3.021	[-36.24777655  -2.93791638]	0	0	
303	5.05	0.017	0	2.0	182	3.038	[-36.21312461  -2.77489178]	0	0	
304	5.067	0.016	0	2.0	183	3.054	[-36.17847266  -2.61186718]	0	0	
305	5.083	0.017	0	2.0	184	3.071	[-36.14382071  -2.44884258]	0	0	
306	5.099	0.016	0	2.0	185	3.087	[-36.10916876  -2.28581798]	0	0	
307	5.117	0.017	0	2.0	186	3.104	[-36.07451681  -2.12279338]	0	0	
308	5.133	0.016	0	2.0	187	3.121	[-36.03986486  -1.95976878]	0	0	
309	5.15	0.017	0	2.0	188	3.137	[-36.00521291  -1.79674418]	0	0	
310	5.166	0.017	0	2.0	189	3.154	[-35.97056097  -1.63371958]	0	0	
311	5.183	0.017	0	2.0	190	3.171	[-35.93590902  -1.47069498]	0	0	
312	5.2	0.017	0	2.0	191	3.187	[-35.90125707  -1.30767038]	0	0	
313	5.216	0.017	0	2.0	192	3.204	[-35.86660512  -1.14464578]	0	0	
314	5.233	0.016	0	2.0	193	3.22	[-35.83195317  -0.98162118]	0	0	
315	5.25	0.017	0	2.0	194	3.237	[-35.79730122  -0.81859658]	0	0	
316	5.266	0.016	0	2.0	195	3.254	[-35.76264928  -0.65557198]	0	0	
317	5.284	0.017	0	2.0	196	3.271	[-35.72799733  -0.49254738]	0	0	
318	5.3	0.016	0	2.0	197	3.287	[-35.69334538  -0.32952278]	0	0	
319	5.317	0.017	0	2.0	198	3.304	[-35.65869343  -0.16649818]	0	0	
320	5.333	0.017	0	2.0	199	3.321	[-3.56240415e+01 -3.47357750e-03]	0	0	
321	5.35	0.017	0	2.0	200	3.337	[-35.58938953   0.15955102]	0	0	
322	5.366	0.016	0	2.0	201	3.354	[-35.55473758   0.32257562]	0	0	
323	5.383	0.017	0	2.0	202	3.371	[-35.52008564   0.48560022]	0	0	
324	5.4	0.017	0	2.0	203	3.387	[-35.48543369   0.64862482]	0	0	
325	5.416	0.017	0	2.0	204	3.404	[-35.45078174   0.81164942]	0	0	
326	5.433	0.016	0	2.0	205	3.42	[-35.41612979   0.97467402]	0	0	
327	5.451	0.018	0	2.0	206	3.438	[-35.38147784   1.13769862]	0	0	
328	5.467	0.016	0	2.0	207	3.454	[-35.34682589   1.30072322]	0	0	
329	5.483	0.017	0	2.0	208	3.471	[-35.31217395   1.46374782]	0	0	
330	5.5	0.016	0	2.0	209	3.487	[-35.277522     1.62677242]	0	0	
331	5.517	0.017	0	2.0	210	3.504	[-35.24287005   1.78979702]	0	0	
332	5.533	0.017	0	2.0	211	3.521	[-35.2082181    1.95282162]	0	0	
333	5.55	0.017	0	2.0	212	3.537	[-35.17356615   2.11584622]	0	0	
334	5.566	0.017	0	2.0	213	3.554	[-35.1389142    2.27887082]	0	0	
335	5.584	0.017	0	2.0	214	3.571	[-35.10426225   2.44189542]	0	0	
336	5.599	0.015	0	2.0	215	3.587	[-35.06961031   2.60492002]	0	0	
337	5.617	0.018	0	2.0	216	3.605	[-35.03495836   2.76794462]	0	0	
338	5.634	0.017	0	2.0	217	3.621	[-35.00030641   2.93096922]	0	0	
339	5.649	0.015	0	2.0	218	3.637	[-34.96565446   3.09399382]	0	0	
340	5.667	0.017	0	2.0	219	3.654	[-34.93100251   3.25701842]	0	0	
341	5.683	0.017	0	2.0	220	3.671	[-34.89635056   3.42004303]	0	0	
342	5.7	0.017	0	2.0	221	3.688	[-34.86169862   3.58306763]	0	0	
343	5.717	0.017	0	2.0	222	3.704	[-34.82704667   3.74609223]	0	0	
344	5.733	0.016	0	2.0	223	3.72	[-34.79239472   3.90911683]	0	0	
345	5.75	0.017	0	2.0	224	3.738	[-34.75774277   4.07214143]	0	0	
346	5.766	0.016	0	2.0	225	3.753	[-34.72309082   4.23516603]	0	0	
347	5.783	0.017	0	2.0	226	3.77	[-34.68843887   4.39819063]	0	0	
348	5.8	0.018	0	2.0	227	3.788	[-34.65378692   4.56121523]	0	0	
349	5.816	0.016	0	2.0	228	3.804	[-34.61913498   4.72423983]	0	0	
350	5.834	0.017	0	2.0	229	3.821	[-34.58448303   4.88726443]	0	0	
351	5.849	0.016	0	2.0	230	3.837	[-34.54983108   5.05028903]	0	0	
352	5.867	0.018	0	2.0	231	3.854	[-34.51517913   5.21331363]	0	0	
353	5.883	0.016	0	2.0	232	3.87	[-34.48052718   5.37633823]	0	0	
354	5.9	0.018	0	2.0	233	3.888	[-34.44587523   5.53936283]	0	0	
355	5.917	0.016	0	2.0	234	3.904	[-34.41122329   5.70238743]	0	0	
356	5.933	0.016	0	2.0	235	3.92	[-34.37657134   5.86541203]	0	0	
357	5.95	0.017	0	2.0	236	3.938	[-34.34191939   6.02843663]	0	0	
358	5.966	0.016	0	2.0	237	3.954	[-34.30726744   6.19146123]	0	0	
359	5.983	0.017	0	2.0	238	3.97	[-34.27261549   6.35448583]	0	0	
360	6.001	0.018	0	2.0	239	3.988	[-34.23796354   6.51751043]	0	0	
361	6.016	0.015	0	2.0	240	4.004	[-34.20331159   6.68053503]	0	0	
362	6.033	0.017	0	2.0	241	4.02	[-34.16865965   6.84355963]	0	0	
363	6.05	0.018	0	2.0	242	4.038	[-34.1340077    7.00658423]	0	0	
364	6.066	0.016	0	2.0	243	4.054	[-34.09935575   7.16960883]	0	0	
365	6.084	0.017	0	2.0	244	4.071	[-34.0647038    7.33263343]	0	0	
366	6.099	0.015	0	2.0	245	4.087	[-34.03005185   7.49565803]	0	0	
367	6.118	0.019	0	2.0	246	4.105	[-33.9953999    7.65868263]	0	0	
368	6.134	0.016	0	2.0	247	4.121	[-33.96074796   7.82170723]	0	0	
369	6.15	0.017	0	2.0	248	4.138	[-33.92609601   7.98473183]	0	0	
370	6.167	0.017	0	2.0	249	4.154	[-33.89144406   8.14775643]	0	0	
371	6.183	0.016	0	2.0	250	4.171	[-33.85679211   8.31078103]	0	0	
372	6.2	0.017	0	2.0	251	4.188	[-33.82214016   8.47380563]	0	0	
373	6.217	0.016	0	2.0	252	4.204	[-33.78748821   8.63683023]	0	0	
374	6.234	0.017	0	2.0	253	4.221	[-33.75283626   8.79985483]	0	0	
375	6.25	0.017	0	2.0	254	4.238	[-33.71818432   8.96287943]	0	0	
376	6.266	0.016	0	2.0	255	4.253	[-33.68353237   9.12590403]	0	0	
377	6.284	0.018	0	2.0	256	4.271	[-33.64888042   9.28892863]	0	0	
378	6.3	0.017	0	2.0	257	4.288	[-33.61422847   9.45195323]	0	0	
379	6.317	0.017	0	2.0	258	4.304	[-33.57957652   9.61497783]	0	0	
380	6.334	0.017	0	2.0	259	4.321	[-33.54492457   9.77800243]	0	0	
381	6.35	0.016	0	2.0	260	4.338	[-33.51027262   9.94102703]	0	0	
382	6.367	0.017	0	2.0	261	4.355	[-33.47562068  10.10405163]	0	0	
383	6.384	0.017	0	2.0	262	4.371	[-33.44096873  10.26707623]	0	0	
384	6.4	0.016	0	2.0	263	4.388	[-33.40631678  10.43010083]	0	0	
385	6.417	0.017	0	2.0	264	4.404	[-33.37166483  10.59312543]	0	0	
386	6.433	0.016	0	2.0	265	4.421	[-33.33701288  10.75615003]	0	0	
387	6.45	0.017	0	2.0	266	4.438	[-33.30236093  10.91917463]	0	0	
388	6.467	0.016	0	2.0	267	4.454	[-33.26770899  11.08219923]	0	0	
389	6.483	0.017	0	2.0	268	4.471	[-33.23305704  11.24522383]	0	0	
390	6.499	0.016	0	2.0	269	4.487	[-33.19840509  11.40824843]	0	0	
391	6.517	0.018	0	2.0	270	4.505	[-33.16375314  11.57127303]	0	0	
392	6.533	0.016	0	2.0	271	4.521	[-33.12910119  11.73429763]	0	0	
393	6.55	0.017	0	2.0	272	4.538	[-33.09444924  11.89732223]	0	0	
394	6.567	0.017	0	2.0	273	4.554	[-33.05979729  12.06034683]	0	0	
395	6.583	0.016	0	2.0	274	4.57	[-33.02514535  12.22337143]	0	0	
396	6.6	0.017	0	2.0	275	4.587	[-32.9904934   12.38639603]	0	0	
397	6.616	0.016	0	2.0	276	4.604	[-32.95584145  12.54942063]	0	0	
398	6.634	0.017	0	2.0	277	4.621	[-32.9211895   12.71244523]	0	0	
399	6.65	0.017	0	2.0	278	4.638	[-32.88653755  12.87546983]	0	0	
400	6.667	0.017	0	2.0	279	4.654	[-32.8518856   13.03849443]	0	0	
401	6.684	0.017	0	2.0	280	4.672	[-32.81723366  13.20151903]	0	0	
402	6.7	0.015	0	2.0	281	4.687	[-32.78258171  13.36454363]	0	0	
403	6.718	0.018	0	2.0	282	4.705	[-32.74792976  13.52756823]	0	0	
404	6.733	0.015	0	2.0	283	4.721	[-32.71327781  13.69059283]	0	0	
405	6.75	0.017	0	2.0	284	4.737	[-32.67862586  13.85361743]	0	0	
406	6.766	0.017	0	2.0	285	4.754	[-32.64397391  14.01664203]	0	0	
407	6.783	0.017	0	2.0	286	4.771	[-32.60932196  14.17966663]	0	0	
408	6.8	0.017	0	2.0	287	4.787	[-32.57467002  14.34269123]	0	0	
409	6.818	0.018	0	2.0	288	4.805	[-32.54001807  14.50571583]	0	0	
410	6.833	0.016	0	2.0	289	4.821	[-32.50536612  14.66874043]	0	0	
411	6.851	0.017	0	2.0	290	4.838	[-32.47071417  14.83176503]	0	0	
412	6.867	0.017	0	2.0	291	4.855	[-32.43606222  14.99478963]	0	0	
413	6.884	0.017	0	2.0	292	4.871	[-32.40141027  15.15781423]	0	0	
414	6.9	0.017	0	2.0	293	4.888	[-32.36675833  15.32083883]	0	0	
415	6.917	0.017	0	2.0	294	4.905	[-32.33210638  15.48386343]	0	0	
416	6.933	0.016	0	2.0	295	4.921	[-32.29745443  15.64688803]	0	0	
417	6.95	0.017	0	2.0	296	4.938	[-32.26280248  15.80991263]	0	0	
418	6.967	0.017	0	2.0	297	4.954	[-32.22815053  15.97293723]	0	0	
419	6.984	0.017	0	2.0	298	4.971	[-32.19349858  16.13596183]	0	0	
420	7.0	0.017	0	2.0	299	4.988	[-32.15884663  16.29898643]	0	0	
421	7.017	0.017	0	2.0	300	5.005	[-32.12419469  16.46201103]	0	0	
422	7.034	0.017	0	2.0	301	5.021	[-32.08954274  16.62503563]	0	0	
423	7.05	0.017	0	2.0	302	5.038	[-32.05489079  16.78806024]	0	0	
424	7.067	0.017	0	2.0	303	5.055	[-32.02023884  16.95108484]	0	0	
425	7.084	0.017	0	2.0	304	5.071	[-31.98558689  17.11410944]	0	0	
426	7.1	0.017	0	2.0	305	5.088	[-31.95093494  17.27713404]	0	0	
427	7.117	0.017	0	2.0	306	5.105	[-31.916283    17.44015864]	0	0	
428	7.134	0.017	0	2.0	307	5.121	[-31.88163105  17.60318324]	0	0	
429	7.15	0.017	0	2.0	308	5.138	[-31.8469791   17.76620784]	0	0	
430	7.168	0.017	0	2.0	309	5.155	[-31.81232715  17.92923244]	0	0	
431	7.184	0.017	0	2.0	310	5.172	[-31.7776752   18.09225704]	0	0	
432	7.201	0.017	0	2.0	311	5.188	[-31.74302325  18.25528164]	0	0	
433	7.217	0.016	0	2.0	312	5.205	[-31.7083713   18.41830624]	0	0	
434	7.233	0.016	0	2.0	313	5.221	[-31.67371936  18.58133084]	0	0	
435	7.251	0.018	0	2.0	314	5.238	[-31.63906741  18.74435544]	0	0	
436	7.267	0.017	0	2.0	315	5.255	[-31.60441546  18.90738004]	0	0	
437	7.284	0.017	0	2.0	316	5.271	[-31.56976351  19.07040464]	0	0	
438	7.301	0.017	0	2.0	317	5.288	[-31.53511156  19.23342924]	0	0	
439	7.317	0.017	0	2.0	318	5.305	[-31.50045961  19.39645384]	0	0	
440	7.334	0.016	0	2.0	319	5.321	[-31.46580767  19.55947844]	0	0	
441	7.351	0.017	0	2.0	320	5.338	[-31.43115572  19.72250304]	0	0	
442	7.367	0.017	0	2.0	321	5.355	[-31.39650377  19.88552764]	0	0	
443	7.384	0.017	0	2.0	322	5.371	[-31.36185182  20.04855224]	0	0	
444	7.401	0.017	0	2.0	323	5.388	[-31.32719987  20.21157684]	0	0	
445	7.417	0.017	0	2.0	324	5.405	[-31.29254792  20.37460144]	0	0	
446	7.434	0.017	0	2.0	325	5.422	[-31.25789597  20.53762604]	0	0	
447	7.45	0.016	0	2.0	326	5.438	[-31.22324403  20.70065064]	0	0	
448	7.467	0.017	0	2.0	327	5.455	[-31.18859208  20.86367524]	0	0	
449	7.484	0.017	0	2.0	328	5.472	[-31.15394013  21.02669984]	0	0	
450	7.501	0.017	0	2.0	329	5.488	[-31.11928818  21.18972444]	0	0	
451	7.517	0.017	0	2.0	330	5.505	[-31.08463623  21.35274904]	0	0	
452	7.534	0.016	0	2.0	331	5.521	[-31.04998428  21.51577364]	0	0	
453	7.551	0.017	0	2.0	332	5.538	[-31.01533234  21.67879824]	0	0	
454	7.567	0.016	0	2.0	333	5.555	[-30.98068039  21.84182284]	0	0	
455	7.584	0.017	0	2.0	334	5.572	[-30.94602844  22.00484744]	0	0	
456	7.6	0.016	0	2.0	335	5.588	[-30.91137649  22.16787204]	0	0	
457	7.617	0.017	0	2.0	336	5.605	[-30.87672454  22.33089664]	0	0	
458	7.634	0.017	0	2.0	337	5.621	[-30.84207259  22.49392124]	0	0	
459	7.65	0.016	0	2.0	338	5.638	[-30.80742064  22.65694584]	0	0	
460	7.667	0.017	0	2.0	339	5.655	[-30.7727687   22.81997044]	0	0	
461	7.684	0.017	0	2.0	340	5.672	[-30.73811675  22.98299504]	0	0	
462	7.701	0.017	0	2.0	341	5.688	[-30.7034648   23.14601964]	0	0	
463	7.717	0.016	0	2.0	342	5.705	[-30.66881285  23.30904424]	0	0	
464	7.734	0.017	0	2.0	343	5.722	[-30.6341609   23.47206884]	0	0	
465	7.751	0.016	0	2.0	344	5.738	[-30.59950895  23.63509344]	0	0	
466	7.767	0.017	0	2.0	345	5.755	[-30.56485701  23.79811804]	0	0	
467	7.784	0.017	0	2.0	346	5.771	[-30.53020506  23.96114264]	0	0	
468	7.801	0.017	0	2.0	347	5.788	[-30.49555311  24.12416724]	0	0	
469	7.818	0.017	0	2.0	348	5.805	[-30.46090116  24.28719184]	0	0	
470	7.834	0.017	0	2.0	349	5.822	[-30.42624921  24.45021644]	0	0	
471	7.85	0.016	0	2.0	350	5.838	[-30.39159726  24.61324104]	0	0	
472	7.867	0.017	0	2.0	351	5.855	[-30.35694531  24.77626564]	0	0	
473	7.884	0.017	0	2.0	352	5.872	[-30.32229337  24.93929024]	0	0	
474	7.901	0.017	0	2.0	353	5.888	[-30.28764142  25.10231484]	0	0	
475	7.917	0.017	0	2.0	354	5.905	[-30.25298947  25.26533944]	0	0	
476	7.934	0.017	0	2.0	355	5.922	[-30.21833752  25.42836404]	0	0	
477	7.951	0.016	0	2.0	356	5.938	[-30.18368557  25.59138864]	0	0	
478	7.967	0.017	0	2.0	357	5.955	[-30.14903362  25.75441324]	0	0	
479	7.984	0.017	0	2.0	358	5.972	[-30.11438167  25.91743784]	0	0	
480	8.0	0.016	0	2.0	359	5.988	[-30.07972973  26.08046244]	0	0	
481	8.017	0.017	0	2.0	360	6.005	[-30.04507778  26.24348704]	0	0	
482	8.034	0.017	0	2.0	361	6.022	[-30.01042583  26.40651164]	0	0	
483	8.051	0.017	0	2.0	362	6.038	[-29.97577388  26.56953624]	0	0	
484	8.067	0.017	0	2.0	363	6.055	[-29.94112193  26.73256084]	0	0	
485	8.084	0.017	0	2.0	364	6.072	[-29.90646998  26.89558544]	0	0	
486	8.101	0.016	0	2.0	365	6.088	[-29.87181804  27.05861004]	0	0	
487	8.118	0.017	0	2.0	366	6.105	[-29.83716609  27.22163464]	0	0	
488	8.134	0.016	0	2.0	367	6.121	[-29.80251414  27.38465924]	0	0	
489	8.151	0.017	0	2.0	368	6.138	[-29.76786219  27.54768384]	0	0	
490	8.167	0.017	0	2.0	369	6.155	[-29.73321024  27.71070844]	0	0	
491	8.184	0.017	0	2.0	370	6.172	[-29.69855829  27.87373304]	0	0	
492	8.201	0.016	0	2.0	371	6.188	[-29.66390634  28.03675764]	0	0	
493	8.217	0.017	0	2.0	372	6.205	[-29.6292544   28.19978224]	0	0	
494	8.234	0.017	0	2.0	373	6.222	[-29.59460245  28.36280684]	0	0	
495	8.251	0.017	0	2.0	374	6.239	[-29.5599505   28.52583144]	0	0	
496	8.268	0.017	0	2.0	375	6.255	[-29.52529855  28.68885604]	0	0	
497	8.284	0.017	0	2.0	376	6.272	[-29.4906466   28.85188064]	0	0	
498	8.301	0.017	0	2.0	377	6.288	[-29.45599465  29.01490524]	0	0	
499	8.318	0.017	0	2.0	378	6.305	[-29.42134271  29.17792984]	0	0	
500	8.334	0.017	0	2.0	379	6.322	[-29.38669076  29.34095444]	0	0	
501	8.351	0.017	0	2.0	380	6.338	[-29.35203881  29.50397904]	0	0	
502	8.368	0.017	0	2.0	381	6.355	[-29.31738686  29.66700364]	0	0	
503	8.384	0.017	0	2.0	382	6.372	[-29.28273491  29.83002824]	0	0	
504	8.401	0.017	0	2.0	383	6.389	[-29.24808296  29.99305285]	0	0	
505	8.417	0.016	0	2.0	384	6.405	[-29.21343101  30.15607745]	0	0	
506	8.434	0.017	0	2.0	385	6.422	[-29.17877907  30.31910205]	0	0	
507	8.451	0.017	0	2.0	386	6.439	[-29.14412712  30.48212665]	0	0	
508	8.468	0.017	0	2.0	387	6.455	[-29.10947517  30.64515125]	0	0	
509	8.484	0.016	0	2.0	388	6.472	[-29.07482322  30.80817585]	0	0	
510	8.501	0.017	0	2.0	389	6.488	[-29.04017127  30.97120045]	0	0	
511	8.518	0.017	0	2.0	390	6.505	[-29.00551932  31.13422505]	0	0	
512	8.534	0.017	0	2.0	391	6.522	[-28.97086738  31.29724965]	0	0	
513	8.551	0.016	0	2.0	392	6.538	[-28.93621543  31.46027425]	0	0	
514	8.568	0.017	0	2.0	393	6.555	[-28.90156348  31.62329885]	0	0	
515	8.584	0.017	0	2.0	394	6.572	[-28.86691153  31.78632345]	0	0	
516	8.6	0.016	0	2.0	395	6.588	[-28.83225958  31.94934805]	0	0	
517	8.618	0.018	0	2.0	396	6.606	[-28.79760763  32.11237265]	0	0	
518	8.634	0.016	0	2.0	397	6.622	[-28.76295568  32.27539725]	0	0	
519	8.651	0.017	0	2.0	398	6.638	[-28.72830374  32.43842185]	0	0	
520	8.667	0.016	0	2.0	399	6.655	[-28.69365179  32.60144645]	0	0	
521	8.684	0.017	0	2.0	400	6.672	[-28.65899984  32.76447105]	0	0	
522	8.701	0.017	0	2.0	401	6.689	[-28.62434789  32.92749565]	0	0	
523	8.717	0.016	0	2.0	402	6.705	[-28.58969594  33.09052025]	0	0	
524	8.734	0.017	0	2.0	403	6.722	[-28.55504399  33.25354485]	0	0	
525	8.751	0.017	0	2.0	404	6.739	[-28.52039205  33.41656945]	0	0	
526	8.769	0.018	0	2.0	405	6.757	[-28.4857401   33.57959405]	0	0	
527	8.783	0.014	0	2.0	406	6.771	[-28.45108815  33.74261865]	0	0	
528	8.802	0.018	0	2.0	407	6.789	[-28.4164362   33.90564325]	0	0	
529	8.818	0.016	0	2.0	408	6.805	[-28.38178425  34.06866785]	0	0	
530	8.835	0.017	0	2.0	409	6.822	[-28.3471323   34.23169245]	0	0	
531	8.851	0.016	0	2.0	410	6.839	[-28.31248035  34.39471705]	0	0	
532	8.868	0.017	0	2.0	411	6.855	[-28.27782841  34.55774165]	0	0	
533	8.884	0.017	0	2.0	412	6.872	[-28.24317646  34.72076625]	0	0	
534	8.901	0.017	0	2.0	413	6.889	[-28.20852451  34.88379085]	0	0	
535	8.917	0.016	0	2.0	414	6.905	[-28.17387256  35.04681545]	0	0	
536	8.934	0.017	0	2.0	415	6.922	[-28.13922061  35.20984005]	0	0	
537	8.951	0.017	0	2.0	416	6.939	[-28.10456866  35.37286465]	0	0	
538	8.968	0.016	0	2.0	417	6.955	[-28.06991672  35.53588925]	0	0	
539	8.985	0.017	0	2.0	418	6.972	[-28.03526477  35.69891385]	0	0	
540	9.001	0.017	0	2.0	419	6.989	[-28.00061282  35.86193845]	0	0	
541	9.018	0.017	0	2.0	420	7.005	[-27.96596087  36.02496305]	0	0	
542	9.034	0.016	0	2.0	421	7.022	[-27.93130892  36.18798765]	0	0	
543	9.05	0.016	0	2.0	422	7.038	[-27.89665697  36.35101225]	0	0	
544	9.068	0.018	0	2.0	423	7.055	[-27.86200502  36.51403685]	0	0	
545	9.084	0.017	0	2.0	424	7.072	[-27.82735308  36.67706145]	0	0	
546	9.101	0.017	0	2.0	425	7.089	[-27.79270113  36.84008605]	0	0	
547	9.118	0.017	0	2.0	426	7.105	[-27.75804918  37.00311065]	0	0	
548	9.135	0.017	0	2.0	427	7.122	[-27.72339723  37.16613525]	0	0	
549	9.151	0.017	0	2.0	428	7.139	[-27.68874528  37.32915985]	0	0	
550	9.168	0.017	0	2.0	429	7.155	[-27.65409333  37.49218445]	0	0	
551	9.184	0.016	0	2.0	430	7.172	[-27.61944139  37.65520905]	0	0	
552	9.201	0.017	0	2.0	431	7.189	[-27.58478944  37.81823365]	0	0	
553	9.218	0.017	0	2.0	432	7.205	[-27.55013749  37.98125825]	0	0	
554	9.233	0.016	0	2.0	433	7.221	[-27.51548554  38.14428285]	0	0	
555	9.252	0.018	0	2.0	434	7.239	[-27.48083359  38.30730745]	0	0	
556	9.268	0.016	0	2.0	435	7.255	[-27.44618164  38.47033205]	0	0	
557	9.285	0.017	0	2.0	436	7.272	[-27.41152969  38.63335665]	0	0	
558	9.301	0.017	0	2.0	437	7.289	[-27.37687775  38.79638125]	0	0	
559	9.318	0.017	0	2.0	438	7.306	[-27.3422258   38.95940585]	0	0	
560	9.335	0.017	0	2.0	439	7.322	[-27.30757385  39.12243045]	0	0	
561	9.351	0.016	0	2.0	440	7.339	[-27.2729219   39.28545505]	0	0	
562	9.368	0.017	0	2.0	441	7.355	[-27.23826995  39.44847965]	0	0	
563	9.385	0.017	0	2.0	442	7.372	[-27.203618    39.61150425]	0	0	
564	9.401	0.017	0	2.0	443	7.389	[-27.16896606  39.77452885]	0	0	
565	9.418	0.016	0	2.0	444	7.405	[-27.13431411  39.93755345]	0	0	
566	9.435	0.017	0	2.0	445	7.422	[-27.09966216  40.10057805]	0	0	
567	9.451	0.016	0	2.0	446	7.438	[-27.06501021  40.26360265]	0	0	
568	9.468	0.017	0	2.0	447	7.456	[-27.03035826  40.42662725]	0	0	
569	9.484	0.016	0	2.0	448	7.472	[-26.99570631  40.58965185]	0	0	
570	9.501	0.017	0	2.0	449	7.489	[-26.96105436  40.75267645]	0	0	
571	9.52	0.019	0	2.0	450	7.507	[-26.92640242  40.91570105]	0	0	
572	9.536	0.016	0	2.0	451	7.524	[-26.89175047  41.07872565]	0	0	
573	9.553	0.017	0	2.0	452	7.541	[-26.85709852  41.24175025]	0	0	
574	9.57	0.017	0	2.0	453	7.557	[-26.82244657  41.40477485]	0	0	
575	9.587	0.017	0	2.0	454	7.574	[-26.78779462  41.56779945]	0	0	
576	9.603	0.017	0	2.0	455	7.591	[-26.75314267  41.73082405]	0	0	
577	9.62	0.016	0	2.0	456	7.607	[-26.71849072  41.89384865]	0	0	
578	9.637	0.017	0	2.0	457	7.624	[-26.68383878  42.05687325]	0	0	
579	9.653	0.016	0	2.0	458	7.64	[-26.64918683  42.21989785]	0	0	
580	9.67	0.017	0	2.0	459	7.657	[-26.61453488  42.38292245]	0	0	
581	9.686	0.017	0	2.0	460	7.674	[-26.57988293  42.54594705]	0	0	
582	9.703	0.017	0	2.0	461	7.691	[-26.54523098  42.70897165]	0	0	
583	9.72	0.016	0	2.0	462	7.707	[-26.51057903  42.87199625]	0	0	
584	9.737	0.017	0	2.0	463	7.724	[-26.47592709  43.03502085]	0	0	
585	9.753	0.016	0	2.0	464	7.74	[-26.44127514  43.19804545]	0	0	
586	9.77	0.017	0	2.0	465	7.757	[-26.40662319  43.36107006]	0	0	
587	9.787	0.017	0	2.0	466	7.774	[-26.37197124  43.52409466]	0	0	
588	9.803	0.017	0	2.0	467	7.791	[-26.33731929  43.68711926]	0	0	
589	9.82	0.017	0	2.0	468	7.807	[-26.30266734  43.85014386]	0	0	
590	9.837	0.017	0	2.0	469	7.824	[-26.26801539  44.01316846]	0	0	
591	9.853	0.016	0	2.0	470	7.84	[-26.23336345  44.17619306]	0	0	
592	9.87	0.017	0	2.0	471	7.857	[-26.1987115   44.33921766]	0	0	
593	9.887	0.017	0	2.0	472	7.874	[-26.16405955  44.50224226]	0	0	
594	9.903	0.017	0	2.0	473	7.891	[-26.1294076   44.66526686]	0	0	
595	9.92	0.017	0	2.0	474	7.908	[-26.09475565  44.82829146]	0	0	
596	9.937	0.017	0	2.0	475	7.924	[-26.0601037   44.99131606]	0	0	
597	9.953	0.017	0	2.0	476	7.941	[-26.02545176  45.15434066]	0	0	
598	9.97	0.017	0	2.0	477	7.957	[-25.99079981  45.31736526]	0	0	
599	9.986	0.016	0	2.0	478	7.973	[-25.95614786  45.48038986]	0	0	
600	10.004	0.018	0	2.0	479	7.991	[-25.92149591  45.64341446]	0	0	
601	10.02	0.017	0	2.0	480	8.008	[-25.88684396  45.80643906]	0	0	
602	10.037	0.016	0	2.0	481	8.024	[-25.85219201  45.96946366]	0	0	
603	10.052	0.016	0	2.0	482	8.04	[-25.81754006  46.13248826]	0	0	
604	10.07	0.018	0	2.0	483	8.058	[-25.78288812  46.29551286]	0	0	
605	10.086	0.016	0	2.0	484	8.073	[-25.74823617  46.45853746]	0	0	
606	10.103	0.017	0	2.0	485	8.091	[-25.71358422  46.62156206]	0	0	
607	10.119	0.016	0	2.0	486	8.107	[-25.67893227  46.78458666]	0	0	
608	10.137	0.017	0	2.0	487	8.124	[-25.64428032  46.94761126]	0	0	
609	10.153	0.017	0	2.0	488	8.141	[-25.60962837  47.11063586]	0	0	
610	10.17	0.017	0	2.0	489	8.158	[-25.57497643  47.27366046]	0	0	
611	10.186	0.015	0	2.0	490	8.173	[-25.54032448  47.43668506]	0	0	
612	10.203	0.017	0	2.0	491	8.19	[-25.50567253  47.59970966]	0	0	
613	10.219	0.016	0	2.0	492	8.207	[-25.47102058  47.76273426]	0	0	
614	10.236	0.017	0	2.0	493	8.224	[-25.43636863  47.92575886]	0	0	
615	10.253	0.017	0	2.0	494	8.24	[-25.40171668  48.08878346]	0	0	
616	10.269	0.016	0	2.0	495	8.257	[-25.36706473  48.25180806]	0	0	
617	10.286	0.017	0	2.0	496	8.273	[-25.33241279  48.41483266]	0	0	
618	10.304	0.018	0	2.0	497	8.291	[-25.29776084  48.57785726]	0	0	
619	10.319	0.015	0	2.0	498	8.306	[-25.26310889  48.74088186]	0	0	
620	10.336	0.017	0	2.0	499	8.324	[-25.22845694  48.90390646]	0	0	
621	10.352	0.016	0	2.0	500	8.34	[-25.19380499  49.06693106]	0	0	
622	10.37	0.018	0	2.0	501	8.357	[-25.15915304  49.22995566]	0	0	
623	10.387	0.018	0	2.0	502	8.375	[-25.1245011   49.39298026]	0	0	
624	10.402	0.015	0	2.0	503	8.39	[-25.08984915  49.55600486]	0	0	
625	10.42	0.017	0	2.0	504	8.407	[-25.0551972   49.71902946]	0	0	
626	10.437	0.017	0	2.0	505	8.424	[-25.02054525  49.88205406]	0	0	
627	10.453	0.017	0	2.0	506	8.441	[-24.9858933   50.04507866]	0	0	
628	10.469	0.016	0	2.0	507	8.457	[-24.95124135  50.20810326]	0	0	
629	10.486	0.017	0	2.0	508	8.474	[-24.9165894   50.37112786]	0	0	
630	10.503	0.016	0	2.0	509	8.49	[-24.88193746  50.53415246]	0	0	
631	10.52	0.017	0	2.0	510	8.507	[-24.84728551  50.69717706]	0	0	
632	10.536	0.017	0	2.0	511	8.524	[-24.81263356  50.86020166]	0	0	
633	10.553	0.016	0	2.0	512	8.54	[-24.77798161  51.02322626]	0	0	
634	10.57	0.017	0	2.0	513	8.557	[-24.74332966  51.18625086]	0	0	
635	10.586	0.016	0	2.0	514	8.573	[-24.70867771  51.34927546]	0	0	
636	10.603	0.017	0	2.0	515	8.59	[-24.67402577  51.51230006]	0	0	
637	10.62	0.017	0	2.0	516	8.607	[-24.63937382  51.67532466]	0	0	
638	10.636	0.017	0	2.0	517	8.624	[-24.60472187  51.83834926]	0	0	
639	10.653	0.017	0	2.0	518	8.641	[-24.57006992  52.00137386]	0	0	
640	10.669	0.016	0	2.0	519	8.657	[-24.53541797  52.16439846]	0	0	
641	10.687	0.018	0	2.0	520	8.674	[-24.50076602  52.32742306]	0	0	
642	10.703	0.016	0	2.0	521	8.69	[-24.46611407  52.49044766]	0	0	
643	10.72	0.017	0	2.0	522	8.707	[-24.43146213  52.65347226]	0	0	
644	10.737	0.017	0	2.0	523	8.724	[-24.39681018  52.81649686]	0	0	
645	10.753	0.016	0	2.0	524	8.741	[-24.36215823  52.97952146]	0	0	
646	10.77	0.017	0	2.0	525	8.757	[-24.32750628  53.14254606]	0	0	
647	10.787	0.017	0	2.0	526	8.774	[-24.29285433  53.30557066]	0	0	
648	10.803	0.016	0	2.0	527	8.79	[-24.25820238  53.46859526]	0	0	
649	10.819	0.016	0	2.0	528	8.807	[-24.22355044  53.63161986]	0	0	
650	10.836	0.017	0	2.0	529	8.824	[-24.18889849  53.79464446]	0	0	
651	10.853	0.017	0	2.0	530	8.84	[-24.15424654  53.95766906]	0	0	
652	10.87	0.017	0	2.0	531	8.857	[-24.11959459  54.12069366]	0	0	
653	10.886	0.016	0	2.0	532	8.874	[-24.08494264  54.28371826]	0	0	
654	10.903	0.017	0	2.0	533	8.891	[-24.05029069  54.44674286]	0	0	
655	10.92	0.017	0	2.0	534	8.908	[-24.01563874  54.60976746]	0	0	
656	10.937	0.017	0	2.0	535	8.924	[-23.9809868   54.77279206]	0	0	
657	10.953	0.016	0	2.0	536	8.941	[-23.94633485  54.93581666]	0	0	
658	10.97	0.017	0	2.0	537	8.958	[-23.9116829   55.09884126]	0	0	
659	10.987	0.016	0	2.0	538	8.974	[-23.87703095  55.26186586]	0	0	
660	11.004	0.017	0	2.0	539	8.991	[-23.842379    55.42489046]	0	0	
661	11.02	0.017	0	2.0	540	9.008	[-23.80772705  55.58791506]	0	0	
662	11.037	0.017	0	2.0	541	9.025	[-23.7730751   55.75093966]	0	0	
663	11.053	0.016	0	2.0	542	9.041	[-23.73842316  55.91396426]	0	0	
664	11.07	0.017	0	2.0	543	9.058	[-23.70377121  56.07698886]	0	0	
665	11.087	0.016	0	2.0	544	9.074	[-23.66911926  56.24001346]	0	0	
666	11.104	0.017	0	2.0	545	9.091	[-23.63446731  56.40303806]	0	0	
667	11.12	0.017	0	2.0	546	9.108	[-23.59981536  56.56606266]	0	0	
668	11.137	0.017	0	2.0	547	9.124	[-23.56516341  56.72908727]	0	0	
669	11.153	0.016	0	2.0	548	9.141	[-23.53051147  56.89211187]	0	0	
670	11.171	0.017	0	2.0	549	9.158	[-23.49585952  57.05513647]	0	0	
671	11.187	0.016	0	2.0	550	9.174	[-23.46120757  57.21816107]	0	0	
672	11.203	0.017	0	2.0	551	9.191	[-23.42655562  57.38118567]	0	0	
673	11.22	0.017	0	2.0	552	9.208	[-23.39190367  57.54421027]	0	0	
674	11.236	0.016	0	2.0	553	9.224	[-23.35725172  57.70723487]	0	0	
675	11.254	0.018	0	2.0	554	9.241	[-23.32259977  57.87025947]	0	0	
676	11.27	0.017	0	2.0	555	9.258	[-23.28794783  58.03328407]	0	0	
677	11.287	0.017	0	2.0	556	9.274	[-23.25329588  58.19630867]	0	0	
678	11.304	0.017	0	2.0	557	9.291	[-23.21864393  58.35933327]	0	0	
679	11.32	0.017	0	2.0	558	9.308	[-23.18399198  58.52235787]	0	0	
680	11.337	0.017	0	2.0	559	9.325	[-23.14934003  58.68538247]	0	0	
681	11.354	0.016	0	2.0	560	9.341	[-23.11468808  58.84840707]	0	0	
682	11.37	0.017	0	2.0	561	9.358	[-23.08003614  59.01143167]	0	0	
683	11.387	0.017	0	2.0	562	9.375	[-23.04538419  59.17445627]	0	0	
684	11.404	0.017	0	2.0	563	9.391	[-23.01073224  59.33748087]	0	0	
685	11.42	0.017	0	2.0	564	9.408	[-22.97608029  59.50050547]	0	0	
686	11.437	0.017	0	2.0	565	9.425	[-22.94142834  59.66353007]	0	0	
687	11.454	0.017	0	2.0	566	9.442	[-22.90677639  59.82655467]	0	0	
688	11.471	0.017	0	2.0	567	9.458	[-22.87212444  59.98957927]	0	0	
689	11.487	0.016	0	2.0	568	9.475	[-22.8374725   60.15260387]	0	0	
690	11.504	0.016	0	2.0	569	9.491	[-22.80282055  60.31562847]	0	0	
691	11.521	0.017	0	2.0	570	9.508	[-22.7681686   60.47865307]	0	0	
692	11.537	0.016	0	2.0	571	9.525	[-22.73351665  60.64167767]	0	0	
693	11.554	0.016	0	2.0	572	9.541	[-22.6988647   60.80470227]	0	0	
694	11.57	0.017	0	2.0	573	9.558	[-22.66421275  60.96772687]	0	0	
695	11.587	0.017	0	2.0	574	9.575	[-22.62956081  61.13075147]	0	0	
696	11.604	0.016	0	2.0	575	9.591	[-22.59490886  61.29377607]	0	0	
697	11.62	0.017	0	2.0	576	9.608	[-22.56025691  61.45680067]	0	0	
698	11.637	0.017	0	2.0	577	9.625	[-22.52560496  61.61982527]	0	0	
699	11.654	0.016	0	2.0	578	9.641	[-22.49095301  61.78284987]	0	0	
700	11.67	0.016	0	2.0	579	9.658	[-22.45630106  61.94587447]	0	0	
701	11.687	0.017	0	2.0	580	9.674	[-22.42164911  62.10889907]	0	0	
702	11.704	0.017	0	2.0	581	9.691	[-22.38699717  62.27192367]	0	0	
703	11.72	0.016	0	2.0	582	9.708	[-22.35234522  62.43494827]	0	0	
704	11.737	0.017	0	2.0	583	9.725	[-22.31769327  62.59797287]	0	0	
705	11.754	0.016	0	2.0	584	9.741	[-22.28304132  62.76099747]	0	0	
706	11.771	0.017	0	2.0	585	9.758	[-22.24838937  62.92402207]	0	0	
707	11.787	0.016	0	2.0	586	9.775	[-22.21373742  63.08704667]	0	0	
708	11.804	0.017	0	2.0	587	9.792	[-22.17908548  63.25007127]	0	0	
709	11.821	0.017	0	2.0	588	9.808	[-22.14443353  63.41309587]	0	0	
710	11.838	0.017	0	2.0	589	9.825	[-22.10978158  63.57612047]	0	0	
711	11.854	0.016	0	2.0	590	9.841	[-22.07512963  63.73914507]	0	0	
712	11.87	0.017	0	2.0	591	9.858	[-22.04047768  63.90216967]	0	0	
713	11.887	0.017	0	2.0	592	9.875	[-22.00582573  64.06519427]	0	0	
714	11.904	0.017	0	2.0	593	9.891	[-21.97117378  64.22821887]	0	0	
715	11.921	0.017	0	2.0	594	9.908	[-21.93652184  64.39124347]	0	0	
716	11.937	0.017	0	2.0	595	9.925	[-21.90186989  64.55426807]	0	0	
717	11.954	0.017	0	2.0	596	9.942	[-21.86721794  64.71729267]	0	0	
718	11.97	0.016	0	2.0	597	9.958	[-21.83256599  64.88031727]	0	0	
719	11.987	0.017	0	2.0	598	9.975	[-21.79791404  65.04334187]	0	0	
720	12.004	0.016	0	2.0	599	9.991	[-21.76326209  65.20636647]	0	0	
721	12.021	0.017	0	2.0	600	10.008	[-21.72861015  65.36939107]	0	0	
722	12.037	0.016	0	2.0	601	10.024	[-21.6939582   65.53241567]	0	0	
723	12.054	0.018	0	2.0	602	10.042	[-21.65930625  65.69544027]	0	0	
724	12.071	0.017	0	2.0	603	10.059	[-21.6246543   65.85846487]	0	0	
725	12.087	0.016	0	2.0	604	10.075	[-21.59000235  66.02148947]	0	0	
726	12.103	0.016	0	2.0	605	10.091	[-21.5553504   66.18451407]	0	0	
727	12.12	0.017	0	2.0	606	10.108	[-21.52069845  66.34753867]	0	0	
728	12.137	0.017	0	2.0	607	10.125	[-21.48604651  66.51056327]	0	0	
729	12.154	0.017	0	2.0	608	10.142	[-21.45139456  66.67358787]	0	0	
730	12.171	0.017	0	2.0	609	10.158	[-21.41674261  66.83661247]	0	0	
731	12.187	0.017	0	2.0	610	10.175	[-21.38209066  66.99963707]	0	0	
732	12.204	0.017	0	2.0	611	10.191	[-21.34743871  67.16266167]	0	0	
733	12.22	0.016	0	2.0	612	10.208	[-21.31278676  67.32568627]	0	0	
734	12.237	0.017	0	2.0	613	10.225	[-21.27813482  67.48871087]	0	0	
735	12.254	0.017	0	2.0	614	10.241	[-21.24348287  67.65173547]	0	0	
736	12.271	0.017	0	2.0	615	10.258	[-21.20883092  67.81476007]	0	0	
737	12.287	0.017	0	2.0	616	10.275	[-21.17417897  67.97778467]	0	0	
738	12.304	0.017	0	2.0	617	10.292	[-21.13952702  68.14080927]	0	0	
739	12.321	0.016	0	2.0	618	10.308	[-21.10487507  68.30383387]	0	0	
740	12.338	0.017	0	2.0	619	10.325	[-21.07022312  68.46685847]	0	0	
741	12.353	0.015	0	2.0	620	10.341	[-21.03557118  68.62988307]	0	0	
742	12.371	0.017	0	2.0	621	10.358	[-21.00091923  68.79290767]	0	0	
743	12.388	0.017	0	2.0	622	10.375	[-20.96626728  68.95593227]	0	0	
744	12.404	0.017	0	2.0	623	10.392	[-20.93161533  69.11895687]	0	0	
745	12.421	0.016	0	2.0	624	10.408	[-20.89696338  69.28198147]	0	0	
746	12.437	0.017	0	2.0	625	10.425	[-20.86231143  69.44500607]	0	0	
747	12.454	0.017	0	2.0	626	10.442	[-20.82765949  69.60803067]	0	0	
748	12.471	0.017	0	2.0	627	10.458	[-20.79300754  69.77105527]	0	0	
749	12.488	0.017	0	2.0	628	10.475	[-20.75835559  69.93407987]	0	0	
750	12.504	0.017	0	2.0	629	10.492	[-20.72370364  70.09710448]	0	0	
751	12.521	0.017	0	2.0	630	10.508	[-20.68905169  70.26012908]	0	0	
752	12.537	0.016	0	2.0	631	10.525	[-20.65439974  70.42315368]	0	0	
753	12.555	0.017	0	2.0	632	10.542	[-20.61974779  70.58617828]	0	0	
754	12.571	0.016	0	2.0	633	10.558	[-20.58509585  70.74920288]	0	0	
755	12.588	0.017	0	2.0	634	10.575	[-20.5504439   70.91222748]	0	0	
756	12.604	0.017	0	2.0	635	10.592	[-20.51579195  71.07525208]	0	0	
757	12.621	0.017	0	2.0	636	10.608	[-20.51579195  71.07525208]	0	0	
