sample_num	time_passed	sampling_interval	epoch_time	imaging_frame	stimulus_epoch	stim_frame	stim_info1	stim_info2	stim_info3	
1	0.014	0.014	0	1.0	1	[0. 0.]	0	0	
2	0.020	0.034	0	1.0	2	[0. 0.]	0	0	
3	0.015	0.048	0	1.0	3	[0. 0.]	0	0	
4	0.016	0.065	0	1.0	4	[0. 0.]	0	0	
5	0.017	0.082	0	1.0	5	[0. 0.]	0	0	
6	0.017	0.098	0	1.0	6	[0. 0.]	0	0	
7	0.016	0.115	0	1.0	7	[0. 0.]	0	0	
8	0.017	0.132	0	1.0	8	[0. 0.]	0	0	
9	0.016	0.148	0	1.0	9	[0. 0.]	0	0	
10	0.017	0.165	0	1.0	10	[0. 0.]	0	0	
11	0.016	0.181	0	1.0	11	[0. 0.]	0	0	
12	0.017	0.198	0	1.0	12	[0. 0.]	0	0	
13	0.017	0.215	0	1.0	13	[0. 0.]	0	0	
14	0.016	0.231	0	1.0	14	[0. 0.]	0	0	
15	0.017	0.249	0	1.0	15	[0. 0.]	0	0	
16	0.016	0.265	0	1.0	16	[0. 0.]	0	0	
17	0.017	0.282	0	1.0	17	[0. 0.]	0	0	
18	0.017	0.298	0	1.0	18	[0. 0.]	0	0	
19	0.016	0.315	0	1.0	19	[0. 0.]	0	0	
20	0.017	0.332	0	1.0	20	[0. 0.]	0	0	
21	0.017	0.348	0	1.0	21	[0. 0.]	0	0	
22	0.017	0.366	0	1.0	22	[0. 0.]	0	0	
23	0.015	0.381	0	1.0	23	[0. 0.]	0	0	
24	0.017	0.399	0	1.0	24	[0. 0.]	0	0	
25	0.016	0.415	0	1.0	25	[0. 0.]	0	0	
26	0.017	0.432	0	1.0	26	[0. 0.]	0	0	
27	0.017	0.448	0	1.0	27	[0. 0.]	0	0	
28	0.017	0.465	0	1.0	28	[0. 0.]	0	0	
29	0.016	0.482	0	1.0	29	[0. 0.]	0	0	
30	0.017	0.499	0	1.0	30	[0. 0.]	0	0	
31	0.016	0.515	0	1.0	31	[0. 0.]	0	0	
32	0.017	0.532	0	1.0	32	[0. 0.]	0	0	
33	0.016	0.548	0	1.0	33	[0. 0.]	0	0	
34	0.017	0.565	0	1.0	34	[0. 0.]	0	0	
35	0.017	0.582	0	1.0	35	[0. 0.]	0	0	
36	0.017	0.598	0	1.0	36	[0. 0.]	0	0	
37	0.017	0.615	0	1.0	37	[0. 0.]	0	0	
38	0.017	0.632	0	1.0	38	[0. 0.]	0	0	
39	0.017	0.649	0	1.0	39	[0. 0.]	0	0	
40	0.016	0.665	0	1.0	40	[0. 0.]	0	0	
41	0.017	0.682	0	1.0	41	[0. 0.]	0	0	
42	0.017	0.699	0	1.0	42	[0. 0.]	0	0	
43	0.016	0.715	0	1.0	43	[0. 0.]	0	0	
44	0.017	0.732	0	1.0	44	[0. 0.]	0	0	
45	0.017	0.749	0	1.0	45	[0. 0.]	0	0	
46	0.017	0.765	0	1.0	46	[0. 0.]	0	0	
47	0.017	0.782	0	1.0	47	[0. 0.]	0	0	
48	0.017	0.798	0	1.0	48	[0. 0.]	0	0	
49	0.016	0.815	0	1.0	49	[0. 0.]	0	0	
50	0.017	0.832	0	1.0	50	[0. 0.]	0	0	
51	0.017	0.849	0	1.0	51	[0. 0.]	0	0	
52	0.016	0.865	0	1.0	52	[0. 0.]	0	0	
53	0.017	0.882	0	1.0	53	[0. 0.]	0	0	
54	0.016	0.898	0	1.0	54	[0. 0.]	0	0	
55	0.017	0.915	0	1.0	55	[0. 0.]	0	0	
56	0.016	0.931	0	1.0	56	[0. 0.]	0	0	
57	0.017	0.948	0	1.0	57	[0. 0.]	0	0	
58	0.016	0.965	0	1.0	58	[0. 0.]	0	0	
59	0.017	0.982	0	1.0	59	[0. 0.]	0	0	
60	0.017	0.999	0	1.0	60	[0. 0.]	0	0	
61	0.016	1.015	0	1.0	61	[0. 0.]	0	0	
62	0.017	1.032	0	1.0	62	[0. 0.]	0	0	
63	0.017	1.048	0	1.0	63	[0. 0.]	0	0	
64	0.016	1.065	0	1.0	64	[0. 0.]	0	0	
65	0.021	1.086	0	1.0	65	[0. 0.]	0	0	
66	0.012	1.098	0	1.0	66	[0. 0.]	0	0	
67	0.017	1.115	0	1.0	67	[0. 0.]	0	0	
68	0.016	1.132	0	1.0	68	[0. 0.]	0	0	
69	0.017	1.149	0	1.0	69	[0. 0.]	0	0	
70	0.016	1.165	0	1.0	70	[0. 0.]	0	0	
71	0.017	1.182	0	1.0	71	[0. 0.]	0	0	
72	0.017	1.199	0	1.0	72	[0. 0.]	0	0	
73	0.016	1.215	0	1.0	73	[0. 0.]	0	0	
74	0.017	1.232	0	1.0	74	[0. 0.]	0	0	
75	0.017	1.249	0	1.0	75	[0. 0.]	0	0	
76	0.017	1.265	0	1.0	76	[0. 0.]	0	0	
77	0.016	1.282	0	1.0	77	[0. 0.]	0	0	
78	0.017	1.299	0	1.0	78	[0. 0.]	0	0	
79	0.017	1.315	0	1.0	79	[0. 0.]	0	0	
80	0.017	1.332	0	1.0	80	[0. 0.]	0	0	
81	0.017	1.349	0	1.0	81	[0. 0.]	0	0	
82	0.016	1.365	0	1.0	82	[0. 0.]	0	0	
83	0.017	1.382	0	1.0	83	[0. 0.]	0	0	
84	0.017	1.399	0	1.0	84	[0. 0.]	0	0	
85	0.016	1.415	0	1.0	85	[0. 0.]	0	0	
86	0.017	1.432	0	1.0	86	[0. 0.]	0	0	
87	0.017	1.449	0	1.0	87	[0. 0.]	0	0	
88	0.017	1.466	0	1.0	88	[0. 0.]	0	0	
89	0.016	1.482	0	1.0	89	[0. 0.]	0	0	
90	0.017	1.499	0	1.0	90	[0. 0.]	0	0	
91	0.017	1.515	0	1.0	91	[0. 0.]	0	0	
92	0.016	1.532	0	1.0	92	[0. 0.]	0	0	
93	0.017	1.549	0	1.0	93	[0. 0.]	0	0	
94	0.016	1.565	0	1.0	94	[0. 0.]	0	0	
95	0.017	1.582	0	1.0	95	[0. 0.]	0	0	
96	0.017	1.599	0	1.0	96	[0. 0.]	0	0	
97	0.017	1.615	0	1.0	97	[0. 0.]	0	0	
98	0.017	1.632	0	1.0	98	[0. 0.]	0	0	
99	0.017	1.649	0	1.0	99	[0. 0.]	0	0	
100	0.017	1.665	0	1.0	100	[0. 0.]	0	0	
101	0.016	1.682	0	1.0	101	[0. 0.]	0	0	
102	0.017	1.699	0	1.0	102	[0. 0.]	0	0	
103	0.017	1.716	0	1.0	103	[0. 0.]	0	0	
104	0.016	1.732	0	1.0	104	[0. 0.]	0	0	
105	0.017	1.749	0	1.0	105	[0. 0.]	0	0	
106	0.016	1.765	0	1.0	106	[0. 0.]	0	0	
107	0.017	1.783	0	1.0	107	[0. 0.]	0	0	
108	0.016	1.798	0	1.0	108	[0. 0.]	0	0	
109	0.017	1.816	0	1.0	109	[0. 0.]	0	0	
110	0.016	1.832	0	1.0	110	[0. 0.]	0	0	
111	0.017	1.849	0	1.0	111	[0. 0.]	0	0	
112	0.017	1.866	0	1.0	112	[0. 0.]	0	0	
113	0.016	1.882	0	1.0	113	[0. 0.]	0	0	
114	0.017	1.899	0	1.0	114	[0. 0.]	0	0	
115	0.017	1.916	0	1.0	115	[0. 0.]	0	0	
116	0.017	1.932	0	1.0	116	[0. 0.]	0	0	
117	0.017	1.949	0	1.0	117	[0. 0.]	0	0	
118	0.017	1.966	0	1.0	118	[0. 0.]	0	0	
119	0.017	1.982	0	1.0	119	[0. 0.]	0	0	
120	0.017	1.999	0	1.0	120	[0. 0.]	0	0	
121	0.017	2.016	0	1.0	121	[0. 0.]	0	0	
122	0.016	2.032	0	1.0	122	[0. 0.]	0	0	
123	0.017	2.049	0	1.0	123	[0. 0.]	0	0	
124	0.017	2.066	0	1.0	124	[0. 0.]	0	0	
125	0.017	2.082	0	1.0	125	[0. 0.]	0	0	
126	0.016	2.099	0	1.0	126	[0. 0.]	0	0	
127	0.017	2.116	0	1.0	127	[0. 0.]	0	0	
128	0.017	2.132	0	1.0	128	[0. 0.]	0	0	
129	0.016	2.149	0	1.0	129	[0. 0.]	0	0	
130	0.017	2.166	0	1.0	130	[0. 0.]	0	0	
131	0.017	2.182	0	1.0	131	[0. 0.]	0	0	
132	0.016	2.199	0	1.0	132	[0. 0.]	0	0	
133	0.017	2.216	0	1.0	133	[0. 0.]	0	0	
134	0.017	2.232	0	1.0	134	[0. 0.]	0	0	
135	0.016	2.249	0	1.0	135	[0. 0.]	0	0	
136	0.017	2.266	0	1.0	136	[0. 0.]	0	0	
137	0.017	2.282	0	1.0	137	[0. 0.]	0	0	
138	0.016	2.298	0	1.0	138	[0. 0.]	0	0	
139	0.017	2.316	0	1.0	139	[0. 0.]	0	0	
140	0.017	2.332	0	1.0	140	[0. 0.]	0	0	
141	0.016	2.349	0	1.0	141	[0. 0.]	0	0	
142	0.017	2.366	0	1.0	142	[0. 0.]	0	0	
143	0.017	2.383	0	1.0	143	[0. 0.]	0	0	
144	0.016	2.399	0	1.0	144	[0. 0.]	0	0	
145	0.017	2.416	0	1.0	145	[0. 0.]	0	0	
146	0.017	2.432	0	1.0	146	[0. 0.]	0	0	
147	0.017	2.450	0	1.0	147	[0. 0.]	0	0	
148	0.017	2.467	0	1.0	148	[0. 0.]	0	0	
149	0.015	2.482	0	1.0	149	[0. 0.]	0	0	
150	0.017	2.499	0	1.0	150	[0. 0.]	0	0	
151	0.016	2.515	0	1.0	151	[0. 0.]	0	0	
152	0.017	2.533	0	1.0	152	[0. 0.]	0	0	
153	0.016	2.549	0	1.0	153	[0. 0.]	0	0	
154	0.017	2.566	0	1.0	154	[0. 0.]	0	0	
155	0.017	2.583	0	1.0	155	[0. 0.]	0	0	
156	0.016	2.599	0	1.0	156	[0. 0.]	0	0	
157	0.017	2.616	0	1.0	157	[0. 0.]	0	0	
158	0.017	2.633	0	1.0	158	[0. 0.]	0	0	
159	0.016	2.649	0	1.0	159	[0. 0.]	0	0	
160	0.017	2.666	0	1.0	160	[0. 0.]	0	0	
161	0.017	2.683	0	1.0	161	[0. 0.]	0	0	
162	0.016	2.699	0	1.0	162	[0. 0.]	0	0	
163	0.017	2.716	0	1.0	163	[0. 0.]	0	0	
164	0.017	2.733	0	1.0	164	[0. 0.]	0	0	
165	0.016	2.749	0	1.0	165	[0. 0.]	0	0	
166	0.017	2.766	0	1.0	166	[0. 0.]	0	0	
167	0.017	2.783	0	1.0	167	[0. 0.]	0	0	
168	0.016	2.799	0	1.0	168	[0. 0.]	0	0	
169	0.017	2.816	0	1.0	169	[0. 0.]	0	0	
170	0.017	2.833	0	1.0	170	[0. 0.]	0	0	
171	0.016	2.849	0	1.0	171	[0. 0.]	0	0	
172	0.017	2.866	0	1.0	172	[0. 0.]	0	0	
173	0.017	2.883	0	1.0	173	[0. 0.]	0	0	
174	0.017	2.899	0	1.0	174	[0. 0.]	0	0	
175	0.017	2.916	0	1.0	175	[0. 0.]	0	0	
176	0.017	2.933	0	1.0	176	[0. 0.]	0	0	
177	0.016	2.949	0	1.0	177	[0. 0.]	0	0	
178	0.017	2.966	0	1.0	178	[0. 0.]	0	0	
179	0.017	2.983	0	1.0	179	[0. 0.]	0	0	
180	0.016	2.999	0	1.0	180	[0. 0.]	0	0	
181	0.018	3.016	0	1.0	181	[0. 0.]	0	0	
182	0.016	3.032	0	1.0	182	[0. 0.]	0	0	
183	0.018	3.050	0	1.0	183	[0. 0.]	0	0	
184	0.016	3.066	0	1.0	184	[0. 0.]	0	0	
185	0.017	3.083	0	1.0	185	[0. 0.]	0	0	
186	0.017	3.099	0	1.0	186	[0. 0.]	0	0	
187	0.016	3.116	0	1.0	187	[0. 0.]	0	0	
188	0.017	3.133	0	1.0	188	[0. 0.]	0	0	
189	0.017	3.149	0	1.0	189	[0. 0.]	0	0	
190	0.016	3.166	0	1.0	190	[0. 0.]	0	0	
191	0.017	3.183	0	1.0	191	[0. 0.]	0	0	
192	0.017	3.199	0	1.0	192	[0. 0.]	0	0	
193	0.016	3.216	0	1.0	193	[0. 0.]	0	0	
194	0.017	3.233	0	1.0	194	[0. 0.]	0	0	
195	0.016	3.249	0	1.0	195	[0. 0.]	0	0	
196	0.017	3.266	0	1.0	196	[0. 0.]	0	0	
197	0.016	3.283	0	1.0	197	[0. 0.]	0	0	
198	0.017	3.300	0	1.0	198	[0. 0.]	0	0	
199	0.016	3.316	0	1.0	199	[0. 0.]	0	0	
200	0.017	3.333	0	1.0	200	[0. 0.]	0	0	
201	0.017	3.349	0	1.0	201	[0. 0.]	0	0	
202	0.016	3.366	0	1.0	202	[0. 0.]	0	0	
203	0.017	3.383	0	1.0	203	[0. 0.]	0	0	
204	0.017	3.399	0	1.0	204	[0. 0.]	0	0	
205	0.016	3.416	0	1.0	205	[0. 0.]	0	0	
206	0.017	3.433	0	1.0	206	[0. 0.]	0	0	
207	0.017	3.450	0	1.0	207	[0. 0.]	0	0	
208	0.016	3.466	0	1.0	208	[0. 0.]	0	0	
209	0.017	3.483	0	1.0	209	[0. 0.]	0	0	
210	0.017	3.500	0	1.0	210	[0. 0.]	0	0	
211	0.017	3.516	0	1.0	211	[0. 0.]	0	0	
212	0.017	3.534	0	1.0	212	[0. 0.]	0	0	
213	0.015	3.549	0	1.0	213	[0. 0.]	0	0	
214	0.017	3.566	0	1.0	214	[0. 0.]	0	0	
215	0.016	3.582	0	1.0	215	[0. 0.]	0	0	
216	0.017	3.600	0	1.0	216	[0. 0.]	0	0	
217	0.016	3.616	0	1.0	217	[0. 0.]	0	0	
218	0.017	3.633	0	1.0	218	[0. 0.]	0	0	
219	0.017	3.650	0	1.0	219	[0. 0.]	0	0	
220	0.016	3.666	0	1.0	220	[0. 0.]	0	0	
221	0.017	3.683	0	1.0	221	[0. 0.]	0	0	
222	0.017	3.700	0	1.0	222	[0. 0.]	0	0	
223	0.016	3.716	0	1.0	223	[0. 0.]	0	0	
224	0.017	3.733	0	1.0	224	[0. 0.]	0	0	
225	0.017	3.750	0	1.0	225	[0. 0.]	0	0	
226	0.016	3.766	0	1.0	226	[0. 0.]	0	0	
227	0.017	3.783	0	1.0	227	[0. 0.]	0	0	
228	0.017	3.800	0	1.0	228	[0. 0.]	0	0	
229	0.017	3.816	0	1.0	229	[0. 0.]	0	0	
230	0.016	3.832	0	1.0	230	[0. 0.]	0	0	
231	0.017	3.850	0	1.0	231	[0. 0.]	0	0	
232	0.016	3.866	0	1.0	232	[0. 0.]	0	0	
233	0.017	3.883	0	1.0	233	[0. 0.]	0	0	
234	0.016	3.900	0	1.0	234	[0. 0.]	0	0	
235	0.017	3.916	0	1.0	235	[0. 0.]	0	0	
236	0.017	3.933	0	1.0	236	[0. 0.]	0	0	
237	0.017	3.950	0	1.0	237	[0. 0.]	0	0	
238	0.017	3.967	0	1.0	238	[0. 0.]	0	0	
239	0.016	3.983	0	1.0	239	[0. 0.]	0	0	
240	0.017	4.000	0	1.0	240	[0. 0.]	0	0	
241	0.017	4.016	0	1.0	241	[0. 0.]	0	0	
242	-4.001	0.016	0	5.0	1	[0.06666667 0.06666667]	0	0	
243	0.017	0.033	0	5.0	2	[0.1 0.1]	0	0	
244	0.017	0.050	0	5.0	3	[0.13333333 0.13333333]	0	0	
245	0.016	0.066	0	5.0	4	[0.16666667 0.16666667]	0	0	
246	0.017	0.083	0	5.0	5	[0.2 0.2]	0	0	
247	0.017	0.100	0	5.0	6	[0.23333333 0.23333333]	0	0	
248	0.017	0.117	0	5.0	7	[0.26666667 0.26666667]	0	0	
249	0.016	0.133	0	5.0	8	[0.3 0.3]	0	0	
250	0.017	0.150	0	5.0	9	[0.33333333 0.33333333]	0	0	
251	0.016	0.166	0	5.0	10	[0.36666667 0.36666667]	0	0	
252	0.017	0.183	0	5.0	11	[0.4 0.4]	0	0	
253	0.017	0.200	0	5.0	12	[0.43333333 0.43333333]	0	0	
254	0.016	0.216	0	5.0	13	[0.46666667 0.46666667]	0	0	
255	0.017	0.233	0	5.0	14	[0.5 0.5]	0	0	
256	0.017	0.250	0	5.0	15	[0.53333333 0.53333333]	0	0	
257	0.016	0.266	0	5.0	16	[0.56666667 0.56666667]	0	0	
258	0.017	0.283	0	5.0	17	[0.6 0.6]	0	0	
259	0.017	0.300	0	5.0	18	[0.63333333 0.63333333]	0	0	
260	0.016	0.316	0	5.0	19	[0.66666667 0.66666667]	0	0	
261	0.017	0.333	0	5.0	20	[0.7 0.7]	0	0	
262	0.017	0.350	0	5.0	21	[0.73333333 0.73333333]	0	0	
263	0.016	0.366	0	5.0	22	[0.76666667 0.76666667]	0	0	
264	0.017	0.383	0	5.0	23	[0.8 0.8]	0	0	
265	0.017	0.400	0	5.0	24	[0.83333333 0.83333333]	0	0	
266	0.016	0.416	0	5.0	25	[0.86666667 0.86666667]	0	0	
267	0.017	0.433	0	5.0	26	[0.9 0.9]	0	0	
268	0.017	0.450	0	5.0	27	[0.93333333 0.93333333]	0	0	
269	0.016	0.466	0	5.0	28	[0.96666667 0.96666667]	0	0	
270	0.017	0.483	0	5.0	29	[1. 1.]	0	0	
271	0.017	0.500	0	5.0	30	[1.03333333 1.03333333]	0	0	
272	0.016	0.516	0	5.0	31	[1.06666667 1.06666667]	0	0	
273	0.017	0.533	0	5.0	32	[1.1 1.1]	0	0	
274	0.017	0.550	0	5.0	33	[1.13333333 1.13333333]	0	0	
275	0.016	0.566	0	5.0	34	[1.16666667 1.16666667]	0	0	
276	0.017	0.584	0	5.0	35	[1.2 1.2]	0	0	
277	0.017	0.600	0	5.0	36	[1.23333333 1.23333333]	0	0	
278	0.016	0.616	0	5.0	37	[1.26666667 1.26666667]	0	0	
279	0.017	0.633	0	5.0	38	[1.3 1.3]	0	0	
280	0.016	0.649	0	5.0	39	[1.33333333 1.33333333]	0	0	
281	0.017	0.667	0	5.0	40	[1.36666667 1.36666667]	0	0	
282	0.017	0.683	0	5.0	41	[1.4 1.4]	0	0	
283	0.017	0.700	0	5.0	42	[1.43333333 1.43333333]	0	0	
284	0.017	0.717	0	5.0	43	[1.46666667 1.46666667]	0	0	
285	0.016	0.733	0	5.0	44	[1.5 1.5]	0	0	
286	0.017	0.750	0	5.0	45	[1.53333333 1.53333333]	0	0	
287	0.017	0.767	0	5.0	46	[1.56666667 1.56666667]	0	0	
288	0.016	0.783	0	5.0	47	[1.6 1.6]	0	0	
289	0.019	0.802	0	5.0	48	[1.63333333 1.63333333]	0	0	
290	0.016	0.818	0	5.0	49	[1.66666667 1.66666667]	0	0	
291	0.017	0.835	0	5.0	50	[1.7 1.7]	0	0	
292	0.017	0.852	0	5.0	51	[1.73333333 1.73333333]	0	0	
293	0.017	0.868	0	5.0	52	[1.76666667 1.76666667]	0	0	
294	0.016	0.885	0	5.0	53	[1.8 1.8]	0	0	
295	0.017	0.902	0	5.0	54	[1.83333333 1.83333333]	0	0	
296	0.016	0.918	0	5.0	55	[1.86666667 1.86666667]	0	0	
297	0.017	0.935	0	5.0	56	[1.9 1.9]	0	0	
298	0.017	0.952	0	5.0	57	[1.93333333 1.93333333]	0	0	
299	0.016	0.968	0	5.0	58	[1.96666667 1.96666667]	0	0	
300	0.017	0.985	0	5.0	59	[2. 2.]	0	0	
301	0.017	1.002	0	5.0	60	[2.03333333 2.03333333]	0	0	
302	0.016	1.018	0	5.0	61	[2.06666667 2.06666667]	0	0	
303	0.017	1.035	0	5.0	62	[2.1 2.1]	0	0	
304	0.016	1.051	0	5.0	63	[2.13333333 2.13333333]	0	0	
305	0.017	1.069	0	5.0	64	[2.16666667 2.16666667]	0	0	
306	0.016	1.085	0	5.0	65	[2.2 2.2]	0	0	
307	0.018	1.103	0	5.0	66	[2.23333333 2.23333333]	0	0	
308	0.015	1.118	0	5.0	67	[2.26666667 2.26666667]	0	0	
309	0.017	1.135	0	5.0	68	[2.3 2.3]	0	0	
310	0.016	1.151	0	5.0	69	[2.33333333 2.33333333]	0	0	
311	0.018	1.169	0	5.0	70	[2.36666667 2.36666667]	0	0	
312	0.016	1.185	0	5.0	71	[2.4 2.4]	0	0	
313	0.017	1.202	0	5.0	72	[2.43333333 2.43333333]	0	0	
314	0.016	1.218	0	5.0	73	[2.46666667 2.46666667]	0	0	
315	0.017	1.235	0	5.0	74	[2.5 2.5]	0	0	
316	0.017	1.252	0	5.0	75	[2.53333333 2.53333333]	0	0	
317	0.016	1.268	0	5.0	76	[2.56666667 2.56666667]	0	0	
318	0.017	1.285	0	5.0	77	[2.6 2.6]	0	0	
319	0.017	1.302	0	5.0	78	[2.63333333 2.63333333]	0	0	
320	0.017	1.319	0	5.0	79	[2.66666667 2.66666667]	0	0	
321	0.016	1.335	0	5.0	80	[2.7 2.7]	0	0	
322	0.017	1.352	0	5.0	81	[2.73333333 2.73333333]	0	0	
323	0.016	1.368	0	5.0	82	[2.76666667 2.76666667]	0	0	
324	0.017	1.385	0	5.0	83	[2.8 2.8]	0	0	
325	0.017	1.402	0	5.0	84	[2.83333333 2.83333333]	0	0	
326	0.016	1.418	0	5.0	85	[2.86666667 2.86666667]	0	0	
327	0.017	1.435	0	5.0	86	[2.9 2.9]	0	0	
328	0.017	1.452	0	5.0	87	[2.93333333 2.93333333]	0	0	
329	0.016	1.468	0	5.0	88	[2.96666667 2.96666667]	0	0	
330	0.017	1.485	0	5.0	89	[3. 3.]	0	0	
331	0.017	1.502	0	5.0	90	[3.03333333 3.03333333]	0	0	
332	0.017	1.518	0	5.0	91	[3.06666667 3.06666667]	0	0	
333	0.017	1.535	0	5.0	92	[3.1 3.1]	0	0	
334	0.017	1.552	0	5.0	93	[3.13333333 3.13333333]	0	0	
335	0.016	1.568	0	5.0	94	[3.16666667 3.16666667]	0	0	
336	0.017	1.585	0	5.0	95	[3.2 3.2]	0	0	
337	0.017	1.602	0	5.0	96	[3.23333333 3.23333333]	0	0	
338	0.016	1.618	0	5.0	97	[3.26666667 3.26666667]	0	0	
339	0.017	1.635	0	5.0	98	[3.3 3.3]	0	0	
340	0.017	1.652	0	5.0	99	[3.33333333 3.33333333]	0	0	
341	0.016	1.668	0	5.0	100	[3.36666667 3.36666667]	0	0	
342	0.017	1.685	0	5.0	101	[3.4 3.4]	0	0	
343	0.017	1.702	0	5.0	102	[3.43333333 3.43333333]	0	0	
344	0.017	1.719	0	5.0	103	[3.46666667 3.46666667]	0	0	
345	0.017	1.735	0	5.0	104	[3.5 3.5]	0	0	
346	0.017	1.752	0	5.0	105	[3.53333333 3.53333333]	0	0	
347	0.016	1.768	0	5.0	106	[3.56666667 3.56666667]	0	0	
348	0.017	1.785	0	5.0	107	[3.6 3.6]	0	0	
349	0.017	1.802	0	5.0	108	[3.63333333 3.63333333]	0	0	
350	0.017	1.819	0	5.0	109	[3.66666667 3.66666667]	0	0	
351	0.016	1.835	0	5.0	110	[3.7 3.7]	0	0	
352	0.017	1.852	0	5.0	111	[3.73333333 3.73333333]	0	0	
353	0.017	1.869	0	5.0	112	[3.76666667 3.76666667]	0	0	
354	0.016	1.885	0	5.0	113	[3.8 3.8]	0	0	
355	0.017	1.902	0	5.0	114	[3.83333333 3.83333333]	0	0	
356	0.016	1.918	0	5.0	115	[3.86666667 3.86666667]	0	0	
357	0.017	1.935	0	5.0	116	[3.9 3.9]	0	0	
358	0.017	1.952	0	5.0	117	[3.93333333 3.93333333]	0	0	
359	0.017	1.969	0	5.0	118	[3.96666667 3.96666667]	0	0	
360	0.016	1.985	0	5.0	119	[4. 4.]	0	0	
361	0.017	2.002	0	5.0	120	[4.03333333 4.03333333]	0	0	
362	0.017	2.019	0	5.0	121	[4.06666667 4.06666667]	0	0	
363	0.016	2.035	0	5.0	122	[4.1 4.1]	0	0	
364	0.017	2.052	0	5.0	123	[4.13333333 4.13333333]	0	0	
365	0.017	2.069	0	5.0	124	[4.16666667 4.16666667]	0	0	
366	0.016	2.085	0	5.0	125	[4.2 4.2]	0	0	
367	0.017	2.102	0	5.0	126	[4.23333333 4.23333333]	0	0	
368	0.016	2.118	0	5.0	127	[4.26666667 4.26666667]	0	0	
369	0.017	2.135	0	5.0	128	[4.3 4.3]	0	0	
370	0.017	2.152	0	5.0	129	[4.33333333 4.33333333]	0	0	
371	0.016	2.169	0	5.0	130	[4.36666667 4.36666667]	0	0	
372	0.017	2.186	0	5.0	131	[4.4 4.4]	0	0	
373	0.016	2.202	0	5.0	132	[4.43333333 4.43333333]	0	0	
374	0.017	2.219	0	5.0	133	[4.46666667 4.46666667]	0	0	
375	0.016	2.235	0	5.0	134	[4.5 4.5]	0	0	
376	0.017	2.252	0	5.0	135	[4.53333333 4.53333333]	0	0	
377	0.017	2.269	0	5.0	136	[4.56666667 4.56666667]	0	0	
378	0.016	2.285	0	5.0	137	[4.6 4.6]	0	0	
379	0.017	2.302	0	5.0	138	[4.63333333 4.63333333]	0	0	
380	0.017	2.319	0	5.0	139	[4.66666667 4.66666667]	0	0	
381	0.016	2.335	0	5.0	140	[4.7 4.7]	0	0	
382	0.017	2.352	0	5.0	141	[4.73333333 4.73333333]	0	0	
383	0.017	2.369	0	5.0	142	[4.76666667 4.76666667]	0	0	
384	0.016	2.385	0	5.0	143	[4.8 4.8]	0	0	
385	0.017	2.402	0	5.0	144	[4.83333333 4.83333333]	0	0	
386	0.017	2.419	0	5.0	145	[4.86666667 4.86666667]	0	0	
387	0.016	2.435	0	5.0	146	[4.9 4.9]	0	0	
388	0.017	2.452	0	5.0	147	[4.93333333 4.93333333]	0	0	
389	0.017	2.469	0	5.0	148	[4.96666667 4.96666667]	0	0	
390	0.016	2.485	0	5.0	149	[5. 5.]	0	0	
391	0.017	2.502	0	5.0	150	[5.03333333 5.03333333]	0	0	
392	0.017	2.519	0	5.0	151	[5.06666667 5.06666667]	0	0	
393	0.016	2.535	0	5.0	152	[5.1 5.1]	0	0	
394	0.017	2.552	0	5.0	153	[5.13333333 5.13333333]	0	0	
395	0.017	2.569	0	5.0	154	[5.16666667 5.16666667]	0	0	
396	0.017	2.586	0	5.0	155	[5.2 5.2]	0	0	
397	0.017	2.602	0	5.0	156	[5.23333333 5.23333333]	0	0	
398	0.017	2.619	0	5.0	157	[5.26666667 5.26666667]	0	0	
399	0.016	2.635	0	5.0	158	[5.3 5.3]	0	0	
400	0.017	2.652	0	5.0	159	[5.33333333 5.33333333]	0	0	
401	0.017	2.669	0	5.0	160	[5.36666667 5.36666667]	0	0	
402	0.016	2.685	0	5.0	161	[5.4 5.4]	0	0	
403	0.018	2.703	0	5.0	162	[5.43333333 5.43333333]	0	0	
404	0.015	2.719	0	5.0	163	[5.46666667 5.46666667]	0	0	
405	0.017	2.736	0	5.0	164	[5.5 5.5]	0	0	
406	0.016	2.752	0	5.0	165	[5.53333333 5.53333333]	0	0	
407	0.017	2.769	0	5.0	166	[5.56666667 5.56666667]	0	0	
408	0.017	2.786	0	5.0	167	[5.6 5.6]	0	0	
409	0.016	2.802	0	5.0	168	[5.63333333 5.63333333]	0	0	
410	0.017	2.819	0	5.0	169	[5.66666667 5.66666667]	0	0	
411	0.016	2.835	0	5.0	170	[5.7 5.7]	0	0	
412	0.017	2.852	0	5.0	171	[5.73333333 5.73333333]	0	0	
413	0.017	2.869	0	5.0	172	[5.76666667 5.76666667]	0	0	
414	0.016	2.885	0	5.0	173	[5.8 5.8]	0	0	
415	0.016	2.902	0	5.0	174	[5.83333333 5.83333333]	0	0	
416	0.017	2.919	0	5.0	175	[5.86666667 5.86666667]	0	0	
417	0.017	2.936	0	5.0	176	[5.9 5.9]	0	0	
418	0.016	2.952	0	5.0	177	[5.93333333 5.93333333]	0	0	
419	0.017	2.969	0	5.0	178	[5.96666667 5.96666667]	0	0	
420	0.016	2.985	0	5.0	179	[6. 6.]	0	0	
421	0.017	3.003	0	5.0	180	[6.03333333 6.03333333]	0	0	
422	0.017	3.019	0	5.0	181	[6.06666667 6.06666667]	0	0	
423	0.017	3.036	0	5.0	182	[6.1 6.1]	0	0	
424	0.016	3.052	0	5.0	183	[6.13333333 6.13333333]	0	0	
425	0.017	3.069	0	5.0	184	[6.16666667 6.16666667]	0	0	
426	0.017	3.086	0	5.0	185	[6.2 6.2]	0	0	
427	0.016	3.102	0	5.0	186	[6.23333333 6.23333333]	0	0	
428	0.017	3.119	0	5.0	187	[6.26666667 6.26666667]	0	0	
429	0.017	3.136	0	5.0	188	[6.3 6.3]	0	0	
430	0.017	3.152	0	5.0	189	[6.33333333 6.33333333]	0	0	
431	0.017	3.169	0	5.0	190	[6.36666667 6.36666667]	0	0	
432	0.017	3.186	0	5.0	191	[6.4 6.4]	0	0	
433	0.016	3.202	0	5.0	192	[6.43333333 6.43333333]	0	0	
434	0.017	3.219	0	5.0	193	[6.46666667 6.46666667]	0	0	
435	0.017	3.236	0	5.0	194	[6.5 6.5]	0	0	
436	0.016	3.252	0	5.0	195	[6.53333333 6.53333333]	0	0	
437	0.017	3.269	0	5.0	196	[6.56666667 6.56666667]	0	0	
438	0.016	3.285	0	5.0	197	[6.6 6.6]	0	0	
439	0.017	3.302	0	5.0	198	[6.63333333 6.63333333]	0	0	
440	0.016	3.319	0	5.0	199	[6.66666667 6.66666667]	0	0	
441	0.017	3.336	0	5.0	200	[6.7 6.7]	0	0	
442	0.016	3.352	0	5.0	201	[6.73333333 6.73333333]	0	0	
443	0.017	3.369	0	5.0	202	[6.76666667 6.76666667]	0	0	
444	0.017	3.386	0	5.0	203	[6.8 6.8]	0	0	
445	0.017	3.403	0	5.0	204	[6.83333333 6.83333333]	0	0	
446	0.017	3.419	0	5.0	205	[6.86666667 6.86666667]	0	0	
447	0.016	3.435	0	5.0	206	[6.9 6.9]	0	0	
448	0.017	3.452	0	5.0	207	[6.93333333 6.93333333]	0	0	
449	0.017	3.469	0	5.0	208	[6.96666667 6.96666667]	0	0	
450	0.017	3.486	0	5.0	209	[7. 7.]	0	0	
451	0.017	3.503	0	5.0	210	[7.03333333 7.03333333]	0	0	
452	0.016	3.519	0	5.0	211	[7.06666667 7.06666667]	0	0	
453	0.017	3.536	0	5.0	212	[7.1 7.1]	0	0	
454	0.016	3.552	0	5.0	213	[7.13333333 7.13333333]	0	0	
455	0.017	3.569	0	5.0	214	[7.16666667 7.16666667]	0	0	
456	0.017	3.586	0	5.0	215	[7.2 7.2]	0	0	
457	0.016	3.602	0	5.0	216	[7.23333333 7.23333333]	0	0	
458	0.017	3.619	0	5.0	217	[7.26666667 7.26666667]	0	0	
459	0.017	3.636	0	5.0	218	[7.3 7.3]	0	0	
460	0.017	3.653	0	5.0	219	[7.33333333 7.33333333]	0	0	
461	0.016	3.669	0	5.0	220	[7.36666667 7.36666667]	0	0	
462	0.017	3.686	0	5.0	221	[7.4 7.4]	0	0	
463	0.017	3.703	0	5.0	222	[7.43333333 7.43333333]	0	0	
464	0.016	3.719	0	5.0	223	[7.46666667 7.46666667]	0	0	
465	0.017	3.736	0	5.0	224	[7.5 7.5]	0	0	
466	0.016	3.752	0	5.0	225	[7.53333333 7.53333333]	0	0	
467	0.017	3.769	0	5.0	226	[7.56666667 7.56666667]	0	0	
468	0.017	3.786	0	5.0	227	[7.6 7.6]	0	0	
469	0.017	3.803	0	5.0	228	[7.63333333 7.63333333]	0	0	
470	0.016	3.819	0	5.0	229	[7.66666667 7.66666667]	0	0	
471	0.017	3.836	0	5.0	230	[7.7 7.7]	0	0	
472	0.017	3.853	0	5.0	231	[7.73333333 7.73333333]	0	0	
473	0.017	3.869	0	5.0	232	[7.76666667 7.76666667]	0	0	
474	0.017	3.886	0	5.0	233	[7.8 7.8]	0	0	
475	0.017	3.903	0	5.0	234	[7.83333333 7.83333333]	0	0	
476	0.017	3.919	0	5.0	235	[7.86666667 7.86666667]	0	0	
477	0.017	3.936	0	5.0	236	[7.9 7.9]	0	0	
478	0.017	3.953	0	5.0	237	[7.93333333 7.93333333]	0	0	
479	0.016	3.969	0	5.0	238	[7.96666667 7.96666667]	0	0	
480	0.017	3.986	0	5.0	239	[8. 8.]	0	0	
481	0.016	4.002	0	5.0	240	[8. 8.]	0	0	
482	-3.986	0.017	0	1.0	1	[0. 0.]	0	0	
483	0.017	0.033	0	1.0	2	[0. 0.]	0	0	
484	0.017	0.050	0	1.0	3	[0. 0.]	0	0	
485	0.017	0.067	0	1.0	4	[0. 0.]	0	0	
486	0.017	0.083	0	1.0	5	[0. 0.]	0	0	
487	0.017	0.100	0	1.0	6	[0. 0.]	0	0	
488	0.017	0.117	0	1.0	7	[0. 0.]	0	0	
489	0.017	0.133	0	1.0	8	[0. 0.]	0	0	
490	0.017	0.150	0	1.0	9	[0. 0.]	0	0	
491	0.017	0.167	0	1.0	10	[0. 0.]	0	0	
492	0.017	0.183	0	1.0	11	[0. 0.]	0	0	
493	0.016	0.200	0	1.0	12	[0. 0.]	0	0	
494	0.017	0.217	0	1.0	13	[0. 0.]	0	0	
495	0.017	0.233	0	1.0	14	[0. 0.]	0	0	
496	0.016	0.250	0	1.0	15	[0. 0.]	0	0	
497	0.017	0.267	0	1.0	16	[0. 0.]	0	0	
498	0.017	0.283	0	1.0	17	[0. 0.]	0	0	
499	0.017	0.300	0	1.0	18	[0. 0.]	0	0	
500	0.016	0.317	0	1.0	19	[0. 0.]	0	0	
501	0.017	0.333	0	1.0	20	[0. 0.]	0	0	
502	0.017	0.350	0	1.0	21	[0. 0.]	0	0	
503	0.016	0.366	0	1.0	22	[0. 0.]	0	0	
504	0.017	0.383	0	1.0	23	[0. 0.]	0	0	
505	0.017	0.400	0	1.0	24	[0. 0.]	0	0	
506	0.016	0.416	0	1.0	25	[0. 0.]	0	0	
507	0.017	0.434	0	1.0	26	[0. 0.]	0	0	
508	0.017	0.450	0	1.0	27	[0. 0.]	0	0	
509	0.016	0.467	0	1.0	28	[0. 0.]	0	0	
510	0.017	0.483	0	1.0	29	[0. 0.]	0	0	
511	0.017	0.500	0	1.0	30	[0. 0.]	0	0	
512	0.016	0.516	0	1.0	31	[0. 0.]	0	0	
513	0.017	0.534	0	1.0	32	[0. 0.]	0	0	
514	0.017	0.550	0	1.0	33	[0. 0.]	0	0	
515	0.017	0.567	0	1.0	34	[0. 0.]	0	0	
516	0.017	0.584	0	1.0	35	[0. 0.]	0	0	
517	0.017	0.600	0	1.0	36	[0. 0.]	0	0	
518	0.016	0.617	0	1.0	37	[0. 0.]	0	0	
519	0.016	0.633	0	1.0	38	[0. 0.]	0	0	
520	0.017	0.650	0	1.0	39	[0. 0.]	0	0	
521	0.017	0.667	0	1.0	40	[0. 0.]	0	0	
522	0.016	0.683	0	1.0	41	[0. 0.]	0	0	
523	0.018	0.701	0	1.0	42	[0. 0.]	0	0	
524	0.016	0.717	0	1.0	43	[0. 0.]	0	0	
525	0.017	0.734	0	1.0	44	[0. 0.]	0	0	
526	0.016	0.750	0	1.0	45	[0. 0.]	0	0	
527	0.017	0.767	0	1.0	46	[0. 0.]	0	0	
528	0.016	0.783	0	1.0	47	[0. 0.]	0	0	
529	0.017	0.800	0	1.0	48	[0. 0.]	0	0	
530	0.017	0.817	0	1.0	49	[0. 0.]	0	0	
531	0.016	0.833	0	1.0	50	[0. 0.]	0	0	
532	0.017	0.850	0	1.0	51	[0. 0.]	0	0	
533	0.017	0.867	0	1.0	52	[0. 0.]	0	0	
534	0.017	0.884	0	1.0	53	[0. 0.]	0	0	
535	0.016	0.900	0	1.0	54	[0. 0.]	0	0	
536	0.017	0.917	0	1.0	55	[0. 0.]	0	0	
537	0.016	0.933	0	1.0	56	[0. 0.]	0	0	
538	0.017	0.950	0	1.0	57	[0. 0.]	0	0	
539	0.017	0.967	0	1.0	58	[0. 0.]	0	0	
540	0.016	0.983	0	1.0	59	[0. 0.]	0	0	
541	0.017	1.000	0	1.0	60	[0. 0.]	0	0	
542	0.017	1.017	0	1.0	61	[0. 0.]	0	0	
543	0.016	1.033	0	1.0	62	[0. 0.]	0	0	
544	0.017	1.050	0	1.0	63	[0. 0.]	0	0	
545	0.017	1.067	0	1.0	64	[0. 0.]	0	0	
546	0.016	1.083	0	1.0	65	[0. 0.]	0	0	
547	0.017	1.100	0	1.0	66	[0. 0.]	0	0	
548	0.017	1.118	0	1.0	67	[0. 0.]	0	0	
549	0.016	1.134	0	1.0	68	[0. 0.]	0	0	
550	0.016	1.150	0	1.0	69	[0. 0.]	0	0	
551	0.017	1.167	0	1.0	70	[0. 0.]	0	0	
552	0.016	1.183	0	1.0	71	[0. 0.]	0	0	
553	0.017	1.200	0	1.0	72	[0. 0.]	0	0	
554	0.017	1.217	0	1.0	73	[0. 0.]	0	0	
555	0.016	1.234	0	1.0	74	[0. 0.]	0	0	
556	0.017	1.250	0	1.0	75	[0. 0.]	0	0	
557	0.017	1.267	0	1.0	76	[0. 0.]	0	0	
558	0.016	1.284	0	1.0	77	[0. 0.]	0	0	
559	0.017	1.301	0	1.0	78	[0. 0.]	0	0	
560	0.016	1.317	0	1.0	79	[0. 0.]	0	0	
561	0.017	1.334	0	1.0	80	[0. 0.]	0	0	
562	0.016	1.351	0	1.0	81	[0. 0.]	0	0	
563	0.017	1.367	0	1.0	82	[0. 0.]	0	0	
564	0.016	1.384	0	1.0	83	[0. 0.]	0	0	
565	0.017	1.401	0	1.0	84	[0. 0.]	0	0	
566	0.017	1.417	0	1.0	85	[0. 0.]	0	0	
567	0.016	1.433	0	1.0	86	[0. 0.]	0	0	
568	0.017	1.450	0	1.0	87	[0. 0.]	0	0	
569	0.017	1.467	0	1.0	88	[0. 0.]	0	0	
570	0.016	1.484	0	1.0	89	[0. 0.]	0	0	
571	0.017	1.501	0	1.0	90	[0. 0.]	0	0	
572	0.017	1.517	0	1.0	91	[0. 0.]	0	0	
573	0.016	1.534	0	1.0	92	[0. 0.]	0	0	
574	0.017	1.551	0	1.0	93	[0. 0.]	0	0	
575	0.017	1.567	0	1.0	94	[0. 0.]	0	0	
576	0.017	1.584	0	1.0	95	[0. 0.]	0	0	
577	0.017	1.601	0	1.0	96	[0. 0.]	0	0	
578	0.017	1.617	0	1.0	97	[0. 0.]	0	0	
579	0.017	1.634	0	1.0	98	[0. 0.]	0	0	
580	0.016	1.650	0	1.0	99	[0. 0.]	0	0	
581	0.017	1.667	0	1.0	100	[0. 0.]	0	0	
582	0.017	1.684	0	1.0	101	[0. 0.]	0	0	
583	0.016	1.700	0	1.0	102	[0. 0.]	0	0	
584	0.017	1.717	0	1.0	103	[0. 0.]	0	0	
585	0.017	1.734	0	1.0	104	[0. 0.]	0	0	
586	0.017	1.751	0	1.0	105	[0. 0.]	0	0	
587	0.015	1.767	0	1.0	106	[0. 0.]	0	0	
588	0.017	1.784	0	1.0	107	[0. 0.]	0	0	
589	0.018	1.802	0	1.0	108	[0. 0.]	0	0	
590	0.017	1.819	0	1.0	109	[0. 0.]	0	0	
591	0.016	1.835	0	1.0	110	[0. 0.]	0	0	
592	0.017	1.852	0	1.0	111	[0. 0.]	0	0	
593	0.017	1.869	0	1.0	112	[0. 0.]	0	0	
594	0.016	1.885	0	1.0	113	[0. 0.]	0	0	
595	0.017	1.902	0	1.0	114	[0. 0.]	0	0	
596	0.017	1.919	0	1.0	115	[0. 0.]	0	0	
597	0.016	1.935	0	1.0	116	[0. 0.]	0	0	
598	0.017	1.952	0	1.0	117	[0. 0.]	0	0	
599	0.017	1.969	0	1.0	118	[0. 0.]	0	0	
600	0.016	1.985	0	1.0	119	[0. 0.]	0	0	
601	0.017	2.002	0	1.0	120	[0. 0.]	0	0	
602	0.017	2.019	0	1.0	121	[0. 0.]	0	0	
603	0.017	2.037	0	1.0	122	[0. 0.]	0	0	
604	0.016	2.052	0	1.0	123	[0. 0.]	0	0	
605	0.017	2.069	0	1.0	124	[0. 0.]	0	0	
606	0.016	2.085	0	1.0	125	[0. 0.]	0	0	
607	0.017	2.102	0	1.0	126	[0. 0.]	0	0	
608	0.017	2.119	0	1.0	127	[0. 0.]	0	0	
609	0.016	2.135	0	1.0	128	[0. 0.]	0	0	
610	0.017	2.152	0	1.0	129	[0. 0.]	0	0	
611	0.017	2.169	0	1.0	130	[0. 0.]	0	0	
612	0.016	2.186	0	1.0	131	[0. 0.]	0	0	
613	0.017	2.203	0	1.0	132	[0. 0.]	0	0	
614	0.017	2.219	0	1.0	133	[0. 0.]	0	0	
615	0.016	2.236	0	1.0	134	[0. 0.]	0	0	
616	0.017	2.252	0	1.0	135	[0. 0.]	0	0	
617	0.017	2.269	0	1.0	136	[0. 0.]	0	0	
618	0.016	2.286	0	1.0	137	[0. 0.]	0	0	
619	0.017	2.302	0	1.0	138	[0. 0.]	0	0	
620	0.017	2.319	0	1.0	139	[0. 0.]	0	0	
621	0.016	2.335	0	1.0	140	[0. 0.]	0	0	
622	0.017	2.353	0	1.0	141	[0. 0.]	0	0	
623	0.017	2.369	0	1.0	142	[0. 0.]	0	0	
624	0.016	2.386	0	1.0	143	[0. 0.]	0	0	
625	0.017	2.403	0	1.0	144	[0. 0.]	0	0	
626	0.017	2.419	0	1.0	145	[0. 0.]	0	0	
627	0.017	2.436	0	1.0	146	[0. 0.]	0	0	
628	0.017	2.452	0	1.0	147	[0. 0.]	0	0	
629	0.017	2.469	0	1.0	148	[0. 0.]	0	0	
630	0.016	2.486	0	1.0	149	[0. 0.]	0	0	
631	0.017	2.502	0	1.0	150	[0. 0.]	0	0	
632	0.017	2.519	0	1.0	151	[0. 0.]	0	0	
633	0.016	2.536	0	1.0	152	[0. 0.]	0	0	
634	0.017	2.552	0	1.0	153	[0. 0.]	0	0	
635	0.017	2.570	0	1.0	154	[0. 0.]	0	0	
636	0.017	2.586	0	1.0	155	[0. 0.]	0	0	
637	0.016	2.602	0	1.0	156	[0. 0.]	0	0	
638	0.017	2.619	0	1.0	157	[0. 0.]	0	0	
639	0.016	2.636	0	1.0	158	[0. 0.]	0	0	
640	0.017	2.652	0	1.0	159	[0. 0.]	0	0	
641	0.017	2.669	0	1.0	160	[0. 0.]	0	0	
642	0.017	2.686	0	1.0	161	[0. 0.]	0	0	
643	0.017	2.703	0	1.0	162	[0. 0.]	0	0	
644	0.017	2.719	0	1.0	163	[0. 0.]	0	0	
645	0.017	2.736	0	1.0	164	[0. 0.]	0	0	
646	0.016	2.753	0	1.0	165	[0. 0.]	0	0	
647	0.017	2.769	0	1.0	166	[0. 0.]	0	0	
648	0.017	2.786	0	1.0	167	[0. 0.]	0	0	
649	0.017	2.803	0	1.0	168	[0. 0.]	0	0	
650	0.017	2.819	0	1.0	169	[0. 0.]	0	0	
651	0.017	2.836	0	1.0	170	[0. 0.]	0	0	
652	0.016	2.852	0	1.0	171	[0. 0.]	0	0	
653	0.017	2.869	0	1.0	172	[0. 0.]	0	0	
654	0.016	2.886	0	1.0	173	[0. 0.]	0	0	
655	0.017	2.903	0	1.0	174	[0. 0.]	0	0	
656	0.017	2.919	0	1.0	175	[0. 0.]	0	0	
657	0.017	2.936	0	1.0	176	[0. 0.]	0	0	
658	0.016	2.952	0	1.0	177	[0. 0.]	0	0	
659	0.017	2.969	0	1.0	178	[0. 0.]	0	0	
660	0.017	2.986	0	1.0	179	[0. 0.]	0	0	
661	0.016	3.002	0	1.0	180	[0. 0.]	0	0	
662	0.017	3.019	0	1.0	181	[0. 0.]	0	0	
663	0.017	3.036	0	1.0	182	[0. 0.]	0	0	
664	0.016	3.052	0	1.0	183	[0. 0.]	0	0	
665	0.017	3.069	0	1.0	184	[0. 0.]	0	0	
666	0.017	3.086	0	1.0	185	[0. 0.]	0	0	
667	0.016	3.102	0	1.0	186	[0. 0.]	0	0	
668	0.017	3.119	0	1.0	187	[0. 0.]	0	0	
669	0.017	3.136	0	1.0	188	[0. 0.]	0	0	
670	0.017	3.153	0	1.0	189	[0. 0.]	0	0	
671	0.017	3.169	0	1.0	190	[0. 0.]	0	0	
672	0.017	3.186	0	1.0	191	[0. 0.]	0	0	
673	0.017	3.203	0	1.0	192	[0. 0.]	0	0	
674	0.016	3.219	0	1.0	193	[0. 0.]	0	0	
675	0.018	3.236	0	1.0	194	[0. 0.]	0	0	
676	0.016	3.252	0	1.0	195	[0. 0.]	0	0	
677	0.017	3.269	0	1.0	196	[0. 0.]	0	0	
678	0.017	3.286	0	1.0	197	[0. 0.]	0	0	
679	0.016	3.303	0	1.0	198	[0. 0.]	0	0	
680	0.017	3.319	0	1.0	199	[0. 0.]	0	0	
681	0.017	3.336	0	1.0	200	[0. 0.]	0	0	
682	0.016	3.352	0	1.0	201	[0. 0.]	0	0	
683	0.017	3.369	0	1.0	202	[0. 0.]	0	0	
684	0.017	3.386	0	1.0	203	[0. 0.]	0	0	
685	0.016	3.403	0	1.0	204	[0. 0.]	0	0	
686	0.017	3.419	0	1.0	205	[0. 0.]	0	0	
687	0.017	3.436	0	1.0	206	[0. 0.]	0	0	
688	0.016	3.453	0	1.0	207	[0. 0.]	0	0	
689	0.017	3.469	0	1.0	208	[0. 0.]	0	0	
690	0.017	3.486	0	1.0	209	[0. 0.]	0	0	
691	0.016	3.503	0	1.0	210	[0. 0.]	0	0	
692	0.017	3.519	0	1.0	211	[0. 0.]	0	0	
693	0.016	3.536	0	1.0	212	[0. 0.]	0	0	
694	0.017	3.553	0	1.0	213	[0. 0.]	0	0	
695	0.016	3.569	0	1.0	214	[0. 0.]	0	0	
696	0.017	3.586	0	1.0	215	[0. 0.]	0	0	
697	0.017	3.603	0	1.0	216	[0. 0.]	0	0	
698	0.017	3.619	0	1.0	217	[0. 0.]	0	0	
699	0.017	3.636	0	1.0	218	[0. 0.]	0	0	
700	0.017	3.653	0	1.0	219	[0. 0.]	0	0	
701	0.016	3.669	0	1.0	220	[0. 0.]	0	0	
702	0.017	3.686	0	1.0	221	[0. 0.]	0	0	
703	0.017	3.703	0	1.0	222	[0. 0.]	0	0	
704	0.017	3.720	0	1.0	223	[0. 0.]	0	0	
705	0.017	3.736	0	1.0	224	[0. 0.]	0	0	
706	0.016	3.753	0	1.0	225	[0. 0.]	0	0	
707	0.017	3.769	0	1.0	226	[0. 0.]	0	0	
708	0.017	3.786	0	1.0	227	[0. 0.]	0	0	
709	0.017	3.803	0	1.0	228	[0. 0.]	0	0	
710	0.016	3.819	0	1.0	229	[0. 0.]	0	0	
711	0.017	3.836	0	1.0	230	[0. 0.]	0	0	
712	0.017	3.853	0	1.0	231	[0. 0.]	0	0	
713	0.017	3.870	0	1.0	232	[0. 0.]	0	0	
714	0.016	3.886	0	1.0	233	[0. 0.]	0	0	
715	0.018	3.904	0	1.0	234	[0. 0.]	0	0	
716	0.016	3.919	0	1.0	235	[0. 0.]	0	0	
717	0.017	3.936	0	1.0	236	[0. 0.]	0	0	
718	0.017	3.953	0	1.0	237	[0. 0.]	0	0	
719	0.016	3.969	0	1.0	238	[0. 0.]	0	0	
720	0.017	3.986	0	1.0	239	[0. 0.]	0	0	
721	0.017	4.003	0	1.0	240	[0. 0.]	0	0	
