sample_num	sampling_interval	imaging_frame	frame_time	stimulus_epoch	stim_frame	epoch_time	stim_info1	stim_info2	stim_info3	
1	0.017	0	1.0	1	0.017	[0. 0.]	0	0	
2	0.019	0	1.0	2	0.035	[0. 0.]	0	0	
3	0.015	0	1.0	3	0.051	[0. 0.]	0	0	
4	0.016	0	1.0	4	0.067	[0. 0.]	0	0	
5	0.017	0	1.0	5	0.083	[0. 0.]	0	0	
6	0.016	0	1.0	6	0.100	[0. 0.]	0	0	
7	0.017	0	1.0	7	0.117	[0. 0.]	0	0	
8	0.016	0	1.0	8	0.133	[0. 0.]	0	0	
9	0.017	0	1.0	9	0.150	[0. 0.]	0	0	
10	0.017	0	1.0	10	0.167	[0. 0.]	0	0	
11	0.017	0	1.0	11	0.184	[0. 0.]	0	0	
12	0.016	0	1.0	12	0.200	[0. 0.]	0	0	
13	0.017	0	1.0	13	0.217	[0. 0.]	0	0	
14	0.017	0	1.0	14	0.234	[0. 0.]	0	0	
15	0.017	0	1.0	15	0.250	[0. 0.]	0	0	
16	0.016	0	1.0	16	0.267	[0. 0.]	0	0	
17	0.017	0	1.0	17	0.284	[0. 0.]	0	0	
18	0.016	0	1.0	18	0.300	[0. 0.]	0	0	
19	0.017	0	1.0	19	0.317	[0. 0.]	0	0	
20	0.016	0	1.0	20	0.334	[0. 0.]	0	0	
21	0.020	0	1.0	21	0.353	[0. 0.]	0	0	
22	0.014	0	1.0	22	0.367	[0. 0.]	0	0	
23	0.017	0	1.0	23	0.384	[0. 0.]	0	0	
24	0.016	0	1.0	24	0.400	[0. 0.]	0	0	
25	0.017	0	1.0	25	0.417	[0. 0.]	0	0	
26	0.017	0	1.0	26	0.433	[0. 0.]	0	0	
27	0.017	0	1.0	27	0.450	[0. 0.]	0	0	
28	0.017	0	1.0	28	0.467	[0. 0.]	0	0	
29	0.017	0	1.0	29	0.483	[0. 0.]	0	0	
30	0.017	0	1.0	30	0.500	[0. 0.]	0	0	
31	0.017	0	1.0	31	0.517	[0. 0.]	0	0	
32	0.016	0	1.0	32	0.533	[0. 0.]	0	0	
33	0.017	0	1.0	33	0.551	[0. 0.]	0	0	
34	0.016	0	1.0	34	0.567	[0. 0.]	0	0	
35	0.017	0	1.0	35	0.583	[0. 0.]	0	0	
36	0.017	0	1.0	36	0.600	[0. 0.]	0	0	
37	0.017	0	1.0	37	0.617	[0. 0.]	0	0	
38	0.017	0	1.0	38	0.633	[0. 0.]	0	0	
39	0.017	0	1.0	39	0.650	[0. 0.]	0	0	
40	0.017	0	1.0	40	0.667	[0. 0.]	0	0	
41	0.017	0	1.0	41	0.683	[0. 0.]	0	0	
42	0.017	0	1.0	42	0.700	[0. 0.]	0	0	
43	0.017	0	1.0	43	0.717	[0. 0.]	0	0	
44	0.017	0	1.0	44	0.734	[0. 0.]	0	0	
45	0.017	0	1.0	45	0.750	[0. 0.]	0	0	
46	0.017	0	1.0	46	0.767	[0. 0.]	0	0	
47	0.017	0	1.0	47	0.784	[0. 0.]	0	0	
48	0.017	0	1.0	48	0.800	[0. 0.]	0	0	
49	0.017	0	1.0	49	0.817	[0. 0.]	0	0	
50	0.017	0	1.0	50	0.834	[0. 0.]	0	0	
51	0.017	0	1.0	51	0.850	[0. 0.]	0	0	
52	0.017	0	1.0	52	0.867	[0. 0.]	0	0	
53	0.018	0	1.0	53	0.885	[0. 0.]	0	0	
54	0.017	0	1.0	54	0.902	[0. 0.]	0	0	
55	0.017	0	1.0	55	0.919	[0. 0.]	0	0	
56	0.017	0	1.0	56	0.935	[0. 0.]	0	0	
57	0.017	0	1.0	57	0.952	[0. 0.]	0	0	
58	0.017	0	1.0	58	0.969	[0. 0.]	0	0	
59	0.017	0	1.0	59	0.985	[0. 0.]	0	0	
60	0.017	0	1.0	60	1.002	[0. 0.]	0	0	
61	0.017	0	1.0	61	1.019	[0. 0.]	0	0	
62	0.017	0	1.0	62	1.035	[0. 0.]	0	0	
63	0.017	0	1.0	63	1.052	[0. 0.]	0	0	
64	0.017	0	1.0	64	1.069	[0. 0.]	0	0	
65	0.017	0	1.0	65	1.085	[0. 0.]	0	0	
66	0.017	0	1.0	66	1.102	[0. 0.]	0	0	
67	0.017	0	1.0	67	1.119	[0. 0.]	0	0	
68	0.017	0	1.0	68	1.135	[0. 0.]	0	0	
69	0.017	0	1.0	69	1.152	[0. 0.]	0	0	
70	0.017	0	1.0	70	1.169	[0. 0.]	0	0	
71	0.017	0	1.0	71	1.185	[0. 0.]	0	0	
72	0.017	0	1.0	72	1.202	[0. 0.]	0	0	
73	0.017	0	1.0	73	1.219	[0. 0.]	0	0	
74	0.017	0	1.0	74	1.235	[0. 0.]	0	0	
75	0.017	0	1.0	75	1.252	[0. 0.]	0	0	
76	0.017	0	1.0	76	1.269	[0. 0.]	0	0	
77	0.017	0	1.0	77	1.285	[0. 0.]	0	0	
78	0.017	0	1.0	78	1.302	[0. 0.]	0	0	
79	0.017	0	1.0	79	1.319	[0. 0.]	0	0	
80	0.017	0	1.0	80	1.335	[0. 0.]	0	0	
81	0.017	0	1.0	81	1.352	[0. 0.]	0	0	
82	0.017	0	1.0	82	1.369	[0. 0.]	0	0	
83	0.017	0	1.0	83	1.386	[0. 0.]	0	0	
84	0.020	0	1.0	84	1.405	[0. 0.]	0	0	
85	0.013	0	1.0	85	1.419	[0. 0.]	0	0	
86	0.017	0	1.0	86	1.435	[0. 0.]	0	0	
87	0.017	0	1.0	87	1.452	[0. 0.]	0	0	
88	0.017	0	1.0	88	1.469	[0. 0.]	0	0	
89	0.017	0	1.0	89	1.486	[0. 0.]	0	0	
90	0.017	0	1.0	90	1.502	[0. 0.]	0	0	
91	0.017	0	1.0	91	1.519	[0. 0.]	0	0	
92	0.017	0	1.0	92	1.535	[0. 0.]	0	0	
93	0.018	0	1.0	93	1.554	[0. 0.]	0	0	
94	0.017	0	1.0	94	1.571	[0. 0.]	0	0	
95	0.027	0	1.0	95	1.597	[0. 0.]	0	0	
96	0.007	0	1.0	96	1.604	[0. 0.]	0	0	
97	0.016	0	1.0	97	1.621	[0. 0.]	0	0	
98	0.017	0	1.0	98	1.637	[0. 0.]	0	0	
99	0.017	0	1.0	99	1.654	[0. 0.]	0	0	
100	0.017	0	1.0	100	1.671	[0. 0.]	0	0	
101	0.016	0	1.0	101	1.687	[0. 0.]	0	0	
102	0.017	0	1.0	102	1.704	[0. 0.]	0	0	
103	0.016	0	1.0	103	1.720	[0. 0.]	0	0	
104	0.017	0	1.0	104	1.737	[0. 0.]	0	0	
105	0.016	0	1.0	105	1.754	[0. 0.]	0	0	
106	0.017	0	1.0	106	1.771	[0. 0.]	0	0	
107	0.015	0	1.0	107	1.786	[0. 0.]	0	0	
108	0.017	0	1.0	108	1.802	[0. 0.]	0	0	
109	0.017	0	1.0	109	1.819	[0. 0.]	0	0	
110	0.017	0	1.0	110	1.836	[0. 0.]	0	0	
111	0.017	0	1.0	111	1.852	[0. 0.]	0	0	
112	0.017	0	1.0	112	1.869	[0. 0.]	0	0	
113	0.017	0	1.0	113	1.886	[0. 0.]	0	0	
114	0.017	0	1.0	114	1.902	[0. 0.]	0	0	
115	0.017	0	1.0	115	1.919	[0. 0.]	0	0	
116	0.017	0	1.0	116	1.936	[0. 0.]	0	0	
117	0.017	0	1.0	117	1.953	[0. 0.]	0	0	
118	0.016	0	1.0	118	1.969	[0. 0.]	0	0	
119	0.017	0	1.0	119	1.986	[0. 0.]	0	0	
120	0.017	0	1.0	120	2.002	[0. 0.]	0	0	
121	0.017	0	1.0	121	2.019	[0. 0.]	0	0	
122	0.017	0	1.0	122	2.036	[0. 0.]	0	0	
123	0.017	0	1.0	123	2.052	[0. 0.]	0	0	
124	0.017	0	1.0	124	2.069	[0. 0.]	0	0	
125	0.017	0	1.0	125	2.086	[0. 0.]	0	0	
126	0.017	0	1.0	126	2.102	[0. 0.]	0	0	
127	0.017	0	1.0	127	2.119	[0. 0.]	0	0	
128	0.017	0	1.0	128	2.136	[0. 0.]	0	0	
129	0.017	0	1.0	129	2.152	[0. 0.]	0	0	
130	0.018	0	1.0	130	2.171	[0. 0.]	0	0	
131	0.017	0	1.0	131	2.188	[0. 0.]	0	0	
132	0.017	0	1.0	132	2.204	[0. 0.]	0	0	
133	0.017	0	1.0	133	2.221	[0. 0.]	0	0	
134	0.017	0	1.0	134	2.237	[0. 0.]	0	0	
135	0.017	0	1.0	135	2.254	[0. 0.]	0	0	
136	0.017	0	1.0	136	2.271	[0. 0.]	0	0	
137	0.017	0	1.0	137	2.287	[0. 0.]	0	0	
138	0.017	0	1.0	138	2.304	[0. 0.]	0	0	
139	0.017	0	1.0	139	2.321	[0. 0.]	0	0	
140	0.017	0	1.0	140	2.338	[0. 0.]	0	0	
141	0.015	0	1.0	141	2.353	[0. 0.]	0	0	
142	0.017	0	1.0	142	2.369	[0. 0.]	0	0	
143	0.017	0	1.0	143	2.386	[0. 0.]	0	0	
144	0.017	0	1.0	144	2.403	[0. 0.]	0	0	
145	0.017	0	1.0	145	2.419	[0. 0.]	0	0	
146	0.017	0	1.0	146	2.436	[0. 0.]	0	0	
147	0.016	0	1.0	147	2.452	[0. 0.]	0	0	
148	0.017	0	1.0	148	2.469	[0. 0.]	0	0	
149	0.017	0	1.0	149	2.486	[0. 0.]	0	0	
150	0.016	0	1.0	150	2.502	[0. 0.]	0	0	
151	0.017	0	1.0	151	2.519	[0. 0.]	0	0	
152	0.017	0	1.0	152	2.536	[0. 0.]	0	0	
153	0.017	0	1.0	153	2.553	[0. 0.]	0	0	
154	0.017	0	1.0	154	2.569	[0. 0.]	0	0	
155	0.017	0	1.0	155	2.586	[0. 0.]	0	0	
156	0.017	0	1.0	156	2.603	[0. 0.]	0	0	
157	0.016	0	1.0	157	2.619	[0. 0.]	0	0	
158	0.017	0	1.0	158	2.636	[0. 0.]	0	0	
159	0.017	0	1.0	159	2.653	[0. 0.]	0	0	
160	0.017	0	1.0	160	2.669	[0. 0.]	0	0	
161	0.017	0	1.0	161	2.686	[0. 0.]	0	0	
162	0.016	0	1.0	162	2.702	[0. 0.]	0	0	
163	0.017	0	1.0	163	2.719	[0. 0.]	0	0	
164	0.017	0	1.0	164	2.736	[0. 0.]	0	0	
165	0.017	0	1.0	165	2.753	[0. 0.]	0	0	
166	0.017	0	1.0	166	2.769	[0. 0.]	0	0	
167	0.017	0	1.0	167	2.786	[0. 0.]	0	0	
168	0.017	0	1.0	168	2.803	[0. 0.]	0	0	
169	0.017	0	1.0	169	2.819	[0. 0.]	0	0	
170	0.018	0	1.0	170	2.837	[0. 0.]	0	0	
171	0.016	0	1.0	171	2.853	[0. 0.]	0	0	
172	0.016	0	1.0	172	2.870	[0. 0.]	0	0	
173	0.017	0	1.0	173	2.887	[0. 0.]	0	0	
174	0.017	0	1.0	174	2.903	[0. 0.]	0	0	
175	0.017	0	1.0	175	2.920	[0. 0.]	0	0	
176	0.017	0	1.0	176	2.937	[0. 0.]	0	0	
177	0.017	0	1.0	177	2.953	[0. 0.]	0	0	
178	0.017	0	1.0	178	2.970	[0. 0.]	0	0	
179	0.017	0	1.0	179	2.987	[0. 0.]	0	0	
180	0.017	0	1.0	180	3.003	[0. 0.]	0	0	
181	0.017	0	1.0	181	3.020	[0. 0.]	0	0	
182	0.017	0	1.0	182	3.037	[0. 0.]	0	0	
183	0.017	0	1.0	183	3.053	[0. 0.]	0	0	
184	0.017	0	1.0	184	3.070	[0. 0.]	0	0	
185	0.017	0	1.0	185	3.087	[0. 0.]	0	0	
186	0.017	0	1.0	186	3.103	[0. 0.]	0	0	
187	0.017	0	1.0	187	3.120	[0. 0.]	0	0	
188	0.017	0	1.0	188	3.137	[0. 0.]	0	0	
189	0.017	0	1.0	189	3.153	[0. 0.]	0	0	
190	0.016	0	1.0	190	3.170	[0. 0.]	0	0	
191	0.017	0	1.0	191	3.187	[0. 0.]	0	0	
192	0.017	0	1.0	192	3.203	[0. 0.]	0	0	
193	0.017	0	1.0	193	3.220	[0. 0.]	0	0	
194	0.017	0	1.0	194	3.237	[0. 0.]	0	0	
195	0.017	0	1.0	195	3.253	[0. 0.]	0	0	
196	0.017	0	1.0	196	3.270	[0. 0.]	0	0	
197	0.017	0	1.0	197	3.287	[0. 0.]	0	0	
198	0.017	0	1.0	198	3.303	[0. 0.]	0	0	
199	0.017	0	1.0	199	3.320	[0. 0.]	0	0	
200	0.017	0	1.0	200	3.337	[0. 0.]	0	0	
201	0.017	0	1.0	201	3.353	[0. 0.]	0	0	
202	0.017	0	1.0	202	3.370	[0. 0.]	0	0	
203	0.016	0	1.0	203	3.387	[0. 0.]	0	0	
204	0.017	0	1.0	204	3.403	[0. 0.]	0	0	
205	0.017	0	1.0	205	3.420	[0. 0.]	0	0	
206	0.017	0	1.0	206	3.437	[0. 0.]	0	0	
207	0.017	0	1.0	207	3.454	[0. 0.]	0	0	
208	0.017	0	1.0	208	3.470	[0. 0.]	0	0	
209	0.017	0	1.0	209	3.487	[0. 0.]	0	0	
210	0.017	0	1.0	210	3.503	[0. 0.]	0	0	
211	0.017	0	1.0	211	3.520	[0. 0.]	0	0	
212	0.017	0	1.0	212	3.537	[0. 0.]	0	0	
213	0.016	0	1.0	213	3.554	[0. 0.]	0	0	
214	0.016	0	1.0	214	3.570	[0. 0.]	0	0	
215	0.017	0	1.0	215	3.587	[0. 0.]	0	0	
216	0.017	0	1.0	216	3.604	[0. 0.]	0	0	
217	0.016	0	1.0	217	3.620	[0. 0.]	0	0	
218	0.021	0	1.0	218	3.641	[0. 0.]	0	0	
219	0.013	0	1.0	219	3.654	[0. 0.]	0	0	
220	0.017	0	1.0	220	3.670	[0. 0.]	0	0	
221	0.016	0	1.0	221	3.686	[0. 0.]	0	0	
222	0.017	0	1.0	222	3.703	[0. 0.]	0	0	
223	0.016	0	1.0	223	3.720	[0. 0.]	0	0	
224	0.017	0	1.0	224	3.736	[0. 0.]	0	0	
225	0.017	0	1.0	225	3.753	[0. 0.]	0	0	
226	0.017	0	1.0	226	3.770	[0. 0.]	0	0	
227	0.017	0	1.0	227	3.786	[0. 0.]	0	0	
228	0.017	0	1.0	228	3.803	[0. 0.]	0	0	
229	0.017	0	1.0	229	3.820	[0. 0.]	0	0	
230	0.017	0	1.0	230	3.837	[0. 0.]	0	0	
231	0.017	0	1.0	231	3.853	[0. 0.]	0	0	
232	0.017	0	1.0	232	3.870	[0. 0.]	0	0	
233	0.017	0	1.0	233	3.886	[0. 0.]	0	0	
234	0.017	0	1.0	234	3.903	[0. 0.]	0	0	
235	0.017	0	1.0	235	3.920	[0. 0.]	0	0	
236	0.017	0	1.0	236	3.936	[0. 0.]	0	0	
237	0.017	0	1.0	237	3.953	[0. 0.]	0	0	
238	0.017	0	1.0	238	3.970	[0. 0.]	0	0	
239	0.017	0	1.0	239	3.986	[0. 0.]	0	0	
240	0.017	0	1.0	240	4.003	[0. 0.]	0	0	
241	0.017	0	2.0	1	0.016	[0.03333333 0.03333333]	0	0	
242	0.017	0	2.0	2	0.033	[0.05 0.05]	0	0	
243	0.017	0	2.0	3	0.050	[0.06666667 0.06666667]	0	0	
244	0.017	0	2.0	4	0.066	[0.08333333 0.08333333]	0	0	
245	0.017	0	2.0	5	0.083	[0.1 0.1]	0	0	
246	0.017	0	2.0	6	0.100	[0.11666667 0.11666667]	0	0	
247	0.017	0	2.0	7	0.116	[0.13333333 0.13333333]	0	0	
248	0.017	0	2.0	8	0.133	[0.15 0.15]	0	0	
249	0.017	0	2.0	9	0.150	[0.16666667 0.16666667]	0	0	
250	0.017	0	2.0	10	0.166	[0.18333333 0.18333333]	0	0	
251	0.017	0	2.0	11	0.183	[0.2 0.2]	0	0	
252	0.017	0	2.0	12	0.200	[0.21666667 0.21666667]	0	0	
253	0.017	0	2.0	13	0.216	[0.23333333 0.23333333]	0	0	
254	0.017	0	2.0	14	0.233	[0.25 0.25]	0	0	
255	0.017	0	2.0	15	0.250	[0.26666667 0.26666667]	0	0	
256	0.017	0	2.0	16	0.267	[0.28333333 0.28333333]	0	0	
257	0.017	0	2.0	17	0.283	[0.3 0.3]	0	0	
258	0.017	0	2.0	18	0.300	[0.31666667 0.31666667]	0	0	
259	0.017	0	2.0	19	0.316	[0.33333333 0.33333333]	0	0	
260	0.017	0	2.0	20	0.333	[0.35 0.35]	0	0	
261	0.017	0	2.0	21	0.350	[0.36666667 0.36666667]	0	0	
262	0.017	0	2.0	22	0.367	[0.38333333 0.38333333]	0	0	
263	0.016	0	2.0	23	0.383	[0.4 0.4]	0	0	
264	0.017	0	2.0	24	0.400	[0.41666667 0.41666667]	0	0	
265	0.017	0	2.0	25	0.417	[0.43333333 0.43333333]	0	0	
266	0.017	0	2.0	26	0.433	[0.45 0.45]	0	0	
267	0.017	0	2.0	27	0.450	[0.46666667 0.46666667]	0	0	
268	0.017	0	2.0	28	0.467	[0.48333333 0.48333333]	0	0	
269	0.017	0	2.0	29	0.483	[0.5 0.5]	0	0	
270	0.016	0	2.0	30	0.500	[0.51666667 0.51666667]	0	0	
271	0.017	0	2.0	31	0.517	[0.53333333 0.53333333]	0	0	
272	0.017	0	2.0	32	0.533	[0.55 0.55]	0	0	
273	0.017	0	2.0	33	0.550	[0.56666667 0.56666667]	0	0	
274	0.017	0	2.0	34	0.567	[0.58333333 0.58333333]	0	0	
275	0.017	0	2.0	35	0.583	[0.6 0.6]	0	0	
276	0.017	0	2.0	36	0.600	[0.61666667 0.61666667]	0	0	
277	0.017	0	2.0	37	0.617	[0.63333333 0.63333333]	0	0	
278	0.017	0	2.0	38	0.633	[0.65 0.65]	0	0	
279	0.017	0	2.0	39	0.650	[0.66666667 0.66666667]	0	0	
280	0.017	0	2.0	40	0.667	[0.68333333 0.68333333]	0	0	
281	0.020	0	2.0	41	0.686	[0.7 0.7]	0	0	
282	0.013	0	2.0	42	0.700	[0.71666667 0.71666667]	0	0	
283	0.017	0	2.0	43	0.717	[0.73333333 0.73333333]	0	0	
284	0.016	0	2.0	44	0.733	[0.75 0.75]	0	0	
285	0.017	0	2.0	45	0.750	[0.76666667 0.76666667]	0	0	
286	0.017	0	2.0	46	0.766	[0.78333333 0.78333333]	0	0	
287	0.017	0	2.0	47	0.783	[0.8 0.8]	0	0	
288	0.017	0	2.0	48	0.800	[0.81666667 0.81666667]	0	0	
289	0.016	0	2.0	49	0.816	[0.83333333 0.83333333]	0	0	
290	0.017	0	2.0	50	0.833	[0.85 0.85]	0	0	
291	0.017	0	2.0	51	0.850	[0.86666667 0.86666667]	0	0	
292	0.017	0	2.0	52	0.867	[0.88333333 0.88333333]	0	0	
293	0.017	0	2.0	53	0.883	[0.9 0.9]	0	0	
294	0.017	0	2.0	54	0.900	[0.91666667 0.91666667]	0	0	
295	0.016	0	2.0	55	0.917	[0.93333333 0.93333333]	0	0	
296	0.017	0	2.0	56	0.933	[0.95 0.95]	0	0	
297	0.017	0	2.0	57	0.950	[0.96666667 0.96666667]	0	0	
298	0.016	0	2.0	58	0.966	[0.98333333 0.98333333]	0	0	
299	0.017	0	2.0	59	0.983	[1. 1.]	0	0	
300	0.017	0	2.0	60	1.000	[1.01666667 1.01666667]	0	0	
301	0.017	0	2.0	61	1.017	[1.03333333 1.03333333]	0	0	
302	0.017	0	2.0	62	1.033	[1.05 1.05]	0	0	
303	0.017	0	2.0	63	1.050	[1.06666667 1.06666667]	0	0	
304	0.017	0	2.0	64	1.067	[1.08333333 1.08333333]	0	0	
305	0.017	0	2.0	65	1.083	[1.1 1.1]	0	0	
306	0.017	0	2.0	66	1.100	[1.11666667 1.11666667]	0	0	
307	0.017	0	2.0	67	1.117	[1.13333333 1.13333333]	0	0	
308	0.017	0	2.0	68	1.133	[1.15 1.15]	0	0	
309	0.017	0	2.0	69	1.150	[1.16666667 1.16666667]	0	0	
310	0.017	0	2.0	70	1.167	[1.18333333 1.18333333]	0	0	
311	0.017	0	2.0	71	1.183	[1.2 1.2]	0	0	
312	0.017	0	2.0	72	1.200	[1.21666667 1.21666667]	0	0	
313	0.017	0	2.0	73	1.217	[1.23333333 1.23333333]	0	0	
314	0.017	0	2.0	74	1.233	[1.25 1.25]	0	0	
315	0.017	0	2.0	75	1.250	[1.26666667 1.26666667]	0	0	
316	0.016	0	2.0	76	1.267	[1.28333333 1.28333333]	0	0	
317	0.017	0	2.0	77	1.283	[1.3 1.3]	0	0	
318	0.017	0	2.0	78	1.300	[1.31666667 1.31666667]	0	0	
319	0.017	0	2.0	79	1.317	[1.33333333 1.33333333]	0	0	
320	0.017	0	2.0	80	1.333	[1.35 1.35]	0	0	
321	0.017	0	2.0	81	1.350	[1.36666667 1.36666667]	0	0	
322	0.017	0	2.0	82	1.366	[1.38333333 1.38333333]	0	0	
323	0.017	0	2.0	83	1.383	[1.4 1.4]	0	0	
324	0.017	0	2.0	84	1.400	[1.41666667 1.41666667]	0	0	
325	0.017	0	2.0	85	1.417	[1.43333333 1.43333333]	0	0	
326	0.017	0	2.0	86	1.433	[1.45 1.45]	0	0	
327	0.017	0	2.0	87	1.450	[1.46666667 1.46666667]	0	0	
328	0.017	0	2.0	88	1.467	[1.48333333 1.48333333]	0	0	
329	0.017	0	2.0	89	1.483	[1.5 1.5]	0	0	
330	0.017	0	2.0	90	1.500	[1.51666667 1.51666667]	0	0	
331	0.017	0	2.0	91	1.517	[1.53333333 1.53333333]	0	0	
332	0.017	0	2.0	92	1.533	[1.55 1.55]	0	0	
333	0.016	0	2.0	93	1.550	[1.56666667 1.56666667]	0	0	
334	0.017	0	2.0	94	1.567	[1.58333333 1.58333333]	0	0	
335	0.017	0	2.0	95	1.583	[1.6 1.6]	0	0	
336	0.017	0	2.0	96	1.600	[1.61666667 1.61666667]	0	0	
337	0.017	0	2.0	97	1.617	[1.63333333 1.63333333]	0	0	
338	0.017	0	2.0	98	1.633	[1.65 1.65]	0	0	
339	0.016	0	2.0	99	1.650	[1.66666667 1.66666667]	0	0	
340	0.017	0	2.0	100	1.667	[1.68333333 1.68333333]	0	0	
341	0.017	0	2.0	101	1.683	[1.7 1.7]	0	0	
342	0.017	0	2.0	102	1.700	[1.71666667 1.71666667]	0	0	
343	0.017	0	2.0	103	1.717	[1.73333333 1.73333333]	0	0	
344	0.017	0	2.0	104	1.733	[1.75 1.75]	0	0	
345	0.017	0	2.0	105	1.750	[1.76666667 1.76666667]	0	0	
346	0.017	0	2.0	106	1.767	[1.78333333 1.78333333]	0	0	
347	0.016	0	2.0	107	1.783	[1.8 1.8]	0	0	
348	0.017	0	2.0	108	1.800	[1.81666667 1.81666667]	0	0	
349	0.016	0	2.0	109	1.817	[1.83333333 1.83333333]	0	0	
350	0.017	0	2.0	110	1.833	[1.85 1.85]	0	0	
351	0.017	0	2.0	111	1.850	[1.86666667 1.86666667]	0	0	
352	0.017	0	2.0	112	1.867	[1.88333333 1.88333333]	0	0	
353	0.018	0	2.0	113	1.885	[1.9 1.9]	0	0	
354	0.017	0	2.0	114	1.902	[1.91666667 1.91666667]	0	0	
355	0.017	0	2.0	115	1.918	[1.93333333 1.93333333]	0	0	
356	0.017	0	2.0	116	1.935	[1.95 1.95]	0	0	
357	0.017	0	2.0	117	1.952	[1.96666667 1.96666667]	0	0	
358	0.017	0	2.0	118	1.969	[1.98333333 1.98333333]	0	0	
359	0.016	0	2.0	119	1.985	[2. 2.]	0	0	
360	0.017	0	2.0	120	2.002	[2.01666667 2.01666667]	0	0	
361	0.017	0	2.0	121	2.018	[2.03333333 2.03333333]	0	0	
362	0.017	0	2.0	122	2.035	[2.05 2.05]	0	0	
363	0.017	0	2.0	123	2.052	[2.06666667 2.06666667]	0	0	
364	0.017	0	2.0	124	2.069	[2.08333333 2.08333333]	0	0	
365	0.017	0	2.0	125	2.085	[2.1 2.1]	0	0	
366	0.017	0	2.0	126	2.102	[2.11666667 2.11666667]	0	0	
367	0.017	0	2.0	127	2.119	[2.13333333 2.13333333]	0	0	
368	0.017	0	2.0	128	2.135	[2.15 2.15]	0	0	
369	0.017	0	2.0	129	2.152	[2.16666667 2.16666667]	0	0	
370	0.017	0	2.0	130	2.169	[2.18333333 2.18333333]	0	0	
371	0.017	0	2.0	131	2.185	[2.2 2.2]	0	0	
372	0.017	0	2.0	132	2.202	[2.21666667 2.21666667]	0	0	
373	0.017	0	2.0	133	2.219	[2.23333333 2.23333333]	0	0	
374	0.017	0	2.0	134	2.235	[2.25 2.25]	0	0	
375	0.017	0	2.0	135	2.252	[2.26666667 2.26666667]	0	0	
376	0.017	0	2.0	136	2.269	[2.28333333 2.28333333]	0	0	
377	0.016	0	2.0	137	2.285	[2.3 2.3]	0	0	
378	0.017	0	2.0	138	2.302	[2.31666667 2.31666667]	0	0	
379	0.017	0	2.0	139	2.319	[2.33333333 2.33333333]	0	0	
380	0.017	0	2.0	140	2.335	[2.35 2.35]	0	0	
381	0.017	0	2.0	141	2.352	[2.36666667 2.36666667]	0	0	
382	0.017	0	2.0	142	2.369	[2.38333333 2.38333333]	0	0	
383	0.017	0	2.0	143	2.386	[2.4 2.4]	0	0	
384	0.017	0	2.0	144	2.402	[2.41666667 2.41666667]	0	0	
385	0.017	0	2.0	145	2.419	[2.43333333 2.43333333]	0	0	
386	0.017	0	2.0	146	2.435	[2.45 2.45]	0	0	
387	0.017	0	2.0	147	2.452	[2.46666667 2.46666667]	0	0	
388	0.017	0	2.0	148	2.469	[2.48333333 2.48333333]	0	0	
389	0.017	0	2.0	149	2.486	[2.5 2.5]	0	0	
390	0.017	0	2.0	150	2.502	[2.51666667 2.51666667]	0	0	
391	0.017	0	2.0	151	2.519	[2.53333333 2.53333333]	0	0	
392	0.017	0	2.0	152	2.535	[2.55 2.55]	0	0	
393	0.017	0	2.0	153	2.552	[2.56666667 2.56666667]	0	0	
394	0.017	0	2.0	154	2.569	[2.58333333 2.58333333]	0	0	
395	0.016	0	2.0	155	2.586	[2.6 2.6]	0	0	
396	0.017	0	2.0	156	2.602	[2.61666667 2.61666667]	0	0	
397	0.017	0	2.0	157	2.619	[2.63333333 2.63333333]	0	0	
398	0.017	0	2.0	158	2.636	[2.65 2.65]	0	0	
399	0.017	0	2.0	159	2.652	[2.66666667 2.66666667]	0	0	
400	0.016	0	2.0	160	2.669	[2.68333333 2.68333333]	0	0	
401	0.017	0	2.0	161	2.686	[2.7 2.7]	0	0	
402	0.017	0	2.0	162	2.702	[2.71666667 2.71666667]	0	0	
403	0.017	0	2.0	163	2.719	[2.73333333 2.73333333]	0	0	
404	0.017	0	2.0	164	2.736	[2.75 2.75]	0	0	
405	0.017	0	2.0	165	2.752	[2.76666667 2.76666667]	0	0	
406	0.017	0	2.0	166	2.769	[2.78333333 2.78333333]	0	0	
407	0.017	0	2.0	167	2.785	[2.8 2.8]	0	0	
408	0.017	0	2.0	168	2.802	[2.81666667 2.81666667]	0	0	
409	0.017	0	2.0	169	2.820	[2.83333333 2.83333333]	0	0	
410	0.016	0	2.0	170	2.836	[2.85 2.85]	0	0	
411	0.017	0	2.0	171	2.852	[2.86666667 2.86666667]	0	0	
412	0.017	0	2.0	172	2.869	[2.88333333 2.88333333]	0	0	
413	0.017	0	2.0	173	2.886	[2.9 2.9]	0	0	
414	0.017	0	2.0	174	2.902	[2.91666667 2.91666667]	0	0	
415	0.017	0	2.0	175	2.919	[2.93333333 2.93333333]	0	0	
416	0.017	0	2.0	176	2.936	[2.95 2.95]	0	0	
417	0.017	0	2.0	177	2.953	[2.96666667 2.96666667]	0	0	
418	0.016	0	2.0	178	2.969	[2.98333333 2.98333333]	0	0	
419	0.017	0	2.0	179	2.986	[3. 3.]	0	0	
420	0.017	0	2.0	180	3.002	[3.01666667 3.01666667]	0	0	
421	0.017	0	2.0	181	3.019	[3.03333333 3.03333333]	0	0	
422	0.017	0	2.0	182	3.036	[3.05 3.05]	0	0	
423	0.017	0	2.0	183	3.052	[3.06666667 3.06666667]	0	0	
424	0.017	0	2.0	184	3.069	[3.08333333 3.08333333]	0	0	
425	0.017	0	2.0	185	3.086	[3.1 3.1]	0	0	
426	0.017	0	2.0	186	3.102	[3.11666667 3.11666667]	0	0	
427	0.017	0	2.0	187	3.119	[3.13333333 3.13333333]	0	0	
428	0.017	0	2.0	188	3.136	[3.15 3.15]	0	0	
429	0.017	0	2.0	189	3.153	[3.16666667 3.16666667]	0	0	
430	0.017	0	2.0	190	3.169	[3.18333333 3.18333333]	0	0	
431	0.017	0	2.0	191	3.186	[3.2 3.2]	0	0	
432	0.017	0	2.0	192	3.203	[3.21666667 3.21666667]	0	0	
433	0.017	0	2.0	193	3.219	[3.23333333 3.23333333]	0	0	
434	0.017	0	2.0	194	3.236	[3.25 3.25]	0	0	
435	0.017	0	2.0	195	3.253	[3.26666667 3.26666667]	0	0	
436	0.017	0	2.0	196	3.269	[3.28333333 3.28333333]	0	0	
437	0.017	0	2.0	197	3.286	[3.3 3.3]	0	0	
438	0.017	0	2.0	198	3.303	[3.31666667 3.31666667]	0	0	
439	0.017	0	2.0	199	3.319	[3.33333333 3.33333333]	0	0	
440	0.017	0	2.0	200	3.336	[3.35 3.35]	0	0	
441	0.017	0	2.0	201	3.353	[3.36666667 3.36666667]	0	0	
442	0.017	0	2.0	202	3.369	[3.38333333 3.38333333]	0	0	
443	0.017	0	2.0	203	3.386	[3.4 3.4]	0	0	
444	0.017	0	2.0	204	3.403	[3.41666667 3.41666667]	0	0	
445	0.017	0	2.0	205	3.419	[3.43333333 3.43333333]	0	0	
446	0.017	0	2.0	206	3.436	[3.45 3.45]	0	0	
447	0.017	0	2.0	207	3.453	[3.46666667 3.46666667]	0	0	
448	0.017	0	2.0	208	3.469	[3.48333333 3.48333333]	0	0	
449	0.017	0	2.0	209	3.486	[3.5 3.5]	0	0	
450	0.017	0	2.0	210	3.503	[3.51666667 3.51666667]	0	0	
451	0.017	0	2.0	211	3.519	[3.53333333 3.53333333]	0	0	
452	0.017	0	2.0	212	3.536	[3.55 3.55]	0	0	
453	0.017	0	2.0	213	3.553	[3.56666667 3.56666667]	0	0	
454	0.017	0	2.0	214	3.569	[3.58333333 3.58333333]	0	0	
455	0.017	0	2.0	215	3.586	[3.6 3.6]	0	0	
456	0.017	0	2.0	216	3.603	[3.61666667 3.61666667]	0	0	
457	0.017	0	2.0	217	3.619	[3.63333333 3.63333333]	0	0	
458	0.017	0	2.0	218	3.636	[3.65 3.65]	0	0	
459	0.017	0	2.0	219	3.653	[3.66666667 3.66666667]	0	0	
460	0.017	0	2.0	220	3.669	[3.68333333 3.68333333]	0	0	
461	0.017	0	2.0	221	3.686	[3.7 3.7]	0	0	
462	0.017	0	2.0	222	3.703	[3.71666667 3.71666667]	0	0	
463	0.017	0	2.0	223	3.719	[3.73333333 3.73333333]	0	0	
464	0.017	0	2.0	224	3.736	[3.75 3.75]	0	0	
465	0.017	0	2.0	225	3.753	[3.76666667 3.76666667]	0	0	
466	0.017	0	2.0	226	3.769	[3.78333333 3.78333333]	0	0	
467	0.017	0	2.0	227	3.786	[3.8 3.8]	0	0	
468	0.017	0	2.0	228	3.803	[3.81666667 3.81666667]	0	0	
469	0.017	0	2.0	229	3.819	[3.83333333 3.83333333]	0	0	
470	0.017	0	2.0	230	3.836	[3.85 3.85]	0	0	
471	0.017	0	2.0	231	3.853	[3.86666667 3.86666667]	0	0	
472	0.017	0	2.0	232	3.870	[3.88333333 3.88333333]	0	0	
473	0.016	0	2.0	233	3.886	[3.9 3.9]	0	0	
474	0.017	0	2.0	234	3.903	[3.91666667 3.91666667]	0	0	
475	0.016	0	2.0	235	3.920	[3.93333333 3.93333333]	0	0	
476	0.017	0	2.0	236	3.936	[3.95 3.95]	0	0	
477	0.017	0	2.0	237	3.953	[3.96666667 3.96666667]	0	0	
478	0.017	0	2.0	238	3.969	[3.98333333 3.98333333]	0	0	
479	0.017	0	2.0	239	3.986	[4. 4.]	0	0	
480	0.017	0	2.0	240	4.003	[4. 4.]	0	0	
