sample_num	sample_time	sampling_interval	imaging_frame	frame_time	stimulus_epoch	stim_frame	epoch_time	stim_info1	stim_info2	stim_info3	
1	0.019	0.019	0	1.0	1	0.019	0	0	0	
2	0.029	0.01	0	1.0	2	0.029	0	0	0	
3	0.045	0.015	0	1.0	3	0.045	0	0	0	
4	0.062	0.017	0	1.0	4	0.062	0	0	0	
5	0.078	0.017	0	1.0	5	0.078	0	0	0	
6	0.095	0.017	0	1.0	6	0.095	0	0	0	
7	0.111	0.016	0	1.0	7	0.111	0	0	0	
8	0.128	0.017	0	1.0	8	0.128	0	0	0	
9	0.145	0.017	0	1.0	9	0.145	0	0	0	
10	0.161	0.017	0	1.0	10	0.161	0	0	0	
11	0.181	0.019	0	1.0	11	0.181	0	0	0	
12	0.194	0.013	0	1.0	12	0.194	0	0	0	
13	0.211	0.017	0	1.0	13	0.211	0	0	0	
14	0.228	0.017	0	1.0	14	0.228	0	0	0	
15	0.244	0.016	0	1.0	15	0.244	0	0	0	
16	0.262	0.018	0	1.0	16	0.262	0	0	0	
17	0.278	0.016	0	1.0	17	0.278	0	0	0	
18	0.295	0.017	0	1.0	18	0.295	0	0	0	
19	0.311	0.016	0	1.0	19	0.311	0	0	0	
20	0.328	0.017	0	1.0	20	0.328	0	0	0	
21	0.345	0.017	0	1.0	21	0.345	0	0	0	
22	0.361	0.016	0	1.0	22	0.361	0	0	0	
23	0.379	0.018	0	1.0	23	0.379	0	0	0	
24	0.394	0.015	0	1.0	24	0.394	0	0	0	
25	0.412	0.018	0	1.0	25	0.412	0	0	0	
26	0.427	0.016	0	1.0	26	0.427	0	0	0	
27	0.444	0.017	0	1.0	27	0.444	0	0	0	
28	0.462	0.017	0	1.0	28	0.462	0	0	0	
29	0.477	0.016	0	1.0	29	0.477	0	0	0	
30	0.494	0.017	0	1.0	30	0.494	0	0	0	
31	0.511	0.017	0	1.0	31	0.511	0	0	0	
32	0.528	0.017	0	1.0	32	0.528	0	0	0	
33	0.546	0.018	0	1.0	33	0.546	0	0	0	
34	0.561	0.015	0	1.0	34	0.561	0	0	0	
35	0.578	0.017	0	1.0	35	0.578	0	0	0	
36	0.594	0.017	0	1.0	36	0.594	0	0	0	
37	0.611	0.017	0	1.0	37	0.611	0	0	0	
38	0.628	0.017	0	1.0	38	0.628	0	0	0	
39	0.644	0.017	0	1.0	39	0.644	0	0	0	
40	0.661	0.017	0	1.0	40	0.661	0	0	0	
41	0.678	0.016	0	1.0	41	0.678	0	0	0	
42	0.695	0.017	0	1.0	42	0.695	0	0	0	
43	0.711	0.017	0	1.0	43	0.711	0	0	0	
44	0.728	0.017	0	1.0	44	0.728	0	0	0	
45	0.745	0.017	0	1.0	45	0.745	0	0	0	
46	0.761	0.016	0	1.0	46	0.761	0	0	0	
47	0.778	0.017	0	1.0	47	0.778	0	0	0	
48	0.794	0.017	0	1.0	48	0.794	0	0	0	
49	0.811	0.017	0	1.0	49	0.811	0	0	0	
50	0.829	0.017	0	1.0	50	0.829	0	0	0	
51	0.845	0.016	0	1.0	51	0.845	0	0	0	
52	0.861	0.017	0	1.0	52	0.861	0	0	0	
53	0.879	0.017	0	1.0	53	0.879	0	0	0	
54	0.894	0.016	0	1.0	54	0.894	0	0	0	
55	0.912	0.018	0	1.0	55	0.912	0	0	0	
56	0.927	0.016	0	1.0	56	0.928	0	0	0	
57	0.945	0.017	0	1.0	57	0.945	0	0	0	
58	0.961	0.016	0	1.0	58	0.961	0	0	0	
59	0.978	0.018	0	1.0	59	0.979	0	0	0	
60	0.995	0.016	0	1.0	60	0.995	0	0	0	
61	1.011	0.017	0	1.0	61	1.011	0	0	0	
62	1.028	0.017	0	1.0	62	1.028	0	0	0	
63	1.045	0.016	0	1.0	63	1.045	0	0	0	
64	1.061	0.017	0	1.0	64	1.061	0	0	0	
65	1.078	0.017	0	1.0	65	1.078	0	0	0	
66	1.095	0.017	0	1.0	66	1.095	0	0	0	
67	1.111	0.017	0	1.0	67	1.111	0	0	0	
68	1.129	0.017	0	1.0	68	1.129	0	0	0	
69	1.145	0.016	0	1.0	69	1.145	0	0	0	
70	1.161	0.017	0	1.0	70	1.161	0	0	0	
71	1.179	0.017	0	1.0	71	1.179	0	0	0	
72	1.194	0.016	0	1.0	72	1.194	0	0	0	
73	1.211	0.017	0	1.0	73	1.211	0	0	0	
74	1.231	0.02	0	1.0	74	1.231	0	0	0	
75	1.244	0.013	0	1.0	75	1.244	0	0	0	
76	1.261	0.017	0	1.0	76	1.261	0	0	0	
77	1.278	0.017	0	1.0	77	1.278	0	0	0	
78	1.295	0.017	0	1.0	78	1.295	0	0	0	
79	1.311	0.017	0	1.0	79	1.311	0	0	0	
80	1.328	0.017	0	1.0	80	1.328	0	0	0	
81	1.345	0.016	0	1.0	81	1.345	0	0	0	
82	1.362	0.017	0	1.0	82	1.362	0	0	0	
83	1.378	0.016	0	1.0	83	1.378	0	0	0	
84	1.395	0.017	0	1.0	84	1.395	0	0	0	
85	1.411	0.016	0	1.0	85	1.411	0	0	0	
86	1.429	0.017	0	1.0	86	1.429	0	0	0	
87	1.446	0.017	0	1.0	87	1.446	0	0	0	
88	1.462	0.016	0	1.0	88	1.462	0	0	0	
89	1.478	0.016	0	1.0	89	1.478	0	0	0	
90	1.495	0.017	0	1.0	90	1.495	0	0	0	
91	1.511	0.016	0	1.0	91	1.511	0	0	0	
92	1.529	0.018	0	1.0	92	1.529	0	0	0	
93	1.545	0.016	0	1.0	93	1.545	0	0	0	
94	1.561	0.017	0	1.0	94	1.561	0	0	0	
95	1.578	0.016	0	1.0	95	1.578	0	0	0	
96	1.594	0.017	0	1.0	96	1.594	0	0	0	
97	1.612	0.018	0	1.0	97	1.612	0	0	0	
98	1.628	0.016	0	1.0	98	1.628	0	0	0	
99	1.646	0.018	0	1.0	99	1.646	0	0	0	
100	1.661	0.015	0	1.0	100	1.661	0	0	0	
101	1.679	0.018	0	1.0	101	1.679	0	0	0	
102	1.694	0.016	0	1.0	102	1.695	0	0	0	
103	1.712	0.017	0	1.0	103	1.712	0	0	0	
104	1.728	0.017	0	1.0	104	1.728	0	0	0	
105	1.745	0.017	0	1.0	105	1.745	0	0	0	
106	1.762	0.017	0	1.0	106	1.762	0	0	0	
107	1.778	0.017	0	1.0	107	1.778	0	0	0	
108	1.795	0.017	0	1.0	108	1.795	0	0	0	
109	1.812	0.017	0	1.0	109	1.812	0	0	0	
110	1.829	0.017	0	1.0	110	1.829	0	0	0	
111	1.845	0.016	0	1.0	111	1.845	0	0	0	
112	1.862	0.017	0	1.0	112	1.862	0	0	0	
113	1.878	0.017	0	1.0	113	1.878	0	0	0	
114	1.895	0.017	0	1.0	114	1.895	0	0	0	
115	1.911	0.016	0	1.0	115	1.911	0	0	0	
116	1.928	0.017	0	1.0	116	1.928	0	0	0	
117	1.945	0.017	0	1.0	117	1.945	0	0	0	
118	1.963	0.018	0	1.0	118	1.963	0	0	0	
119	1.978	0.015	0	1.0	119	1.978	0	0	0	
120	1.995	0.017	0	1.0	120	1.995	0	0	0	
121	2.012	0.018	0	1.0	121	2.012	0	0	0	
122	2.028	0.016	0	1.0	122	2.028	0	0	0	
123	2.047	0.019	0	1.0	123	2.047	0	0	0	
124	2.063	0.016	0	1.0	124	2.063	0	0	0	
125	2.081	0.018	0	1.0	125	2.081	0	0	0	
126	2.096	0.016	0	1.0	126	2.096	0	0	0	
127	2.114	0.018	0	1.0	127	2.114	0	0	0	
128	2.13	0.016	0	1.0	128	2.13	0	0	0	
129	2.147	0.017	0	1.0	129	2.147	0	0	0	
130	2.164	0.017	0	1.0	130	2.164	0	0	0	
131	2.181	0.017	0	1.0	131	2.181	0	0	0	
132	2.197	0.016	0	1.0	132	2.197	0	0	0	
133	2.214	0.017	0	1.0	133	2.214	0	0	0	
134	2.23	0.017	0	1.0	134	2.23	0	0	0	
135	2.247	0.017	0	1.0	135	2.247	0	0	0	
136	2.263	0.017	0	1.0	136	2.263	0	0	0	
137	2.28	0.017	0	1.0	137	2.28	0	0	0	
138	2.297	0.017	0	1.0	138	2.297	0	0	0	
139	2.314	0.017	0	1.0	139	2.314	0	0	0	
140	2.33	0.017	0	1.0	140	2.33	0	0	0	
141	2.347	0.016	0	1.0	141	2.347	0	0	0	
142	2.363	0.017	0	1.0	142	2.363	0	0	0	
143	2.38	0.017	0	1.0	143	2.38	0	0	0	
144	2.397	0.017	0	1.0	144	2.397	0	0	0	
145	2.414	0.017	0	1.0	145	2.414	0	0	0	
146	2.43	0.017	0	1.0	146	2.43	0	0	0	
147	2.448	0.018	0	1.0	147	2.448	0	0	0	
148	2.463	0.015	0	1.0	148	2.463	0	0	0	
149	2.481	0.018	0	1.0	149	2.481	0	0	0	
150	2.497	0.016	0	1.0	150	2.497	0	0	0	
151	2.514	0.017	0	1.0	151	2.514	0	0	0	
152	2.53	0.017	0	1.0	152	2.53	0	0	0	
153	2.548	0.017	0	1.0	153	2.548	0	0	0	
154	2.563	0.016	0	1.0	154	2.563	0	0	0	
155	2.58	0.017	0	1.0	155	2.58	0	0	0	
156	2.597	0.017	0	1.0	156	2.597	0	0	0	
157	2.614	0.017	0	1.0	157	2.614	0	0	0	
158	2.63	0.016	0	1.0	158	2.63	0	0	0	
159	2.647	0.017	0	1.0	159	2.647	0	0	0	
160	2.664	0.017	0	1.0	160	2.664	0	0	0	
161	2.68	0.017	0	1.0	161	2.68	0	0	0	
162	2.697	0.017	0	1.0	162	2.697	0	0	0	
163	2.714	0.017	0	1.0	163	2.714	0	0	0	
164	2.73	0.016	0	1.0	164	2.73	0	0	0	
165	2.747	0.017	0	1.0	165	2.747	0	0	0	
166	2.764	0.017	0	1.0	166	2.764	0	0	0	
167	2.78	0.017	0	1.0	167	2.78	0	0	0	
168	2.797	0.017	0	1.0	168	2.797	0	0	0	
169	2.814	0.017	0	1.0	169	2.814	0	0	0	
170	2.83	0.016	0	1.0	170	2.83	0	0	0	
171	2.848	0.017	0	1.0	171	2.848	0	0	0	
172	2.864	0.016	0	1.0	172	2.864	0	0	0	
173	2.88	0.017	0	1.0	173	2.88	0	0	0	
174	2.897	0.017	0	1.0	174	2.897	0	0	0	
175	2.914	0.017	0	1.0	175	2.914	0	0	0	
176	2.93	0.017	0	1.0	176	2.93	0	0	0	
177	2.948	0.017	0	1.0	177	2.948	0	0	0	
178	2.963	0.016	0	1.0	178	2.963	0	0	0	
179	2.981	0.017	0	1.0	179	2.981	0	0	0	
180	2.997	0.017	0	1.0	180	2.997	0	0	0	
181	3.014	0.017	0	1.0	181	3.014	0	0	0	
182	3.031	0.017	0	1.0	182	3.031	0	0	0	
183	3.047	0.017	0	1.0	183	3.047	0	0	0	
184	3.064	0.017	0	1.0	184	3.064	0	0	0	
185	3.081	0.017	0	1.0	185	3.081	0	0	0	
186	3.097	0.016	0	1.0	186	3.097	0	0	0	
187	3.114	0.017	0	1.0	187	3.114	0	0	0	
188	3.13	0.016	0	1.0	188	3.13	0	0	0	
189	3.148	0.017	0	1.0	189	3.148	0	0	0	
190	3.164	0.016	0	1.0	190	3.164	0	0	0	
191	3.18	0.016	0	1.0	191	3.18	0	0	0	
192	3.198	0.017	0	1.0	192	3.198	0	0	0	
193	3.213	0.016	0	1.0	193	3.213	0	0	0	
194	3.23	0.017	0	1.0	194	3.231	0	0	0	
195	3.248	0.017	0	1.0	195	3.248	0	0	0	
196	3.264	0.016	0	1.0	196	3.264	0	0	0	
197	3.28	0.017	0	1.0	197	3.28	0	0	0	
198	3.297	0.017	0	1.0	198	3.297	0	0	0	
199	3.315	0.018	0	1.0	199	3.315	0	0	0	
200	3.33	0.015	0	1.0	200	3.33	0	0	0	
201	3.347	0.017	0	1.0	201	3.347	0	0	0	
202	3.364	0.016	0	1.0	202	3.364	0	0	0	
203	3.381	0.017	0	1.0	203	3.381	0	0	0	
204	3.397	0.017	0	1.0	204	3.397	0	0	0	
205	3.414	0.017	0	1.0	205	3.414	0	0	0	
206	3.431	0.017	0	1.0	206	3.431	0	0	0	
207	3.447	0.017	0	1.0	207	3.447	0	0	0	
208	3.464	0.017	0	1.0	208	3.464	0	0	0	
209	3.481	0.016	0	1.0	209	3.481	0	0	0	
210	3.498	0.017	0	1.0	210	3.498	0	0	0	
211	3.515	0.017	0	1.0	211	3.515	0	0	0	
212	3.53	0.016	0	1.0	212	3.53	0	0	0	
213	3.548	0.017	0	1.0	213	3.548	0	0	0	
214	3.564	0.016	0	1.0	214	3.564	0	0	0	
215	3.581	0.017	0	1.0	215	3.581	0	0	0	
216	3.597	0.017	0	1.0	216	3.597	0	0	0	
217	3.614	0.017	0	1.0	217	3.614	0	0	0	
218	3.631	0.017	0	1.0	218	3.631	0	0	0	
219	3.647	0.017	0	1.0	219	3.647	0	0	0	
220	3.665	0.017	0	1.0	220	3.665	0	0	0	
221	3.681	0.016	0	1.0	221	3.681	0	0	0	
222	3.697	0.017	0	1.0	222	3.697	0	0	0	
223	3.714	0.017	0	1.0	223	3.714	0	0	0	
224	3.731	0.017	0	1.0	224	3.731	0	0	0	
225	3.747	0.017	0	1.0	225	3.747	0	0	0	
226	3.765	0.017	0	1.0	226	3.765	0	0	0	
227	3.781	0.016	0	1.0	227	3.781	0	0	0	
228	3.797	0.017	0	1.0	228	3.797	0	0	0	
229	3.814	0.017	0	1.0	229	3.814	0	0	0	
230	3.831	0.017	0	1.0	230	3.831	0	0	0	
231	3.847	0.016	0	1.0	231	3.847	0	0	0	
232	3.864	0.017	0	1.0	232	3.864	0	0	0	
233	3.881	0.017	0	1.0	233	3.881	0	0	0	
234	3.897	0.016	0	1.0	234	3.897	0	0	0	
235	3.915	0.018	0	1.0	235	3.915	0	0	0	
236	3.93	0.016	0	1.0	236	3.93	0	0	0	
237	3.947	0.017	0	1.0	237	3.947	0	0	0	
238	3.965	0.017	0	1.0	238	3.965	0	0	0	
239	3.981	0.016	0	1.0	239	3.981	0	0	0	
240	3.997	0.017	0	1.0	240	3.997	0	0	0	
241	4.014	0.017	0	1.0	241	4.014	0	0	0	
242	4.03	0.016	0	2.0	1	0.016	0	0	0	
243	4.048	0.018	0	2.0	2	0.034	0	0	0	
244	4.064	0.016	0	2.0	3	0.049	0	0	0	
245	4.081	0.017	0	2.0	4	0.067	0	0	0	
246	4.097	0.016	0	2.0	5	0.083	1	0	0	
247	4.115	0.018	0	2.0	6	0.101	1	0	0	
248	4.131	0.016	0	2.0	7	0.116	1	0	0	
249	4.147	0.017	0	2.0	8	0.133	1	0	0	
250	4.165	0.017	0	2.0	9	0.15	2	0	0	
251	4.181	0.016	0	2.0	10	0.166	2	0	0	
252	4.198	0.017	0	2.0	11	0.184	2	0	0	
253	4.214	0.016	0	2.0	12	0.2	2	0	0	
254	4.231	0.017	0	2.0	13	0.217	3	0	0	
255	4.247	0.016	0	2.0	14	0.233	3	0	0	
256	4.265	0.017	0	2.0	15	0.25	3	0	0	
257	4.281	0.016	0	2.0	16	0.266	3	0	0	
258	4.298	0.017	0	2.0	17	0.284	4	0	0	
259	4.314	0.016	0	2.0	18	0.299	4	0	0	
260	4.331	0.017	0	2.0	19	0.317	4	0	0	
261	4.348	0.016	0	2.0	20	0.333	4	0	0	
262	4.364	0.017	0	2.0	21	0.35	5	0	0	
263	4.381	0.017	0	2.0	22	0.366	5	0	0	
264	4.398	0.017	0	2.0	23	0.384	5	0	0	
265	4.414	0.016	0	2.0	24	0.4	5	0	0	
266	4.431	0.017	0	2.0	25	0.417	6	0	0	
267	4.448	0.016	0	2.0	26	0.433	6	0	0	
268	4.465	0.017	0	2.0	27	0.45	6	0	0	
269	4.481	0.017	0	2.0	28	0.467	6	0	0	
270	4.497	0.016	0	2.0	29	0.483	7	0	0	
271	4.515	0.017	0	2.0	30	0.5	7	0	0	
272	4.531	0.016	0	2.0	31	0.517	7	0	0	
273	4.548	0.017	0	2.0	32	0.533	7	0	0	
274	4.565	0.017	0	2.0	33	0.55	8	0	0	
275	4.581	0.016	0	2.0	34	0.566	8	0	0	
276	4.599	0.018	0	2.0	35	0.585	8	0	0	
277	4.614	0.015	0	2.0	36	0.6	8	0	0	
278	4.632	0.017	0	2.0	37	0.617	9	0	0	
279	4.648	0.016	0	2.0	38	0.633	9	0	0	
280	4.665	0.017	0	2.0	39	0.65	9	0	0	
281	4.681	0.016	0	2.0	40	0.667	9	0	0	
282	4.698	0.017	0	2.0	41	0.684	10	0	0	
283	4.714	0.016	0	2.0	42	0.7	10	0	0	
284	4.732	0.017	0	2.0	43	0.717	10	0	0	
285	4.748	0.016	0	2.0	44	0.733	10	0	0	
286	4.765	0.018	0	2.0	45	0.751	11	0	0	
287	4.781	0.015	0	2.0	46	0.766	11	0	0	
288	4.798	0.018	0	2.0	47	0.784	11	0	0	
289	4.814	0.016	0	2.0	48	0.8	11	0	0	
290	4.831	0.017	0	2.0	49	0.817	12	0	0	
291	4.848	0.016	0	2.0	50	0.833	12	0	0	
292	4.864	0.017	0	2.0	51	0.85	12	0	0	
293	4.882	0.017	0	2.0	52	0.867	12	0	0	
294	4.898	0.016	0	2.0	53	0.883	13	0	0	
295	4.915	0.017	0	2.0	54	0.901	13	0	0	
296	4.931	0.016	0	2.0	55	0.917	13	0	0	
297	4.948	0.017	0	2.0	56	0.934	13	0	0	
298	4.964	0.016	0	2.0	57	0.95	14	0	0	
299	4.982	0.018	0	2.0	58	0.967	14	0	0	
300	4.998	0.016	0	2.0	59	0.983	14	0	0	
301	5.015	0.017	0	2.0	60	1.001	14	0	0	
302	5.031	0.016	0	2.0	61	1.017	15	0	0	
303	5.048	0.017	0	2.0	62	1.033	15	0	0	
304	5.064	0.017	0	2.0	63	1.05	15	0	0	
305	5.082	0.017	0	2.0	64	1.067	15	0	0	
306	5.098	0.016	0	2.0	65	1.083	16	0	0	
307	5.114	0.017	0	2.0	66	1.1	16	0	0	
308	5.132	0.017	0	2.0	67	1.117	16	0	0	
309	5.148	0.016	0	2.0	68	1.134	16	0	0	
310	5.165	0.017	0	2.0	69	1.151	17	0	0	
311	5.181	0.016	0	2.0	70	1.167	17	0	0	
312	5.198	0.017	0	2.0	71	1.184	17	0	0	
313	5.214	0.016	0	2.0	72	1.2	17	0	0	
314	5.232	0.017	0	2.0	73	1.217	18	0	0	
315	5.248	0.016	0	2.0	74	1.233	18	0	0	
316	5.265	0.017	0	2.0	75	1.251	18	0	0	
317	5.281	0.016	0	2.0	76	1.267	18	0	0	
318	5.298	0.017	0	2.0	77	1.284	19	0	0	
319	5.314	0.016	0	2.0	78	1.3	19	0	0	
320	5.332	0.017	0	2.0	79	1.317	19	0	0	
321	5.348	0.016	0	2.0	80	1.333	19	0	0	
322	5.365	0.017	0	2.0	81	1.351	20	0	0	
323	5.381	0.016	0	2.0	82	1.367	20	0	0	
324	5.398	0.017	0	2.0	83	1.383	20	0	0	
325	5.415	0.017	0	2.0	84	1.4	20	0	0	
326	5.432	0.017	0	2.0	85	1.417	21	0	0	
327	5.448	0.016	0	2.0	86	1.434	21	0	0	
328	5.465	0.017	0	2.0	87	1.451	21	0	0	
329	5.481	0.016	0	2.0	88	1.467	21	0	0	
330	5.499	0.017	0	2.0	89	1.484	22	0	0	
331	5.515	0.016	0	2.0	90	1.5	22	0	0	
332	5.541	0.026	0	2.0	91	1.526	22	0	0	
333	5.547	0.007	0	2.0	92	1.533	22	0	0	
334	5.568	0.021	0	2.0	93	1.554	23	0	0	
335	5.582	0.013	0	2.0	94	1.567	23	0	0	
336	5.599	0.017	0	2.0	95	1.585	23	0	0	
337	5.615	0.016	0	2.0	96	1.601	23	0	0	
338	5.633	0.018	0	2.0	97	1.619	24	0	0	
339	5.649	0.016	0	2.0	98	1.634	24	0	0	
340	5.666	0.017	0	2.0	99	1.652	24	0	0	
341	5.682	0.016	0	2.0	100	1.668	24	0	0	
342	5.699	0.017	0	2.0	101	1.684	25	0	0	
343	5.716	0.017	0	2.0	102	1.701	25	0	0	
344	5.732	0.017	0	2.0	103	1.718	25	0	0	
345	5.749	0.017	0	2.0	104	1.735	25	0	0	
346	5.766	0.016	0	2.0	105	1.751	26	0	0	
347	5.782	0.016	0	2.0	106	1.768	26	0	0	
348	5.8	0.017	0	2.0	107	1.785	26	0	0	
349	5.815	0.016	0	2.0	108	1.801	26	0	0	
350	5.833	0.018	0	2.0	109	1.819	27	0	0	
351	5.849	0.016	0	2.0	110	1.834	27	0	0	
352	5.866	0.017	0	2.0	111	1.851	27	0	0	
353	5.882	0.016	0	2.0	112	1.868	27	0	0	
354	5.9	0.017	0	2.0	113	1.885	28	0	0	
355	5.915	0.016	0	2.0	114	1.901	28	0	0	
356	5.933	0.018	0	2.0	115	1.919	28	0	0	
357	5.949	0.016	0	2.0	116	1.934	28	0	0	
358	5.966	0.018	0	2.0	117	1.952	29	0	0	
359	5.982	0.016	0	2.0	118	1.968	29	0	0	
360	5.999	0.017	0	2.0	119	1.985	29	0	0	
361	6.016	0.017	0	2.0	120	2.001	29	0	0	
362	6.032	0.017	0	2.0	121	2.018	30	0	0	
363	6.049	0.017	0	2.0	122	2.035	30	0	0	
364	6.066	0.016	0	2.0	123	2.051	30	0	0	
365	6.082	0.017	0	2.0	124	2.068	30	0	0	
366	6.099	0.017	0	2.0	125	2.085	31	0	0	
367	6.116	0.017	0	2.0	126	2.101	31	0	0	
368	6.133	0.017	0	2.0	127	2.118	31	0	0	
369	6.149	0.017	0	2.0	128	2.135	31	0	0	
370	6.166	0.016	0	2.0	129	2.151	32	0	0	
371	6.182	0.017	0	2.0	130	2.168	32	0	0	
372	6.199	0.017	0	2.0	131	2.185	32	0	0	
373	6.216	0.016	0	2.0	132	2.201	32	0	0	
374	6.233	0.017	0	2.0	133	2.218	33	0	0	
375	6.249	0.017	0	2.0	134	2.235	33	0	0	
376	6.266	0.016	0	2.0	135	2.251	33	0	0	
377	6.283	0.018	0	2.0	136	2.269	33	0	0	
378	6.299	0.016	0	2.0	137	2.284	34	0	0	
379	6.316	0.017	0	2.0	138	2.301	34	0	0	
380	6.332	0.017	0	2.0	139	2.318	34	0	0	
381	6.349	0.017	0	2.0	140	2.335	34	0	0	
382	6.366	0.016	0	2.0	141	2.351	35	0	0	
383	6.382	0.016	0	2.0	142	2.368	35	0	0	
384	6.4	0.018	0	2.0	143	2.386	35	0	0	
385	6.416	0.016	0	2.0	144	2.401	35	0	0	
386	6.433	0.018	0	2.0	145	2.419	36	0	0	
387	6.449	0.016	0	2.0	146	2.434	36	0	0	
388	6.467	0.018	0	2.0	147	2.452	36	0	0	
389	6.482	0.016	0	2.0	148	2.468	36	0	0	
390	6.5	0.018	0	2.0	149	2.485	37	0	0	
391	6.516	0.016	0	2.0	150	2.501	37	0	0	
392	6.533	0.018	0	2.0	151	2.519	37	0	0	
393	6.549	0.016	0	2.0	152	2.534	37	0	0	
394	6.566	0.017	0	2.0	153	2.551	38	0	0	
395	6.583	0.017	0	2.0	154	2.568	38	0	0	
396	6.6	0.017	0	2.0	155	2.586	38	0	0	
397	6.616	0.016	0	2.0	156	2.601	38	0	0	
398	6.633	0.018	0	2.0	157	2.619	39	0	0	
399	6.649	0.016	0	2.0	158	2.635	39	0	0	
400	6.667	0.018	0	2.0	159	2.652	39	0	0	
401	6.682	0.016	0	2.0	160	2.668	39	0	0	
402	6.699	0.017	0	2.0	161	2.685	40	0	0	
403	6.716	0.017	0	2.0	162	2.702	40	0	0	
404	6.734	0.017	0	2.0	163	2.719	40	0	0	
405	6.749	0.015	0	2.0	164	2.734	40	0	0	
406	6.767	0.018	0	2.0	165	2.752	41	0	0	
407	6.782	0.016	0	2.0	166	2.768	41	0	0	
408	6.8	0.018	0	2.0	167	2.786	41	0	0	
409	6.815	0.015	0	2.0	168	2.801	41	0	0	
410	6.838	0.022	0	2.0	169	2.823	42	0	0	
411	6.849	0.011	0	2.0	170	2.834	42	0	0	
412	6.867	0.018	0	2.0	171	2.852	42	0	0	
413	6.883	0.016	0	2.0	172	2.868	42	0	0	
414	6.9	0.017	0	2.0	173	2.886	43	0	0	
415	6.917	0.017	0	2.0	174	2.902	43	0	0	
416	6.934	0.017	0	2.0	175	2.919	43	0	0	
417	6.95	0.016	0	2.0	176	2.935	43	0	0	
418	6.967	0.017	0	2.0	177	2.952	44	0	0	
419	6.982	0.016	0	2.0	178	2.968	44	0	0	
420	7.0	0.017	0	2.0	179	2.985	44	0	0	
421	7.016	0.016	0	2.0	180	3.001	44	0	0	
422	7.033	0.017	0	2.0	181	3.018	45	0	0	
423	7.051	0.018	0	2.0	182	3.037	45	0	0	
424	7.068	0.017	0	2.0	183	3.053	45	0	0	
425	7.085	0.017	0	2.0	184	3.07	45	0	0	
426	7.101	0.017	0	2.0	185	3.087	46	0	0	
427	7.118	0.017	0	2.0	186	3.104	46	0	0	
428	7.135	0.017	0	2.0	187	3.121	46	0	0	
429	7.151	0.016	0	2.0	188	3.137	46	0	0	
430	7.168	0.017	0	2.0	189	3.154	47	0	0	
431	7.184	0.016	0	2.0	190	3.17	47	0	0	
432	7.202	0.017	0	2.0	191	3.187	47	0	0	
433	7.218	0.016	0	2.0	192	3.203	47	0	0	
434	7.235	0.018	0	2.0	193	3.221	48	0	0	
435	7.251	0.016	0	2.0	194	3.237	48	0	0	
436	7.268	0.017	0	2.0	195	3.254	48	0	0	
437	7.285	0.016	0	2.0	196	3.27	48	0	0	
438	7.302	0.017	0	2.0	197	3.287	49	0	0	
439	7.318	0.016	0	2.0	198	3.303	49	0	0	
440	7.335	0.017	0	2.0	199	3.32	49	0	0	
441	7.352	0.017	0	2.0	200	3.337	49	0	0	
442	7.368	0.016	0	2.0	201	3.353	50	0	0	
443	7.384	0.017	0	2.0	202	3.37	50	0	0	
444	7.402	0.017	0	2.0	203	3.387	50	0	0	
445	7.418	0.016	0	2.0	204	3.403	50	0	0	
446	7.435	0.017	0	2.0	205	3.42	51	0	0	
447	7.452	0.017	0	2.0	206	3.437	51	0	0	
448	7.468	0.017	0	2.0	207	3.454	51	0	0	
449	7.485	0.016	0	2.0	208	3.47	51	0	0	
450	7.502	0.017	0	2.0	209	3.487	52	0	0	
451	7.519	0.017	0	2.0	210	3.504	52	0	0	
452	7.535	0.016	0	2.0	211	3.52	52	0	0	
453	7.552	0.017	0	2.0	212	3.537	52	0	0	
454	7.568	0.016	0	2.0	213	3.554	53	0	0	
455	7.585	0.017	0	2.0	214	3.57	53	0	0	
456	7.602	0.017	0	2.0	215	3.587	53	0	0	
457	7.619	0.017	0	2.0	216	3.604	53	0	0	
458	7.636	0.017	0	2.0	217	3.621	54	0	0	
459	7.652	0.016	0	2.0	218	3.637	54	0	0	
460	7.668	0.016	0	2.0	219	3.654	54	0	0	
461	7.685	0.017	0	2.0	220	3.67	54	0	0	
462	7.702	0.017	0	2.0	221	3.687	55	0	0	
463	7.718	0.016	0	2.0	222	3.703	55	0	0	
464	7.736	0.018	0	2.0	223	3.722	55	0	0	
465	7.752	0.016	0	2.0	224	3.738	55	0	0	
466	7.769	0.017	0	2.0	225	3.754	56	0	0	
467	7.785	0.016	0	2.0	226	3.77	56	0	0	
468	7.818	0.033	0	2.0	227	3.803	56	0	0	
469	7.835	0.017	0	2.0	228	3.82	56	0	0	
470	7.852	0.017	0	2.0	229	3.837	57	0	0	
471	7.868	0.017	0	2.0	230	3.854	57	0	0	
472	7.885	0.016	0	2.0	231	3.87	57	0	0	
473	7.902	0.017	0	2.0	232	3.887	57	0	0	
474	7.918	0.017	0	2.0	233	3.904	58	0	0	
475	7.935	0.016	0	2.0	234	3.92	58	0	0	
476	7.951	0.017	0	2.0	235	3.937	58	0	0	
477	7.968	0.017	0	2.0	236	3.954	58	0	0	
478	7.985	0.017	0	2.0	237	3.97	59	0	0	
479	8.002	0.017	0	2.0	238	3.987	59	0	0	
480	8.019	0.017	0	2.0	239	4.005	59	0	0	
481	8.035	0.016	0	2.0	240	4.02	59	0	0	
482	8.052	0.018	0	2.0	241	4.038	60	0	0	
483	8.068	0.015	0	2.0	242	4.053	60	0	0	
484	8.086	0.018	0	2.0	243	4.071	60	0	0	
485	8.101	0.015	0	2.0	244	4.086	60	0	0	
486	8.118	0.017	0	2.0	245	4.104	61	0	0	
487	8.134	0.016	0	2.0	246	4.12	61	0	0	
488	8.152	0.018	0	2.0	247	4.138	61	0	0	
489	8.168	0.016	0	2.0	248	4.154	61	0	0	
490	8.185	0.017	0	2.0	249	4.171	62	0	0	
491	8.201	0.016	0	2.0	250	4.187	62	0	0	
492	8.219	0.018	0	2.0	251	4.205	62	0	0	
493	8.235	0.016	0	2.0	252	4.22	62	0	0	
494	8.252	0.018	0	2.0	253	4.238	63	0	0	
495	8.268	0.015	0	2.0	254	4.253	63	0	0	
496	8.285	0.017	0	2.0	255	4.27	63	0	0	
497	8.302	0.017	0	2.0	256	4.287	63	0	0	
498	8.318	0.017	0	2.0	257	4.304	64	0	0	
499	8.336	0.017	0	2.0	258	4.321	64	0	0	
500	8.352	0.016	0	2.0	259	4.337	64	0	0	
501	8.368	0.016	0	2.0	260	4.353	64	0	0	
502	8.385	0.017	0	2.0	261	4.37	65	0	0	
503	8.402	0.017	0	2.0	262	4.387	65	0	0	
504	8.418	0.017	0	2.0	263	4.404	65	0	0	
505	8.435	0.017	0	2.0	264	4.421	65	0	0	
506	8.452	0.016	0	2.0	265	4.437	66	0	0	
507	8.469	0.017	0	2.0	266	4.454	66	0	0	
508	8.485	0.017	0	2.0	267	4.471	66	0	0	
509	8.502	0.016	0	2.0	268	4.487	66	0	0	
510	8.518	0.017	0	2.0	269	4.504	67	0	0	
511	8.535	0.017	0	2.0	270	4.521	67	0	0	
512	8.552	0.016	0	2.0	271	4.537	67	0	0	
513	8.568	0.017	0	2.0	272	4.554	67	0	0	
514	8.585	0.017	0	2.0	273	4.571	68	0	0	
515	8.601	0.016	0	2.0	274	4.587	68	0	0	
516	8.619	0.018	0	2.0	275	4.605	68	0	0	
517	8.635	0.016	0	2.0	276	4.62	68	0	0	
518	8.652	0.017	0	2.0	277	4.637	69	0	0	
519	8.668	0.017	0	2.0	278	4.654	69	0	0	
520	8.685	0.017	0	2.0	279	4.671	69	0	0	
521	8.701	0.016	0	2.0	280	4.687	69	0	0	
522	8.718	0.017	0	2.0	281	4.704	70	0	0	
523	8.735	0.017	0	2.0	282	4.721	70	0	0	
524	8.752	0.016	0	2.0	283	4.737	70	0	0	
525	8.769	0.017	0	2.0	284	4.754	70	0	0	
526	8.786	0.017	0	2.0	285	4.771	71	0	0	
527	8.803	0.017	0	2.0	286	4.788	71	0	0	
528	8.818	0.016	0	2.0	287	4.804	71	0	0	
529	8.836	0.017	0	2.0	288	4.821	71	0	0	
530	8.852	0.016	0	2.0	289	4.837	72	0	0	
531	8.869	0.017	0	2.0	290	4.855	72	0	0	
532	8.885	0.016	0	2.0	291	4.87	72	0	0	
533	8.903	0.018	0	2.0	292	4.888	72	0	0	
534	8.918	0.015	0	2.0	293	4.904	73	0	0	
535	8.936	0.018	0	2.0	294	4.921	73	0	0	
536	8.952	0.016	0	2.0	295	4.937	73	0	0	
537	8.969	0.018	0	2.0	296	4.955	73	0	0	
538	8.985	0.016	0	2.0	297	4.97	74	0	0	
539	9.002	0.017	0	2.0	298	4.987	74	0	0	
540	9.018	0.016	0	2.0	299	5.004	74	0	0	
541	9.035	0.017	0	2.0	300	5.021	74	0	0	
542	9.052	0.017	0	2.0	301	5.037	75	0	0	
543	9.068	0.016	0	2.0	302	5.054	75	0	0	
544	9.085	0.017	0	2.0	303	5.071	75	0	0	
545	9.102	0.017	0	2.0	304	5.087	75	0	0	
546	9.118	0.016	0	2.0	305	5.104	76	0	0	
547	9.135	0.017	0	2.0	306	5.121	76	0	0	
548	9.152	0.016	0	2.0	307	5.137	76	0	0	
549	9.168	0.017	0	2.0	308	5.154	76	0	0	
550	9.186	0.018	0	2.0	309	5.172	77	0	0	
551	9.202	0.016	0	2.0	310	5.187	77	0	0	
552	9.219	0.018	0	2.0	311	5.205	77	0	0	
553	9.235	0.015	0	2.0	312	5.22	77	0	0	
554	9.253	0.018	0	2.0	313	5.238	78	0	0	
555	9.268	0.016	0	2.0	314	5.254	78	0	0	
556	9.286	0.018	0	2.0	315	5.272	78	0	0	
557	9.301	0.015	0	2.0	316	5.287	78	0	0	
558	9.319	0.018	0	2.0	317	5.305	79	0	0	
559	9.335	0.015	0	2.0	318	5.32	79	0	0	
560	9.352	0.018	0	2.0	319	5.338	79	0	0	
561	9.369	0.016	0	2.0	320	5.354	79	0	0	
562	9.386	0.017	0	2.0	321	5.371	80	0	0	
563	9.402	0.016	0	2.0	322	5.387	80	0	0	
564	9.418	0.017	0	2.0	323	5.404	80	0	0	
565	9.435	0.017	0	2.0	324	5.421	80	0	0	
566	9.452	0.016	0	2.0	325	5.437	81	0	0	
567	9.469	0.018	0	2.0	326	5.455	81	0	0	
568	9.485	0.015	0	2.0	327	5.47	81	0	0	
569	9.503	0.018	0	2.0	328	5.488	81	0	0	
570	9.518	0.016	0	2.0	329	5.504	82	0	0	
571	9.535	0.016	0	2.0	330	5.52	82	0	0	
572	9.552	0.018	0	2.0	331	5.538	82	0	0	
573	9.568	0.016	0	2.0	332	5.554	82	0	0	
574	9.586	0.018	0	2.0	333	5.572	83	0	0	
575	9.602	0.015	0	2.0	334	5.587	83	0	0	
576	9.619	0.017	0	2.0	335	5.604	83	0	0	
577	9.635	0.017	0	2.0	336	5.621	83	0	0	
578	9.652	0.017	0	2.0	337	5.638	84	0	0	
579	9.669	0.016	0	2.0	338	5.654	84	0	0	
580	9.685	0.017	0	2.0	339	5.671	84	0	0	
581	9.702	0.017	0	2.0	340	5.688	84	0	0	
582	9.718	0.016	0	2.0	341	5.704	85	0	0	
583	9.736	0.018	0	2.0	342	5.722	85	0	0	
584	9.752	0.016	0	2.0	343	5.738	85	0	0	
585	9.77	0.018	0	2.0	344	5.755	85	0	0	
586	9.785	0.016	0	2.0	345	5.771	86	0	0	
587	9.802	0.017	0	2.0	346	5.788	86	0	0	
588	9.819	0.016	0	2.0	347	5.804	86	0	0	
589	9.836	0.017	0	2.0	348	5.821	86	0	0	
590	9.853	0.017	0	2.0	349	5.839	87	0	0	
591	9.869	0.016	0	2.0	350	5.855	87	0	0	
592	9.886	0.017	0	2.0	351	5.871	87	0	0	
593	9.902	0.017	0	2.0	352	5.888	87	0	0	
594	9.919	0.016	0	2.0	353	5.904	88	0	0	
595	9.936	0.018	0	2.0	354	5.922	88	0	0	
596	9.951	0.015	0	2.0	355	5.937	88	0	0	
597	9.97	0.018	0	2.0	356	5.955	88	0	0	
598	9.985	0.016	0	2.0	357	5.971	89	0	0	
599	10.003	0.018	0	2.0	358	5.988	89	0	0	
600	10.018	0.016	0	2.0	359	6.004	89	0	0	
601	10.036	0.018	0	2.0	360	6.022	89	0	0	
602	10.052	0.016	0	2.0	361	6.037	90	0	0	
603	10.07	0.018	0	2.0	362	6.055	90	0	0	
604	10.085	0.015	0	2.0	363	6.07	90	0	0	
605	10.103	0.018	0	2.0	364	6.088	90	0	0	
606	10.119	0.016	0	2.0	365	6.104	91	0	0	
607	10.135	0.017	0	2.0	366	6.121	91	0	0	
608	10.152	0.017	0	2.0	367	6.137	91	0	0	
609	10.169	0.017	0	2.0	368	6.155	91	0	0	
610	10.186	0.017	0	2.0	369	6.171	92	0	0	
611	10.202	0.017	0	2.0	370	6.188	92	0	0	
612	10.218	0.016	0	2.0	371	6.204	92	0	0	
613	10.236	0.017	0	2.0	372	6.221	92	0	0	
614	10.252	0.016	0	2.0	373	6.237	93	0	0	
615	10.269	0.018	0	2.0	374	6.255	93	0	0	
616	10.285	0.016	0	2.0	375	6.271	93	0	0	
617	10.303	0.018	0	2.0	376	6.289	93	0	0	
618	10.319	0.016	0	2.0	377	6.304	94	0	0	
619	10.336	0.017	0	2.0	378	6.321	94	0	0	
620	10.352	0.017	0	2.0	379	6.338	94	0	0	
621	10.369	0.016	0	2.0	380	6.354	94	0	0	
622	10.386	0.017	0	2.0	381	6.371	95	0	0	
623	10.402	0.017	0	2.0	382	6.388	95	0	0	
624	10.419	0.016	0	2.0	383	6.404	95	0	0	
625	10.435	0.017	0	2.0	384	6.421	95	0	0	
626	10.453	0.018	0	2.0	385	6.439	96	0	0	
627	10.469	0.015	0	2.0	386	6.454	96	0	0	
628	10.486	0.018	0	2.0	387	6.472	96	0	0	
629	10.502	0.016	0	2.0	388	6.488	96	0	0	
630	10.52	0.017	0	2.0	389	6.505	97	0	0	
631	10.535	0.016	0	2.0	390	6.521	97	0	0	
632	10.553	0.018	0	2.0	391	6.539	97	0	0	
633	10.569	0.016	0	2.0	392	6.555	97	0	0	
634	10.587	0.018	0	2.0	393	6.572	98	0	0	
635	10.602	0.015	0	2.0	394	6.588	98	0	0	
636	10.619	0.017	0	2.0	395	6.605	98	0	0	
637	10.636	0.017	0	2.0	396	6.621	98	0	0	
638	10.653	0.017	0	2.0	397	6.638	99	0	0	
639	10.669	0.017	0	2.0	398	6.655	99	0	0	
640	10.686	0.016	0	2.0	399	6.671	99	0	0	
641	10.702	0.016	0	2.0	400	6.688	99	0	0	
642	10.719	0.017	0	2.0	401	6.705	100	0	0	
643	10.736	0.017	0	2.0	402	6.721	100	0	0	
644	10.753	0.017	0	2.0	403	6.738	100	0	0	
645	10.769	0.016	0	2.0	404	6.754	100	0	0	
646	10.786	0.017	0	2.0	405	6.771	101	0	0	
647	10.802	0.016	0	2.0	406	6.788	101	0	0	
648	10.819	0.017	0	2.0	407	6.805	101	0	0	
649	10.836	0.016	0	2.0	408	6.821	101	0	0	
650	10.853	0.017	0	2.0	409	6.838	102	0	0	
651	10.87	0.017	0	2.0	410	6.856	102	0	0	
652	10.885	0.015	0	2.0	411	6.871	102	0	0	
653	10.903	0.018	0	2.0	412	6.889	102	0	0	
654	10.919	0.016	0	2.0	413	6.905	103	0	0	
655	10.937	0.018	0	2.0	414	6.922	103	0	0	
656	10.952	0.016	0	2.0	415	6.938	103	0	0	
657	10.97	0.018	0	2.0	416	6.956	103	0	0	
658	10.986	0.016	0	2.0	417	6.971	104	0	0	
659	11.003	0.018	0	2.0	418	6.989	104	0	0	
660	11.019	0.016	0	2.0	419	7.005	104	0	0	
661	11.036	0.017	0	2.0	420	7.022	104	0	0	
662	11.052	0.016	0	2.0	421	7.038	105	0	0	
663	11.069	0.017	0	2.0	422	7.055	105	0	0	
664	11.086	0.016	0	2.0	423	7.071	105	0	0	
665	11.103	0.017	0	2.0	424	7.088	105	0	0	
666	11.12	0.017	0	2.0	425	7.106	106	0	0	
667	11.136	0.016	0	2.0	426	7.121	106	0	0	
668	11.152	0.017	0	2.0	427	7.138	106	0	0	
669	11.17	0.017	0	2.0	428	7.155	106	0	0	
670	11.186	0.016	0	2.0	429	7.171	107	0	0	
671	11.203	0.017	0	2.0	430	7.188	107	0	0	
672	11.219	0.017	0	2.0	431	7.205	107	0	0	
673	11.236	0.017	0	2.0	432	7.222	107	0	0	
674	11.252	0.016	0	2.0	433	7.238	108	0	0	
675	11.269	0.016	0	2.0	434	7.254	108	0	0	
676	11.286	0.017	0	2.0	435	7.272	108	0	0	
677	11.303	0.016	0	2.0	436	7.288	108	0	0	
678	11.32	0.018	0	2.0	437	7.306	109	0	0	
679	11.335	0.015	0	2.0	438	7.321	109	0	0	
680	11.353	0.018	0	2.0	439	7.339	109	0	0	
681	11.369	0.016	0	2.0	440	7.355	109	0	0	
682	11.386	0.017	0	2.0	441	7.371	110	0	0	
683	11.402	0.017	0	2.0	442	7.388	110	0	0	
684	11.42	0.018	0	2.0	443	7.406	110	0	0	
685	11.435	0.015	0	2.0	444	7.421	110	0	0	
686	11.454	0.018	0	2.0	445	7.439	111	0	0	
687	11.469	0.016	0	2.0	446	7.455	111	0	0	
688	11.486	0.017	0	2.0	447	7.472	111	0	0	
689	11.502	0.016	0	2.0	448	7.487	111	0	0	
690	11.52	0.018	0	2.0	449	7.505	112	0	0	
691	11.537	0.018	0	2.0	450	7.523	112	0	0	
692	11.553	0.016	0	2.0	451	7.538	112	0	0	
693	11.57	0.017	0	2.0	452	7.555	112	0	0	
694	11.586	0.017	0	2.0	453	7.572	113	0	0	
695	11.603	0.016	0	2.0	454	7.588	113	0	0	
696	11.619	0.017	0	2.0	455	7.605	113	0	0	
697	11.636	0.017	0	2.0	456	7.622	113	0	0	
698	11.653	0.017	0	2.0	457	7.638	114	0	0	
699	11.669	0.017	0	2.0	458	7.655	114	0	0	
700	11.686	0.017	0	2.0	459	7.672	114	0	0	
701	11.703	0.017	0	2.0	460	7.688	114	0	0	
702	11.719	0.017	0	2.0	461	7.705	115	0	0	
703	11.736	0.017	0	2.0	462	7.722	115	0	0	
704	11.753	0.016	0	2.0	463	7.738	115	0	0	
705	11.77	0.018	0	2.0	464	7.756	115	0	0	
706	11.786	0.016	0	2.0	465	7.771	116	0	0	
707	11.804	0.018	0	2.0	466	7.789	116	0	0	
708	11.819	0.016	0	2.0	467	7.805	116	0	0	
709	11.836	0.017	0	2.0	468	7.822	116	0	0	
710	11.853	0.016	0	2.0	469	7.838	117	0	0	
711	11.87	0.017	0	2.0	470	7.855	117	0	0	
712	11.886	0.017	0	2.0	471	7.872	117	0	0	
713	11.903	0.017	0	2.0	472	7.888	117	0	0	
714	11.919	0.016	0	2.0	473	7.905	118	0	0	
715	11.936	0.017	0	2.0	474	7.922	118	0	0	
716	11.952	0.016	0	2.0	475	7.938	118	0	0	
717	11.969	0.017	0	2.0	476	7.955	118	0	0	
718	11.987	0.017	0	2.0	477	7.972	119	0	0	
719	12.003	0.016	0	2.0	478	7.988	119	0	0	
720	12.019	0.017	0	2.0	479	8.005	119	0	0	
721	12.036	0.016	0	2.0	480	8.021	119	0	0	
722	12.055	0.019	0	2.0	481	8.04	120	0	0	
723	12.071	0.016	0	2.0	482	8.057	120	0	0	
724	12.088	0.017	0	2.0	483	8.073	120	0	0	
725	12.105	0.017	0	2.0	484	8.09	120	0	0	
726	12.121	0.016	0	2.0	485	8.106	121	0	0	
727	12.139	0.019	0	2.0	486	8.125	121	0	0	
728	12.154	0.015	0	2.0	487	8.14	121	0	0	
729	12.171	0.017	0	2.0	488	8.157	121	0	0	
730	12.187	0.016	0	2.0	489	8.173	122	0	0	
731	12.205	0.018	0	2.0	490	8.191	122	0	0	
732	12.221	0.016	0	2.0	491	8.207	122	0	0	
733	12.238	0.017	0	2.0	492	8.223	122	0	0	
734	12.255	0.017	0	2.0	493	8.24	123	0	0	
735	12.271	0.016	0	2.0	494	8.256	123	0	0	
736	12.289	0.018	0	2.0	495	8.274	123	0	0	
737	12.304	0.016	0	2.0	496	8.29	123	0	0	
738	12.321	0.017	0	2.0	497	8.307	124	0	0	
739	12.337	0.016	0	2.0	498	8.323	124	0	0	
740	12.355	0.018	0	2.0	499	8.341	124	0	0	
741	12.371	0.016	0	2.0	500	8.357	124	0	0	
742	12.388	0.017	0	2.0	501	8.374	125	0	0	
743	12.405	0.016	0	2.0	502	8.39	125	0	0	
744	12.421	0.017	0	2.0	503	8.407	125	0	0	
745	12.438	0.016	0	2.0	504	8.423	125	0	0	
746	12.455	0.018	0	2.0	505	8.441	126	0	0	
747	12.471	0.016	0	2.0	506	8.456	126	0	0	
748	12.488	0.018	0	2.0	507	8.474	126	0	0	
749	12.504	0.016	0	2.0	508	8.49	126	0	0	
750	12.521	0.017	0	2.0	509	8.507	127	0	0	
751	12.538	0.017	0	2.0	510	8.523	127	0	0	
752	12.554	0.017	0	2.0	511	8.54	127	0	0	
753	12.571	0.017	0	2.0	512	8.557	127	0	0	
754	12.588	0.016	0	2.0	513	8.573	128	0	0	
755	12.608	0.02	0	2.0	514	8.593	128	0	0	
756	12.621	0.013	0	2.0	515	8.606	128	0	0	
757	12.639	0.018	0	2.0	516	8.624	128	0	0	
758	12.654	0.016	0	2.0	517	8.64	129	0	0	
759	12.672	0.017	0	2.0	518	8.657	129	0	0	
760	12.688	0.017	0	2.0	519	8.674	129	0	0	
761	12.705	0.016	0	2.0	520	8.69	129	0	0	
762	12.721	0.017	0	2.0	521	8.707	130	0	0	
763	12.739	0.018	0	2.0	522	8.725	130	0	0	
764	12.754	0.015	0	2.0	523	8.74	130	0	0	
765	12.771	0.017	0	2.0	524	8.757	130	0	0	
766	12.788	0.017	0	2.0	525	8.773	131	0	0	
767	12.805	0.017	0	2.0	526	8.79	131	0	0	
768	12.822	0.017	0	2.0	527	8.807	131	0	0	
769	12.838	0.016	0	2.0	528	8.823	131	0	0	
770	12.855	0.018	0	2.0	529	8.841	132	0	0	
771	12.871	0.016	0	2.0	530	8.857	132	0	0	
772	12.888	0.017	0	2.0	531	8.873	132	0	0	
773	12.905	0.017	0	2.0	532	8.89	132	0	0	
774	12.922	0.018	0	2.0	533	8.908	133	0	0	
775	12.938	0.015	0	2.0	534	8.923	133	0	0	
776	12.955	0.017	0	2.0	535	8.94	133	0	0	
777	12.972	0.017	0	2.0	536	8.957	133	0	0	
778	12.988	0.017	0	2.0	537	8.974	134	0	0	
779	13.005	0.017	0	2.0	538	8.99	134	0	0	
780	13.022	0.018	0	2.0	539	9.008	134	0	0	
781	13.038	0.016	0	2.0	540	9.024	134	0	0	
782	13.055	0.017	0	2.0	541	9.041	135	0	0	
783	13.072	0.017	0	2.0	542	9.058	135	0	0	
784	13.088	0.016	0	2.0	543	9.073	135	0	0	
785	13.105	0.018	0	2.0	544	9.091	135	0	0	
786	13.121	0.016	0	2.0	545	9.106	136	0	0	
787	13.139	0.018	0	2.0	546	9.124	136	0	0	
788	13.154	0.016	0	2.0	547	9.14	136	0	0	
789	13.172	0.017	0	2.0	548	9.157	136	0	0	
790	13.188	0.016	0	2.0	549	9.173	137	0	0	
791	13.205	0.017	0	2.0	550	9.19	137	0	0	
792	13.221	0.016	0	2.0	551	9.207	137	0	0	
793	13.238	0.017	0	2.0	552	9.223	137	0	0	
794	13.255	0.017	0	2.0	553	9.24	138	0	0	
795	13.271	0.017	0	2.0	554	9.257	138	0	0	
796	13.288	0.017	0	2.0	555	9.274	138	0	0	
797	13.304	0.016	0	2.0	556	9.29	138	0	0	
798	13.322	0.018	0	2.0	557	9.308	139	0	0	
799	13.338	0.016	0	2.0	558	9.323	139	0	0	
800	13.355	0.018	0	2.0	559	9.341	139	0	0	
801	13.371	0.016	0	2.0	560	9.357	139	0	0	
802	13.388	0.017	0	2.0	561	9.373	140	0	0	
803	13.405	0.017	0	2.0	562	9.39	140	0	0	
804	13.421	0.017	0	2.0	563	9.407	140	0	0	
805	13.438	0.017	0	2.0	564	9.424	140	0	0	
806	13.454	0.016	0	2.0	565	9.44	141	0	0	
807	13.472	0.018	0	2.0	566	9.458	141	0	0	
808	13.488	0.016	0	2.0	567	9.473	141	0	0	
809	13.505	0.017	0	2.0	568	9.49	141	0	0	
810	13.522	0.017	0	2.0	569	9.507	142	0	0	
811	13.538	0.017	0	2.0	570	9.524	142	0	0	
812	13.555	0.016	0	2.0	571	9.54	142	0	0	
813	13.572	0.017	0	2.0	572	9.557	142	0	0	
814	13.588	0.017	0	2.0	573	9.574	143	0	0	
815	13.604	0.016	0	2.0	574	9.59	143	0	0	
816	13.622	0.018	0	2.0	575	9.608	143	0	0	
817	13.638	0.016	0	2.0	576	9.624	143	0	0	
818	13.656	0.018	0	2.0	577	9.641	144	0	0	
819	13.671	0.015	0	2.0	578	9.656	144	0	0	
820	13.688	0.017	0	2.0	579	9.674	144	0	0	
821	13.705	0.016	0	2.0	580	9.69	144	0	0	
822	13.721	0.017	0	2.0	581	9.707	145	0	0	
823	13.738	0.017	0	2.0	582	9.724	145	0	0	
824	13.755	0.016	0	2.0	583	9.74	145	0	0	
825	13.772	0.018	0	2.0	584	9.758	145	0	0	
826	13.788	0.016	0	2.0	585	9.773	146	0	0	
827	13.805	0.018	0	2.0	586	9.791	146	0	0	
828	13.821	0.016	0	2.0	587	9.807	146	0	0	
829	13.839	0.017	0	2.0	588	9.824	146	0	0	
830	13.854	0.016	0	2.0	589	9.84	147	0	0	
831	13.872	0.018	0	2.0	590	9.858	147	0	0	
832	13.888	0.016	0	2.0	591	9.873	147	0	0	
833	13.906	0.018	0	2.0	592	9.891	147	0	0	
834	13.921	0.016	0	2.0	593	9.907	148	0	0	
835	13.943	0.022	0	2.0	594	9.929	148	0	0	
836	13.954	0.011	0	2.0	595	9.94	148	0	0	
837	13.972	0.017	0	2.0	596	9.957	148	0	0	
838	13.988	0.017	0	2.0	597	9.974	149	0	0	
839	14.005	0.017	0	2.0	598	9.99	149	0	0	
840	14.022	0.017	0	2.0	599	10.007	149	0	0	
841	14.038	0.017	0	2.0	600	10.024	149	0	0	
842	14.055	0.017	0	2.0	601	10.04	150	0	0	
843	14.072	0.017	0	2.0	602	10.057	150	0	0	
844	14.088	0.016	0	2.0	603	10.074	150	0	0	
845	14.105	0.017	0	2.0	604	10.09	150	0	0	
846	14.124	0.019	0	2.0	605	10.109	151	0	0	
847	14.138	0.014	0	2.0	606	10.123	151	0	0	
848	14.155	0.017	0	2.0	607	10.14	151	0	0	
849	14.172	0.017	0	2.0	608	10.157	151	0	0	
850	14.188	0.017	0	2.0	609	10.174	152	0	0	
851	14.205	0.017	0	2.0	610	10.191	152	0	0	
852	14.222	0.017	0	2.0	611	10.207	152	0	0	
853	14.239	0.017	0	2.0	612	10.224	152	0	0	
854	14.255	0.016	0	2.0	613	10.24	153	0	0	
855	14.273	0.018	0	2.0	614	10.258	153	0	0	
856	14.288	0.015	0	2.0	615	10.274	153	0	0	
857	14.305	0.017	0	2.0	616	10.291	153	0	0	
858	14.321	0.016	0	2.0	617	10.307	154	0	0	
859	14.339	0.018	0	2.0	618	10.325	154	0	0	
860	14.355	0.016	0	2.0	619	10.34	154	0	0	
861	14.373	0.018	0	2.0	620	10.358	154	0	0	
862	14.388	0.015	0	2.0	621	10.374	155	0	0	
863	14.405	0.017	0	2.0	622	10.391	155	0	0	
864	14.422	0.017	0	2.0	623	10.407	155	0	0	
865	14.438	0.017	0	2.0	624	10.424	155	0	0	
866	14.455	0.017	0	2.0	625	10.44	156	0	0	
867	14.472	0.017	0	2.0	626	10.457	156	0	0	
868	14.488	0.017	0	2.0	627	10.474	156	0	0	
869	14.505	0.017	0	2.0	628	10.491	156	0	0	
870	14.522	0.016	0	2.0	629	10.507	157	0	0	
871	14.54	0.018	0	2.0	630	10.525	157	0	0	
872	14.555	0.015	0	2.0	631	10.54	157	0	0	
873	14.573	0.018	0	2.0	632	10.558	157	0	0	
874	14.588	0.016	0	2.0	633	10.574	158	0	0	
875	14.605	0.017	0	2.0	634	10.591	158	0	0	
876	14.622	0.016	0	2.0	635	10.607	158	0	0	
877	14.639	0.018	0	2.0	636	10.625	158	0	0	
878	14.655	0.016	0	2.0	637	10.64	159	0	0	
879	14.673	0.018	0	2.0	638	10.658	159	0	0	
880	14.688	0.016	0	2.0	639	10.674	159	0	0	
881	14.706	0.017	0	2.0	640	10.691	159	0	0	
882	14.722	0.016	0	2.0	641	10.707	160	0	0	
883	14.739	0.018	0	2.0	642	10.725	160	0	0	
884	14.755	0.016	0	2.0	643	10.741	160	0	0	
885	14.772	0.017	0	2.0	644	10.757	160	0	0	
886	14.788	0.017	0	2.0	645	10.774	161	0	0	
887	14.805	0.017	0	2.0	646	10.791	161	0	0	
888	14.822	0.017	0	2.0	647	10.808	161	0	0	
889	14.839	0.017	0	2.0	648	10.824	161	0	0	
890	14.855	0.017	0	2.0	649	10.841	162	0	0	
891	14.871	0.016	0	2.0	650	10.857	162	0	0	
892	14.889	0.017	0	2.0	651	10.874	162	0	0	
893	14.905	0.016	0	2.0	652	10.891	162	0	0	
894	14.922	0.017	0	2.0	653	10.907	163	0	0	
895	14.939	0.017	0	2.0	654	10.924	163	0	0	
896	14.956	0.018	0	2.0	655	10.942	163	0	0	
897	14.972	0.015	0	2.0	656	10.957	163	0	0	
898	14.989	0.018	0	2.0	657	10.975	164	0	0	
899	15.005	0.016	0	2.0	658	10.991	164	0	0	
900	15.022	0.017	0	2.0	659	11.008	164	0	0	
901	15.039	0.016	0	2.0	660	11.024	164	0	0	
902	15.055	0.017	0	2.0	661	11.041	165	0	0	
903	15.072	0.016	0	2.0	662	11.057	165	0	0	
904	15.089	0.017	0	2.0	663	11.074	165	0	0	
905	15.105	0.017	0	2.0	664	11.091	165	0	0	
906	15.122	0.016	0	2.0	665	11.107	166	0	0	
907	15.14	0.018	0	2.0	666	11.125	166	0	0	
908	15.155	0.015	0	2.0	667	11.14	166	0	0	
909	15.172	0.017	0	2.0	668	11.157	166	0	0	
910	15.189	0.017	0	2.0	669	11.174	167	0	0	
911	15.205	0.016	0	2.0	670	11.191	167	0	0	
912	15.222	0.017	0	2.0	671	11.208	167	0	0	
913	15.239	0.017	0	2.0	672	11.224	167	0	0	
914	15.255	0.017	0	2.0	673	11.241	168	0	0	
915	15.272	0.017	0	2.0	674	11.257	168	0	0	
916	15.289	0.017	0	2.0	675	11.274	168	0	0	
917	15.305	0.017	0	2.0	676	11.291	168	0	0	
918	15.322	0.017	0	2.0	677	11.307	169	0	0	
919	15.339	0.017	0	2.0	678	11.324	169	0	0	
920	15.356	0.017	0	2.0	679	11.341	169	0	0	
921	15.372	0.017	0	2.0	680	11.358	169	0	0	
922	15.388	0.016	0	2.0	681	11.374	170	0	0	
923	15.406	0.018	0	2.0	682	11.392	170	0	0	
924	15.422	0.016	0	2.0	683	11.407	170	0	0	
925	15.439	0.018	0	2.0	684	11.425	170	0	0	
926	15.455	0.015	0	2.0	685	11.44	171	0	0	
927	15.473	0.018	0	2.0	686	11.458	171	0	0	
928	15.488	0.016	0	2.0	687	11.474	171	0	0	
929	15.505	0.017	0	2.0	688	11.491	171	0	0	
930	15.522	0.017	0	2.0	689	11.508	172	0	0	
931	15.538	0.016	0	2.0	690	11.524	172	0	0	
932	15.556	0.018	0	2.0	691	11.542	172	0	0	
933	15.572	0.016	0	2.0	692	11.557	172	0	0	
934	15.589	0.018	0	2.0	693	11.575	173	0	0	
935	15.606	0.016	0	2.0	694	11.591	173	0	0	
936	15.622	0.017	0	2.0	695	11.608	173	0	0	
937	15.638	0.016	0	2.0	696	11.624	173	0	0	
938	15.656	0.018	0	2.0	697	11.642	174	0	0	
939	15.672	0.016	0	2.0	698	11.658	174	0	0	
940	15.689	0.017	0	2.0	699	11.674	174	0	0	
941	15.705	0.017	0	2.0	700	11.691	174	0	0	
942	15.722	0.017	0	2.0	701	11.708	175	0	0	
943	15.739	0.017	0	2.0	702	11.725	175	0	0	
944	15.756	0.017	0	2.0	703	11.741	175	0	0	
945	15.772	0.016	0	2.0	704	11.758	175	0	0	
946	15.789	0.016	0	2.0	705	11.774	176	0	0	
947	15.805	0.017	0	2.0	706	11.791	176	0	0	
948	15.823	0.018	0	2.0	707	11.809	176	0	0	
949	15.838	0.015	0	2.0	708	11.824	176	0	0	
950	15.856	0.018	0	2.0	709	11.842	177	0	0	
951	15.872	0.016	0	2.0	710	11.857	177	0	0	
952	15.89	0.018	0	2.0	711	11.875	177	0	0	
953	15.905	0.016	0	2.0	712	11.891	177	0	0	
954	15.923	0.018	0	2.0	713	11.909	178	0	0	
955	15.939	0.015	0	2.0	714	11.924	178	0	0	
956	15.957	0.018	0	2.0	715	11.942	178	0	0	
957	15.972	0.015	0	2.0	716	11.958	178	0	0	
958	15.99	0.018	0	2.0	717	11.975	179	0	0	
959	16.005	0.016	0	2.0	718	11.991	179	0	0	
960	16.022	0.017	0	2.0	719	12.008	179	0	0	
961	16.039	0.017	0	2.0	720	12.025	179	0	0	
962	16.056	0.017	0	2.0	721	12.042	180	0	0	
963	16.073	0.017	0	2.0	722	12.058	180	0	0	
964	16.089	0.017	0	2.0	723	12.075	180	0	0	
965	16.106	0.017	0	2.0	724	12.092	180	0	0	
966	16.123	0.016	0	2.0	725	12.108	181	0	0	
967	16.139	0.016	0	2.0	726	12.124	181	0	0	
968	16.156	0.018	0	2.0	727	12.142	181	0	0	
969	16.172	0.016	0	2.0	728	12.158	181	0	0	
970	16.19	0.018	0	2.0	729	12.176	182	0	0	
971	16.206	0.015	0	2.0	730	12.191	182	0	0	
972	16.223	0.017	0	2.0	731	12.208	182	0	0	
973	16.24	0.017	0	2.0	732	12.225	182	0	0	
974	16.256	0.017	0	2.0	733	12.242	183	0	0	
975	16.273	0.017	0	2.0	734	12.258	183	0	0	
976	16.29	0.017	0	2.0	735	12.275	183	0	0	
977	16.306	0.016	0	2.0	736	12.292	183	0	0	
978	16.324	0.018	0	2.0	737	12.309	184	0	0	
979	16.339	0.015	0	2.0	738	12.325	184	0	0	
980	16.356	0.017	0	2.0	739	12.342	184	0	0	
981	16.373	0.016	0	2.0	740	12.358	184	0	0	
982	16.39	0.018	0	2.0	741	12.376	185	0	0	
983	16.406	0.015	0	2.0	742	12.391	185	0	0	
984	16.424	0.018	0	2.0	743	12.409	185	0	0	
985	16.439	0.016	0	2.0	744	12.425	185	0	0	
986	16.456	0.017	0	2.0	745	12.442	186	0	0	
987	16.473	0.017	0	2.0	746	12.458	186	0	0	
988	16.489	0.016	0	2.0	747	12.475	186	0	0	
989	16.506	0.017	0	2.0	748	12.492	186	0	0	
990	16.523	0.016	0	2.0	749	12.508	187	0	0	
991	16.54	0.018	0	2.0	750	12.526	187	0	0	
992	16.556	0.016	0	2.0	751	12.542	187	0	0	
993	16.574	0.018	0	2.0	752	12.559	187	0	0	
994	16.589	0.016	0	2.0	753	12.575	188	0	0	
995	16.606	0.017	0	2.0	754	12.592	188	0	0	
996	16.622	0.016	0	2.0	755	12.608	188	0	0	
997	16.64	0.018	0	2.0	756	12.626	188	0	0	
998	16.656	0.016	0	2.0	757	12.641	189	0	0	
999	16.673	0.017	0	2.0	758	12.658	189	0	0	
1000	16.69	0.017	0	2.0	759	12.675	189	0	0	
1001	16.707	0.017	0	2.0	760	12.692	189	0	0	
1002	16.723	0.017	0	2.0	761	12.709	190	0	0	
1003	16.739	0.016	0	2.0	762	12.725	190	0	0	
1004	16.756	0.017	0	2.0	763	12.742	190	0	0	
1005	16.773	0.017	0	2.0	764	12.759	190	0	0	
1006	16.79	0.017	0	2.0	765	12.775	191	0	0	
1007	16.806	0.016	0	2.0	766	12.791	191	0	0	
1008	16.823	0.017	0	2.0	767	12.808	191	0	0	
1009	16.84	0.017	0	2.0	768	12.825	191	0	0	
1010	16.857	0.017	0	2.0	769	12.842	192	0	0	
1011	16.873	0.016	0	2.0	770	12.858	192	0	0	
1012	16.89	0.017	0	2.0	771	12.875	192	0	0	
1013	16.906	0.016	0	2.0	772	12.891	192	0	0	
1014	16.924	0.018	0	2.0	773	12.909	193	0	0	
1015	16.939	0.015	0	2.0	774	12.925	193	0	0	
1016	16.957	0.018	0	2.0	775	12.943	193	0	0	
1017	16.973	0.015	0	2.0	776	12.958	193	0	0	
1018	16.99	0.017	0	2.0	777	12.976	194	0	0	
1019	17.006	0.016	0	2.0	778	12.991	194	0	0	
1020	17.023	0.018	0	2.0	779	13.009	194	0	0	
1021	17.039	0.016	0	2.0	780	13.025	194	0	0	
1022	17.059	0.019	0	2.0	781	13.044	195	0	0	
1023	17.074	0.015	0	2.0	782	13.06	195	0	0	
1024	17.092	0.018	0	2.0	783	13.077	195	0	0	
1025	17.108	0.016	0	2.0	784	13.093	195	0	0	
1026	17.125	0.017	0	2.0	785	13.11	196	0	0	
1027	17.141	0.017	0	2.0	786	13.127	196	0	0	
1028	17.157	0.016	0	2.0	787	13.143	196	0	0	
1029	17.175	0.018	0	2.0	788	13.161	196	0	0	
1030	17.191	0.016	0	2.0	789	13.176	197	0	0	
1031	17.208	0.018	0	2.0	790	13.194	197	0	0	
1032	17.224	0.016	0	2.0	791	13.21	197	0	0	
1033	17.242	0.017	0	2.0	792	13.227	197	0	0	
1034	17.258	0.016	0	2.0	793	13.243	198	0	0	
1035	17.276	0.018	0	2.0	794	13.261	198	0	0	
1036	17.291	0.015	0	2.0	795	13.276	198	0	0	
1037	17.308	0.018	0	2.0	796	13.294	198	0	0	
1038	17.325	0.016	0	2.0	797	13.31	199	0	0	
1039	17.341	0.017	0	2.0	798	13.327	199	0	0	
1040	17.358	0.016	0	2.0	799	13.343	199	0	0	
1041	17.374	0.017	0	2.0	800	13.36	199	0	0	
1042	17.391	0.017	0	2.0	801	13.377	200	0	0	
1043	17.407	0.016	0	2.0	802	13.393	200	0	0	
1044	17.424	0.017	0	2.0	803	13.41	200	0	0	
1045	17.441	0.017	0	2.0	804	13.427	200	0	0	
1046	17.458	0.017	0	2.0	805	13.443	201	0	0	
1047	17.475	0.017	0	2.0	806	13.461	201	0	0	
1048	17.491	0.016	0	2.0	807	13.477	201	0	0	
1049	17.508	0.017	0	2.0	808	13.494	201	0	0	
1050	17.524	0.016	0	2.0	809	13.51	202	0	0	
1051	17.541	0.017	0	2.0	810	13.527	202	0	0	
1052	17.559	0.017	0	2.0	811	13.544	202	0	0	
1053	17.575	0.017	0	2.0	812	13.561	202	0	0	
1054	17.591	0.016	0	2.0	813	13.577	203	0	0	
1055	17.608	0.017	0	2.0	814	13.594	203	0	0	
1056	17.625	0.017	0	2.0	815	13.61	203	0	0	
1057	17.642	0.017	0	2.0	816	13.627	203	0	0	
1058	17.658	0.017	0	2.0	817	13.644	204	0	0	
1059	17.675	0.016	0	2.0	818	13.66	204	0	0	
1060	17.691	0.017	0	2.0	819	13.677	204	0	0	
1061	17.709	0.017	0	2.0	820	13.694	204	0	0	
1062	17.725	0.016	0	2.0	821	13.711	205	0	0	
1063	17.742	0.017	0	2.0	822	13.727	205	0	0	
1064	17.759	0.018	0	2.0	823	13.745	205	0	0	
1065	17.775	0.016	0	2.0	824	13.76	205	0	0	
1066	17.792	0.018	0	2.0	825	13.778	206	0	0	
1067	17.808	0.016	0	2.0	826	13.794	206	0	0	
1068	17.825	0.016	0	2.0	827	13.81	206	0	0	
1069	17.842	0.017	0	2.0	828	13.827	206	0	0	
1070	17.859	0.017	0	2.0	829	13.844	207	0	0	
1071	17.875	0.016	0	2.0	830	13.861	207	0	0	
1072	17.891	0.016	0	2.0	831	13.877	207	0	0	
1073	17.909	0.018	0	2.0	832	13.895	207	0	0	
1074	17.925	0.016	0	2.0	833	13.91	208	0	0	
1075	17.943	0.018	0	2.0	834	13.928	208	0	0	
1076	17.958	0.016	0	2.0	835	13.944	208	0	0	
1077	17.975	0.017	0	2.0	836	13.961	208	0	0	
1078	17.992	0.016	0	2.0	837	13.977	209	0	0	
1079	18.008	0.016	0	2.0	838	13.994	209	0	0	
1080	18.025	0.017	0	2.0	839	14.011	209	0	0	
1081	18.042	0.017	0	2.0	840	14.027	209	0	0	
1082	18.059	0.017	0	2.0	841	14.044	210	0	0	
1083	18.075	0.017	0	2.0	842	14.061	210	0	0	
1084	18.091	0.016	0	2.0	843	14.077	210	0	0	
1085	18.109	0.018	0	2.0	844	14.095	210	0	0	
1086	18.125	0.015	0	2.0	845	14.11	211	0	0	
1087	18.143	0.018	0	2.0	846	14.128	211	0	0	
1088	18.158	0.015	0	2.0	847	14.144	211	0	0	
1089	18.175	0.017	0	2.0	848	14.161	211	0	0	
1090	18.191	0.016	0	2.0	849	14.177	212	0	0	
1091	18.209	0.018	0	2.0	850	14.195	212	0	0	
1092	18.225	0.015	0	2.0	851	14.21	212	0	0	
1093	18.242	0.018	0	2.0	852	14.228	212	0	0	
1094	18.258	0.016	0	2.0	853	14.244	213	0	0	
1095	18.276	0.018	0	2.0	854	14.262	213	0	0	
1096	18.291	0.015	0	2.0	855	14.277	213	0	0	
1097	18.309	0.018	0	2.0	856	14.295	213	0	0	
1098	18.325	0.016	0	2.0	857	14.311	214	0	0	
1099	18.342	0.017	0	2.0	858	14.328	214	0	0	
1100	18.359	0.017	0	2.0	859	14.344	214	0	0	
1101	18.375	0.017	0	2.0	860	14.361	214	0	0	
1102	18.392	0.016	0	2.0	861	14.377	215	0	0	
1103	18.409	0.017	0	2.0	862	14.394	215	0	0	
1104	18.425	0.017	0	2.0	863	14.411	215	0	0	
1105	18.442	0.017	0	2.0	864	14.428	215	0	0	
1106	18.458	0.016	0	2.0	865	14.444	216	0	0	
1107	18.475	0.017	0	2.0	866	14.461	216	0	0	
1108	18.492	0.016	0	2.0	867	14.477	216	0	0	
1109	18.509	0.018	0	2.0	868	14.495	216	0	0	
1110	18.525	0.016	0	2.0	869	14.511	217	0	0	
1111	18.543	0.018	0	2.0	870	14.528	217	0	0	
1112	18.558	0.016	0	2.0	871	14.544	217	0	0	
1113	18.576	0.018	0	2.0	872	14.562	217	0	0	
1114	18.592	0.016	0	2.0	873	14.577	218	0	0	
1115	18.61	0.018	0	2.0	874	14.595	218	0	0	
1116	18.625	0.016	0	2.0	875	14.611	218	0	0	
1117	18.643	0.018	0	2.0	876	14.628	218	0	0	
1118	18.658	0.016	0	2.0	877	14.644	219	0	0	
1119	18.675	0.017	0	2.0	878	14.66	219	0	0	
1120	18.692	0.017	0	2.0	879	14.677	219	0	0	
1121	18.708	0.017	0	2.0	880	14.694	219	0	0	
1122	18.725	0.017	0	2.0	881	14.71	220	0	0	
1123	18.742	0.017	0	2.0	882	14.727	220	0	0	
1124	18.759	0.017	0	2.0	883	14.744	220	0	0	
1125	18.775	0.016	0	2.0	884	14.76	220	0	0	
1126	18.792	0.017	0	2.0	885	14.777	221	0	0	
1127	18.808	0.017	0	2.0	886	14.794	221	0	0	
1128	18.826	0.017	0	2.0	887	14.811	221	0	0	
1129	18.842	0.016	0	2.0	888	14.827	221	0	0	
1130	18.859	0.017	0	2.0	889	14.845	222	0	0	
1131	18.875	0.016	0	2.0	890	14.861	222	0	0	
1132	18.892	0.017	0	2.0	891	14.878	222	0	0	
1133	18.908	0.017	0	2.0	892	14.894	222	0	0	
1134	18.925	0.017	0	2.0	893	14.911	223	0	0	
1135	18.942	0.016	0	2.0	894	14.927	223	0	0	
1136	18.958	0.017	0	2.0	895	14.944	223	0	0	
1137	18.975	0.017	0	2.0	896	14.961	223	0	0	
1138	18.992	0.017	0	2.0	897	14.977	224	0	0	
1139	19.009	0.017	0	2.0	898	14.994	224	0	0	
1140	19.025	0.017	0	2.0	899	15.011	224	0	0	
1141	19.042	0.017	0	2.0	900	15.028	224	0	0	
1142	19.059	0.016	0	2.0	901	15.044	225	0	0	
1143	19.076	0.017	0	2.0	902	15.061	225	0	0	
1144	19.092	0.017	0	2.0	903	15.078	225	0	0	
1145	19.109	0.016	0	2.0	904	15.094	225	0	0	
1146	19.125	0.016	0	2.0	905	15.111	226	0	0	
1147	19.143	0.018	0	2.0	906	15.128	226	0	0	
1148	19.158	0.016	0	2.0	907	15.144	226	0	0	
1149	19.175	0.017	0	2.0	908	15.161	226	0	0	
1150	19.192	0.017	0	2.0	909	15.178	227	0	0	
1151	19.209	0.017	0	2.0	910	15.194	227	0	0	
1152	19.225	0.016	0	2.0	911	15.211	227	0	0	
1153	19.242	0.017	0	2.0	912	15.228	227	0	0	
1154	19.259	0.016	0	2.0	913	15.244	228	0	0	
1155	19.275	0.016	0	2.0	914	15.261	228	0	0	
1156	19.292	0.017	0	2.0	915	15.277	228	0	0	
1157	19.309	0.017	0	2.0	916	15.294	228	0	0	
1158	19.325	0.017	0	2.0	917	15.311	229	0	0	
1159	19.342	0.016	0	2.0	918	15.327	229	0	0	
1160	19.359	0.017	0	2.0	919	15.344	229	0	0	
1161	19.375	0.017	0	2.0	920	15.361	229	0	0	
1162	19.392	0.016	0	2.0	921	15.377	230	0	0	
1163	19.409	0.017	0	2.0	922	15.395	230	0	0	
1164	19.425	0.016	0	2.0	923	15.411	230	0	0	
1165	19.442	0.017	0	2.0	924	15.428	230	0	0	
1166	19.459	0.017	0	2.0	925	15.444	231	0	0	
1167	19.475	0.017	0	2.0	926	15.461	231	0	0	
1168	19.492	0.017	0	2.0	927	15.477	231	0	0	
1169	19.509	0.017	0	2.0	928	15.494	231	0	0	
1170	19.525	0.017	0	2.0	929	15.511	232	0	0	
1171	19.542	0.016	0	2.0	930	15.527	232	0	0	
1172	19.559	0.017	0	2.0	931	15.544	232	0	0	
1173	19.576	0.017	0	2.0	932	15.561	232	0	0	
1174	19.592	0.017	0	2.0	933	15.578	233	0	0	
1175	19.609	0.016	0	2.0	934	15.594	233	0	0	
1176	19.626	0.017	0	2.0	935	15.611	233	0	0	
1177	19.642	0.016	0	2.0	936	15.627	233	0	0	
1178	19.659	0.018	0	2.0	937	15.645	234	0	0	
1179	19.675	0.016	0	2.0	938	15.661	234	0	0	
1180	19.693	0.018	0	2.0	939	15.678	234	0	0	
1181	19.708	0.016	0	2.0	940	15.694	234	0	0	
1182	19.725	0.017	0	2.0	941	15.711	235	0	0	
1183	19.742	0.017	0	2.0	942	15.727	235	0	0	
1184	19.759	0.017	0	2.0	943	15.744	235	0	0	
1185	19.775	0.017	0	2.0	944	15.761	235	0	0	
1186	19.792	0.017	0	2.0	945	15.778	236	0	0	
1187	19.809	0.017	0	2.0	946	15.794	236	0	0	
1188	19.825	0.017	0	2.0	947	15.811	236	0	0	
1189	19.842	0.016	0	2.0	948	15.827	236	0	0	
1190	19.859	0.017	0	2.0	949	15.844	237	0	0	
1191	19.876	0.017	0	2.0	950	15.862	237	0	0	
1192	19.892	0.016	0	2.0	951	15.877	237	0	0	
1193	19.909	0.017	0	2.0	952	15.894	237	0	0	
1194	19.925	0.016	0	2.0	953	15.911	238	0	0	
1195	19.942	0.017	0	2.0	954	15.928	238	0	0	
1196	19.959	0.016	0	2.0	955	15.944	238	0	0	
1197	19.976	0.017	0	2.0	956	15.961	238	0	0	
1198	19.993	0.017	0	2.0	957	15.978	239	0	0	
1199	20.009	0.017	0	2.0	958	15.995	239	0	0	
1200	20.026	0.017	0	2.0	959	16.011	239	0	0	
1201	20.043	0.017	0	2.0	960	16.028	239	0	0	
1202	20.059	0.016	0	2.0	961	16.045	240	0	0	
1203	20.076	0.017	0	2.0	962	16.062	240	0	0	
1204	20.092	0.016	0	2.0	963	16.078	240	0	0	
1205	20.109	0.017	0	2.0	964	16.095	240	0	0	
1206	20.126	0.016	0	2.0	965	16.111	241	0	0	
1207	20.142	0.016	0	2.0	966	16.128	241	0	0	
1208	20.159	0.017	0	2.0	967	16.144	241	0	0	
1209	20.175	0.017	0	2.0	968	16.161	241	0	0	
1210	20.192	0.017	0	2.0	969	16.178	242	0	0	
1211	20.208	0.016	0	2.0	970	16.194	242	0	0	
1212	20.226	0.018	0	2.0	971	16.212	242	0	0	
1213	20.242	0.016	0	2.0	972	16.227	242	0	0	
1214	20.26	0.018	0	2.0	973	16.245	243	0	0	
1215	20.275	0.015	0	2.0	974	16.261	243	0	0	
1216	20.293	0.018	0	2.0	975	16.278	243	0	0	
1217	20.309	0.016	0	2.0	976	16.294	243	0	0	
1218	20.326	0.018	0	2.0	977	16.312	244	0	0	
1219	20.342	0.016	0	2.0	978	16.327	244	0	0	
1220	20.36	0.018	0	2.0	979	16.345	244	0	0	
1221	20.375	0.016	0	2.0	980	16.361	244	0	0	
1222	20.392	0.017	0	2.0	981	16.378	245	0	0	
1223	20.409	0.017	0	2.0	982	16.395	245	0	0	
1224	20.426	0.017	0	2.0	983	16.411	245	0	0	
1225	20.442	0.016	0	2.0	984	16.427	245	0	0	
1226	20.46	0.018	0	2.0	985	16.446	246	0	0	
1227	20.476	0.015	0	2.0	986	16.461	246	0	0	
1228	20.492	0.017	0	2.0	987	16.478	246	0	0	
1229	20.509	0.017	0	2.0	988	16.495	246	0	0	
1230	20.526	0.017	0	2.0	989	16.511	247	0	0	
1231	20.542	0.017	0	2.0	990	16.528	247	0	0	
1232	20.558	0.016	0	2.0	991	16.544	247	0	0	
1233	20.576	0.017	0	2.0	992	16.561	247	0	0	
1234	20.592	0.017	0	2.0	993	16.578	248	0	0	
1235	20.609	0.016	0	2.0	994	16.594	248	0	0	
1236	20.626	0.018	0	2.0	995	16.612	248	0	0	
1237	20.642	0.016	0	2.0	996	16.628	248	0	0	
1238	20.659	0.017	0	2.0	997	16.644	249	0	0	
1239	20.676	0.017	0	2.0	998	16.661	249	0	0	
1240	20.693	0.017	0	2.0	999	16.678	249	0	0	
1241	20.709	0.016	0	2.0	1000	16.694	249	0	0	
1242	20.726	0.018	0	2.0	1001	16.712	250	0	0	
1243	20.742	0.016	0	2.0	1002	16.727	250	0	0	
1244	20.76	0.018	0	2.0	1003	16.745	250	0	0	
1245	20.776	0.016	0	2.0	1004	16.761	250	0	0	
1246	20.793	0.017	0	2.0	1005	16.779	251	0	0	
1247	20.809	0.016	0	2.0	1006	16.794	251	0	0	
1248	20.826	0.018	0	2.0	1007	16.812	251	0	0	
1249	20.842	0.015	0	2.0	1008	16.827	251	0	0	
1250	20.86	0.018	0	2.0	1009	16.845	252	0	0	
1251	20.876	0.016	0	2.0	1010	16.861	252	0	0	
1252	20.894	0.018	0	2.0	1011	16.879	252	0	0	
1253	20.909	0.016	0	2.0	1012	16.895	252	0	0	
1254	20.926	0.017	0	2.0	1013	16.911	253	0	0	
1255	20.943	0.017	0	2.0	1014	16.929	253	0	0	
1256	20.959	0.016	0	2.0	1015	16.944	253	0	0	
1257	20.976	0.018	0	2.0	1016	16.962	253	0	0	
1258	20.992	0.016	0	2.0	1017	16.978	254	0	0	
1259	21.009	0.017	0	2.0	1018	16.995	254	0	0	
1260	21.026	0.017	0	2.0	1019	17.011	254	0	0	
1261	21.042	0.017	0	2.0	1020	17.028	254	0	0	
1262	21.06	0.018	0	2.0	1021	17.046	255	0	0	
1263	21.076	0.015	0	2.0	1022	17.061	255	0	0	
1264	21.093	0.017	0	2.0	1023	17.078	255	0	0	
1265	21.109	0.017	0	2.0	1024	17.095	255	0	0	
1266	21.126	0.017	0	2.0	1025	17.112	256	0	0	
1267	21.142	0.016	0	2.0	1026	17.128	256	0	0	
1268	21.16	0.018	0	2.0	1027	17.145	256	0	0	
1269	21.176	0.016	0	2.0	1028	17.161	256	0	0	
1270	21.194	0.018	0	2.0	1029	17.179	257	0	0	
1271	21.209	0.016	0	2.0	1030	17.195	257	0	0	
1272	21.226	0.017	0	2.0	1031	17.212	257	0	0	
1273	21.243	0.017	0	2.0	1032	17.228	257	0	0	
1274	21.259	0.016	0	2.0	1033	17.245	258	0	0	
1275	21.276	0.017	0	2.0	1034	17.261	258	0	0	
1276	21.293	0.017	0	2.0	1035	17.278	258	0	0	
1277	21.309	0.017	0	2.0	1036	17.295	258	0	0	
1278	21.327	0.018	0	2.0	1037	17.313	259	0	0	
1279	21.343	0.016	0	2.0	1038	17.328	259	0	0	
1280	21.36	0.018	0	2.0	1039	17.346	259	0	0	
1281	21.376	0.016	0	2.0	1040	17.361	259	0	0	
1282	21.393	0.017	0	2.0	1041	17.379	260	0	0	
1283	21.409	0.016	0	2.0	1042	17.395	260	0	0	
1284	21.427	0.018	0	2.0	1043	17.413	260	0	0	
1285	21.442	0.015	0	2.0	1044	17.428	260	0	0	
1286	21.46	0.018	0	2.0	1045	17.446	261	0	0	
1287	21.476	0.016	0	2.0	1046	17.461	261	0	0	
1288	21.493	0.017	0	2.0	1047	17.478	261	0	0	
1289	21.51	0.017	0	2.0	1048	17.495	261	0	0	
1290	21.526	0.016	0	2.0	1049	17.512	262	0	0	
1291	21.543	0.017	0	2.0	1050	17.529	262	0	0	
1292	21.56	0.017	0	2.0	1051	17.545	262	0	0	
1293	21.576	0.016	0	2.0	1052	17.562	262	0	0	
1294	21.593	0.017	0	2.0	1053	17.578	263	0	0	
1295	21.61	0.018	0	2.0	1054	17.596	263	0	0	
1296	21.626	0.016	0	2.0	1055	17.612	263	0	0	
1297	21.643	0.017	0	2.0	1056	17.629	263	0	0	
1298	21.66	0.016	0	2.0	1057	17.645	264	0	0	
1299	21.677	0.017	0	2.0	1058	17.662	264	0	0	
1300	21.693	0.016	0	2.0	1059	17.679	264	0	0	
1301	21.709	0.016	0	2.0	1060	17.695	264	0	0	
1302	21.727	0.017	0	2.0	1061	17.712	265	0	0	
1303	21.743	0.016	0	2.0	1062	17.728	265	0	0	
1304	21.76	0.017	0	2.0	1063	17.745	265	0	0	
1305	21.777	0.017	0	2.0	1064	17.762	265	0	0	
1306	21.793	0.016	0	2.0	1065	17.778	266	0	0	
1307	21.811	0.018	0	2.0	1066	17.796	266	0	0	
1308	21.826	0.016	0	2.0	1067	17.812	266	0	0	
1309	21.844	0.017	0	2.0	1068	17.829	266	0	0	
1310	21.859	0.016	0	2.0	1069	17.845	267	0	0	
1311	21.877	0.018	0	2.0	1070	17.863	267	0	0	
1312	21.893	0.015	0	2.0	1071	17.878	267	0	0	
1313	21.91	0.018	0	2.0	1072	17.896	267	0	0	
1314	21.926	0.016	0	2.0	1073	17.912	268	0	0	
1315	21.943	0.017	0	2.0	1074	17.928	268	0	0	
1316	21.959	0.017	0	2.0	1075	17.945	268	0	0	
1317	21.976	0.017	0	2.0	1076	17.962	268	0	0	
1318	21.993	0.017	0	2.0	1077	17.979	269	0	0	
1319	22.009	0.016	0	2.0	1078	17.995	269	0	0	
1320	22.026	0.017	0	2.0	1079	18.012	269	0	0	
1321	22.043	0.016	0	2.0	1080	18.028	269	0	0	
1322	22.062	0.019	0	2.0	1081	18.047	270	0	0	
1323	22.078	0.016	0	2.0	1082	18.063	270	0	0	
1324	22.095	0.017	0	2.0	1083	18.08	270	0	0	
1325	22.112	0.017	0	2.0	1084	18.097	270	0	0	
1326	22.128	0.016	0	2.0	1085	18.113	271	0	0	
1327	22.146	0.018	0	2.0	1086	18.131	271	0	0	
1328	22.161	0.015	0	2.0	1087	18.146	271	0	0	
1329	22.178	0.017	0	2.0	1088	18.163	271	0	0	
1330	22.195	0.017	0	2.0	1089	18.18	272	0	0	
1331	22.211	0.017	0	2.0	1090	18.197	272	0	0	
1332	22.228	0.017	0	2.0	1091	18.214	272	0	0	
1333	22.245	0.017	0	2.0	1092	18.23	272	0	0	
1334	22.262	0.017	0	2.0	1093	18.248	273	0	0	
1335	22.278	0.016	0	2.0	1094	18.263	273	0	0	
1336	22.295	0.018	0	2.0	1095	18.281	273	0	0	
1337	22.311	0.016	0	2.0	1096	18.296	273	0	0	
1338	22.329	0.018	0	2.0	1097	18.314	274	0	0	
1339	22.344	0.016	0	2.0	1098	18.33	274	0	0	
1340	22.362	0.017	0	2.0	1099	18.347	274	0	0	
1341	22.379	0.017	0	2.0	1100	18.364	274	0	0	
1342	22.395	0.016	0	2.0	1101	18.38	275	0	0	
1343	22.412	0.017	0	2.0	1102	18.397	275	0	0	
1344	22.429	0.017	0	2.0	1103	18.414	275	0	0	
1345	22.445	0.016	0	2.0	1104	18.43	275	0	0	
1346	22.462	0.017	0	2.0	1105	18.447	276	0	0	
1347	22.479	0.018	0	2.0	1106	18.465	276	0	0	
1348	22.495	0.016	0	2.0	1107	18.48	276	0	0	
1349	22.512	0.017	0	2.0	1108	18.498	276	0	0	
1350	22.528	0.016	0	2.0	1109	18.514	277	0	0	
1351	22.546	0.018	0	2.0	1110	18.531	277	0	0	
1352	22.561	0.016	0	2.0	1111	18.547	277	0	0	
1353	22.579	0.017	0	2.0	1112	18.564	277	0	0	
1354	22.595	0.017	0	2.0	1113	18.581	278	0	0	
1355	22.612	0.017	0	2.0	1114	18.598	278	0	0	
1356	22.628	0.016	0	2.0	1115	18.614	278	0	0	
1357	22.645	0.017	0	2.0	1116	18.63	278	0	0	
1358	22.662	0.017	0	2.0	1117	18.647	279	0	0	
1359	22.678	0.017	0	2.0	1118	18.664	279	0	0	
1360	22.695	0.017	0	2.0	1119	18.681	279	0	0	
1361	22.711	0.016	0	2.0	1120	18.697	279	0	0	
1362	22.729	0.018	0	2.0	1121	18.715	280	0	0	
1363	22.745	0.016	0	2.0	1122	18.73	280	0	0	
1364	22.763	0.018	0	2.0	1123	18.748	280	0	0	
1365	22.778	0.015	0	2.0	1124	18.764	280	0	0	
1366	22.796	0.018	0	2.0	1125	18.781	281	0	0	
1367	22.812	0.016	0	2.0	1126	18.797	281	0	0	
1368	22.829	0.018	0	2.0	1127	18.815	281	0	0	
1369	22.845	0.016	0	2.0	1128	18.83	281	0	0	
1370	22.862	0.018	0	2.0	1129	18.848	282	0	0	
1371	22.878	0.016	0	2.0	1130	18.864	282	0	0	
1372	22.896	0.018	0	2.0	1131	18.882	282	0	0	
1373	22.911	0.015	0	2.0	1132	18.897	282	0	0	
1374	22.93	0.018	0	2.0	1133	18.915	283	0	0	
1375	22.945	0.015	0	2.0	1134	18.93	283	0	0	
1376	22.963	0.018	0	2.0	1135	18.948	283	0	0	
1377	22.978	0.016	0	2.0	1136	18.964	283	0	0	
1378	22.995	0.017	0	2.0	1137	18.981	284	0	0	
1379	23.012	0.016	0	2.0	1138	18.997	284	0	0	
1380	23.028	0.017	0	2.0	1139	19.014	284	0	0	
1381	23.045	0.016	0	2.0	1140	19.03	284	0	0	
1382	23.062	0.018	0	2.0	1141	19.048	285	0	0	
1383	23.078	0.016	0	2.0	1142	19.064	285	0	0	
1384	23.095	0.017	0	2.0	1143	19.081	285	0	0	
1385	23.112	0.016	0	2.0	1144	19.097	285	0	0	
1386	23.129	0.017	0	2.0	1145	19.114	286	0	0	
1387	23.146	0.017	0	2.0	1146	19.132	286	0	0	
1388	23.161	0.015	0	2.0	1147	19.147	286	0	0	
1389	23.179	0.017	0	2.0	1148	19.164	286	0	0	
1390	23.196	0.017	0	2.0	1149	19.181	287	0	0	
1391	23.211	0.016	0	2.0	1150	19.197	287	0	0	
1392	23.229	0.018	0	2.0	1151	19.215	287	0	0	
1393	23.245	0.016	0	2.0	1152	19.231	287	0	0	
1394	23.262	0.017	0	2.0	1153	19.248	288	0	0	
1395	23.278	0.016	0	2.0	1154	19.264	288	0	0	
1396	23.295	0.017	0	2.0	1155	19.281	288	0	0	
1397	23.312	0.016	0	2.0	1156	19.298	288	0	0	
1398	23.329	0.017	0	2.0	1157	19.314	289	0	0	
1399	23.346	0.017	0	2.0	1158	19.331	289	0	0	
1400	23.362	0.017	0	2.0	1159	19.348	289	0	0	
1401	23.379	0.016	0	2.0	1160	19.364	289	0	0	
1402	23.396	0.018	0	2.0	1161	19.382	290	0	0	
1403	23.411	0.015	0	2.0	1162	19.397	290	0	0	
1404	23.429	0.018	0	2.0	1163	19.415	290	0	0	
1405	23.445	0.016	0	2.0	1164	19.431	290	0	0	
1406	23.462	0.017	0	2.0	1165	19.448	291	0	0	
1407	23.478	0.016	0	2.0	1166	19.464	291	0	0	
1408	23.495	0.017	0	2.0	1167	19.48	291	0	0	
1409	23.512	0.017	0	2.0	1168	19.498	291	0	0	
1410	23.529	0.017	0	2.0	1169	19.514	292	0	0	
1411	23.545	0.017	0	2.0	1170	19.531	292	0	0	
1412	23.562	0.017	0	2.0	1171	19.548	292	0	0	
1413	23.579	0.016	0	2.0	1172	19.564	292	0	0	
1414	23.595	0.017	0	2.0	1173	19.581	293	0	0	
1415	23.612	0.017	0	2.0	1174	19.598	293	0	0	
1416	23.629	0.016	0	2.0	1175	19.614	293	0	0	
1417	23.645	0.016	0	2.0	1176	19.631	293	0	0	
1418	23.666	0.021	0	2.0	1177	19.652	294	0	0	
1419	23.678	0.012	0	2.0	1178	19.664	294	0	0	
1420	23.696	0.018	0	2.0	1179	19.681	294	0	0	
1421	23.712	0.016	0	2.0	1180	19.697	294	0	0	
1422	23.729	0.018	0	2.0	1181	19.715	295	0	0	
1423	23.745	0.016	0	2.0	1182	19.73	295	0	0	
1424	23.763	0.018	0	2.0	1183	19.748	295	0	0	
1425	23.778	0.015	0	2.0	1184	19.764	295	0	0	
1426	23.795	0.017	0	2.0	1185	19.781	296	0	0	
1427	23.812	0.017	0	2.0	1186	19.798	296	0	0	
1428	23.829	0.016	0	2.0	1187	19.814	296	0	0	
1429	23.846	0.018	0	2.0	1188	19.832	296	0	0	
1430	23.862	0.015	0	2.0	1189	19.847	297	0	0	
1431	23.879	0.018	0	2.0	1190	19.865	297	0	0	
1432	23.895	0.016	0	2.0	1191	19.88	297	0	0	
1433	23.913	0.018	0	2.0	1192	19.898	297	0	0	
1434	23.928	0.015	0	2.0	1193	19.914	298	0	0	
1435	23.946	0.018	0	2.0	1194	19.931	298	0	0	
1436	23.961	0.016	0	2.0	1195	19.947	298	0	0	
1437	23.979	0.018	0	2.0	1196	19.965	298	0	0	
1438	23.995	0.016	0	2.0	1197	19.98	299	0	0	
1439	24.013	0.018	0	2.0	1198	19.998	299	0	0	
1440	24.028	0.016	0	2.0	1199	20.014	299	0	0	
