sample_num	sample_time	sampling_interval	imaging_frame	frame_time	stimulus_epoch	stim_frame	epoch_time	stim_info1	stim_info2	stim_info3	
1	0.013	0.013	0	1.0	1	0.013	0	0	0	
2	0.028	0.015	0	1.0	2	0.028	0	0	0	
3	0.045	0.017	0	1.0	3	0.045	0	0	0	
4	0.064	0.019	0	1.0	4	0.064	0	0	0	
5	0.078	0.014	0	1.0	5	0.078	0	0	0	
6	0.095	0.017	0	1.0	6	0.095	0	0	0	
7	0.112	0.017	0	1.0	7	0.112	0	0	0	
8	0.128	0.016	0	1.0	8	0.128	0	0	0	
9	0.145	0.017	0	1.0	9	0.145	0	0	0	
10	0.163	0.018	0	1.0	10	0.163	0	0	0	
11	0.178	0.014	0	1.0	11	0.178	0	0	0	
12	0.195	0.017	0	1.0	12	0.195	0	0	0	
13	0.211	0.017	0	1.0	13	0.211	0	0	0	
14	0.228	0.017	0	1.0	14	0.228	0	0	0	
15	0.245	0.017	0	1.0	15	0.245	0	0	0	
16	0.263	0.018	0	1.0	16	0.263	0	0	0	
17	0.278	0.014	0	1.0	17	0.278	0	0	0	
18	0.295	0.017	0	1.0	18	0.295	0	0	0	
19	0.311	0.017	0	1.0	19	0.312	0	0	0	
20	0.328	0.017	0	1.0	20	0.328	0	0	0	
21	0.345	0.017	0	1.0	21	0.345	0	0	0	
22	0.365	0.02	0	1.0	22	0.365	0	0	0	
23	0.378	0.013	0	1.0	23	0.378	0	0	0	
24	0.395	0.017	0	1.0	24	0.395	0	0	0	
25	0.412	0.017	0	1.0	25	0.412	0	0	0	
26	0.428	0.017	0	1.0	26	0.428	0	0	0	
27	0.445	0.017	0	1.0	27	0.445	0	0	0	
28	0.462	0.017	0	1.0	28	0.462	0	0	0	
29	0.481	0.019	0	1.0	29	0.481	0	0	0	
30	0.494	0.014	0	1.0	30	0.494	0	0	0	
31	0.512	0.018	0	1.0	31	0.512	0	0	0	
32	0.528	0.016	0	1.0	32	0.528	0	0	0	
33	0.545	0.017	0	1.0	33	0.545	0	0	0	
34	0.562	0.017	0	1.0	34	0.562	0	0	0	
35	0.581	0.019	0	1.0	35	0.581	0	0	0	
36	0.594	0.014	0	1.0	36	0.594	0	0	0	
37	0.612	0.017	0	1.0	37	0.612	0	0	0	
38	0.628	0.017	0	1.0	38	0.628	0	0	0	
39	0.645	0.017	0	1.0	39	0.645	0	0	0	
40	0.662	0.017	0	1.0	40	0.662	0	0	0	
41	0.681	0.019	0	1.0	41	0.681	0	0	0	
42	0.695	0.013	0	1.0	42	0.695	0	0	0	
43	0.712	0.017	0	1.0	43	0.712	0	0	0	
44	0.728	0.017	0	1.0	44	0.728	0	0	0	
45	0.745	0.017	0	1.0	45	0.745	0	0	0	
46	0.762	0.017	0	1.0	46	0.762	0	0	0	
47	0.78	0.019	0	1.0	47	0.78	0	0	0	
48	0.795	0.014	0	1.0	48	0.795	0	0	0	
49	0.812	0.017	0	1.0	49	0.812	0	0	0	
50	0.828	0.017	0	1.0	50	0.828	0	0	0	
51	0.846	0.017	0	1.0	51	0.846	0	0	0	
52	0.861	0.016	0	1.0	52	0.861	0	0	0	
53	0.881	0.02	0	1.0	53	0.881	0	0	0	
54	0.895	0.014	0	1.0	54	0.895	0	0	0	
55	0.912	0.017	0	1.0	55	0.912	0	0	0	
56	0.928	0.016	0	1.0	56	0.928	0	0	0	
57	0.946	0.017	0	1.0	57	0.946	0	0	0	
58	0.961	0.016	0	1.0	58	0.961	0	0	0	
59	0.983	0.022	0	1.0	59	0.983	0	0	0	
60	0.995	0.012	0	1.0	60	0.995	0	0	0	
61	1.012	0.017	0	1.0	61	1.012	0	0	0	
62	1.028	0.016	0	1.0	62	1.028	0	0	0	
63	1.045	0.017	0	1.0	63	1.045	0	0	0	
64	1.065	0.02	0	1.0	64	1.065	0	0	0	
65	1.078	0.013	0	1.0	65	1.078	0	0	0	
66	1.097	0.019	0	1.0	66	1.097	0	0	0	
67	1.111	0.014	0	1.0	67	1.111	0	0	0	
68	1.129	0.018	0	1.0	68	1.129	0	0	0	
69	1.145	0.016	0	1.0	69	1.145	0	0	0	
70	1.162	0.017	0	1.0	70	1.162	0	0	0	
71	1.178	0.016	0	1.0	71	1.178	0	0	0	
72	1.197	0.019	0	1.0	72	1.197	0	0	0	
73	1.211	0.014	0	1.0	73	1.211	0	0	0	
74	1.229	0.017	0	1.0	74	1.229	0	0	0	
75	1.245	0.016	0	1.0	75	1.245	0	0	0	
76	1.262	0.017	0	1.0	76	1.262	0	0	0	
77	1.279	0.017	0	1.0	77	1.279	0	0	0	
78	1.297	0.019	0	1.0	78	1.297	0	0	0	
79	1.311	0.014	0	1.0	79	1.311	0	0	0	
80	1.329	0.017	0	1.0	80	1.329	0	0	0	
81	1.345	0.016	0	1.0	81	1.345	0	0	0	
82	1.362	0.017	0	1.0	82	1.362	0	0	0	
83	1.378	0.016	0	1.0	83	1.378	0	0	0	
84	1.398	0.02	0	1.0	84	1.398	0	0	0	
85	1.412	0.014	0	1.0	85	1.412	0	0	0	
86	1.429	0.017	0	1.0	86	1.429	0	0	0	
87	1.445	0.016	0	1.0	87	1.445	0	0	0	
88	1.462	0.017	0	1.0	88	1.462	0	0	0	
89	1.478	0.016	0	1.0	89	1.478	0	0	0	
90	1.498	0.02	0	1.0	90	1.498	0	0	0	
91	1.511	0.014	0	1.0	91	1.511	0	0	0	
92	1.529	0.017	0	1.0	92	1.529	0	0	0	
93	1.545	0.017	0	1.0	93	1.545	0	0	0	
94	1.562	0.017	0	1.0	94	1.562	0	0	0	
95	1.579	0.017	0	1.0	95	1.579	0	0	0	
96	1.598	0.02	0	1.0	96	1.598	0	0	0	
97	1.612	0.013	0	1.0	97	1.612	0	0	0	
98	1.629	0.017	0	1.0	98	1.629	0	0	0	
99	1.645	0.017	0	1.0	99	1.645	0	0	0	
100	1.662	0.017	0	1.0	100	1.662	0	0	0	
101	1.679	0.017	0	1.0	101	1.679	0	0	0	
102	1.695	0.017	0	1.0	102	1.695	0	0	0	
103	1.714	0.019	0	1.0	103	1.714	0	0	0	
104	1.728	0.014	0	1.0	104	1.728	0	0	0	
105	1.746	0.017	0	1.0	105	1.746	0	0	0	
106	1.762	0.016	0	1.0	106	1.762	0	0	0	
107	1.779	0.017	0	1.0	107	1.779	0	0	0	
108	1.795	0.016	0	1.0	108	1.795	0	0	0	
109	1.815	0.02	0	1.0	109	1.815	0	0	0	
110	1.828	0.014	0	1.0	110	1.828	0	0	0	
111	1.846	0.017	0	1.0	111	1.846	0	0	0	
112	1.862	0.016	0	1.0	112	1.862	0	0	0	
113	1.879	0.017	0	1.0	113	1.879	0	0	0	
114	1.895	0.016	0	1.0	114	1.895	0	0	0	
115	1.914	0.019	0	1.0	115	1.914	0	0	0	
116	1.928	0.014	0	1.0	116	1.928	0	0	0	
117	1.946	0.017	0	1.0	117	1.946	0	0	0	
118	1.962	0.016	0	1.0	118	1.962	0	0	0	
119	1.979	0.017	0	1.0	119	1.979	0	0	0	
120	1.995	0.016	0	1.0	120	1.995	0	0	0	
121	2.014	0.019	0	1.0	121	2.014	0	0	0	
122	2.028	0.014	0	2.0	1	0.014	[-41.83333333   0.        ]	0	0	
123	2.047	0.019	0	2.0	2	0.033	[-41.66666667   0.        ]	0	0	
124	2.064	0.016	0	2.0	3	0.049	[-41.5   0. ]	0	0	
125	2.081	0.017	0	2.0	4	0.066	[-41.33333333   0.        ]	0	0	
126	2.097	0.017	0	2.0	5	0.083	[-41.16666667   0.        ]	0	0	
127	2.116	0.018	0	2.0	6	0.101	[-41.   0.]	0	0	
128	2.13	0.015	0	2.0	7	0.116	[-40.83333333   0.        ]	0	0	
129	2.147	0.017	0	2.0	8	0.133	[-40.66666667   0.        ]	0	0	
130	2.164	0.016	0	2.0	9	0.149	[-40.5   0. ]	0	0	
131	2.18	0.017	0	2.0	10	0.166	[-40.33333333   0.        ]	0	0	
132	2.197	0.017	0	2.0	11	0.183	[-40.16666667   0.        ]	0	0	
133	2.213	0.016	0	2.0	12	0.199	[-40.   0.]	0	0	
134	2.233	0.019	0	2.0	13	0.219	[-39.83333333   0.        ]	0	0	
135	2.247	0.014	0	2.0	14	0.233	[-39.66666667   0.        ]	0	0	
136	2.264	0.017	0	2.0	15	0.25	[-39.5   0. ]	0	0	
137	2.28	0.016	0	2.0	16	0.266	[-39.33333333   0.        ]	0	0	
138	2.297	0.017	0	2.0	17	0.283	[-39.16666667   0.        ]	0	0	
139	2.314	0.017	0	2.0	18	0.299	[-39.   0.]	0	0	
140	2.333	0.019	0	2.0	19	0.318	[-38.83333333   0.        ]	0	0	
141	2.347	0.015	0	2.0	20	0.333	[-38.66666667   0.        ]	0	0	
142	2.364	0.017	0	2.0	21	0.35	[-38.5   0. ]	0	0	
143	2.38	0.016	0	2.0	22	0.366	[-38.33333333   0.        ]	0	0	
144	2.397	0.017	0	2.0	23	0.383	[-38.16666667   0.        ]	0	0	
145	2.414	0.017	0	2.0	24	0.4	[-38.   0.]	0	0	
146	2.433	0.019	0	2.0	25	0.419	[-37.83333333   0.        ]	0	0	
147	2.447	0.014	0	2.0	26	0.433	[-37.66666667   0.        ]	0	0	
148	2.464	0.017	0	2.0	27	0.45	[-37.5   0. ]	0	0	
149	2.481	0.017	0	2.0	28	0.466	[-37.33333333   0.        ]	0	0	
150	2.497	0.017	0	2.0	29	0.483	[-37.16666667   0.        ]	0	0	
151	2.514	0.016	0	2.0	30	0.5	[-37.   0.]	0	0	
152	2.533	0.019	0	2.0	31	0.519	[-36.83333333   0.        ]	0	0	
153	2.547	0.014	0	2.0	32	0.533	[-36.66666667   0.        ]	0	0	
154	2.564	0.017	0	2.0	33	0.55	[-36.5   0. ]	0	0	
155	2.581	0.017	0	2.0	34	0.566	[-36.33333333   0.        ]	0	0	
156	2.597	0.017	0	2.0	35	0.583	[-36.16666667   0.        ]	0	0	
157	2.614	0.017	0	2.0	36	0.6	[-36.   0.]	0	0	
158	2.633	0.019	0	2.0	37	0.619	[-35.83333333   0.        ]	0	0	
159	2.647	0.014	0	2.0	38	0.633	[-35.66666667   0.        ]	0	0	
160	2.664	0.017	0	2.0	39	0.65	[-35.5   0. ]	0	0	
161	2.681	0.016	0	2.0	40	0.666	[-35.33333333   0.        ]	0	0	
162	2.697	0.017	0	2.0	41	0.683	[-35.16666667   0.        ]	0	0	
163	2.714	0.017	0	2.0	42	0.699	[-35.   0.]	0	0	
164	2.733	0.019	0	2.0	43	0.718	[-34.83333333   0.        ]	0	0	
165	2.747	0.015	0	2.0	44	0.733	[-34.66666667   0.        ]	0	0	
166	2.764	0.016	0	2.0	45	0.75	[-34.5   0. ]	0	0	
167	2.781	0.017	0	2.0	46	0.766	[-34.33333333   0.        ]	0	0	
168	2.797	0.017	0	2.0	47	0.783	[-34.16666667   0.        ]	0	0	
169	2.814	0.017	0	2.0	48	0.8	[-34.   0.]	0	0	
170	2.83	0.016	0	2.0	49	0.816	[-33.83333333   0.        ]	0	0	
171	2.85	0.019	0	2.0	50	0.835	[-33.66666667   0.        ]	0	0	
172	2.864	0.014	0	2.0	51	0.85	[-33.5   0. ]	0	0	
173	2.881	0.017	0	2.0	52	0.866	[-33.33333333   0.        ]	0	0	
174	2.897	0.017	0	2.0	53	0.883	[-33.16666667   0.        ]	0	0	
175	2.914	0.017	0	2.0	54	0.9	[-33.   0.]	0	0	
176	2.931	0.017	0	2.0	55	0.916	[-32.83333333   0.        ]	0	0	
177	2.95	0.019	0	2.0	56	0.935	[-32.66666667   0.        ]	0	0	
178	2.964	0.014	0	2.0	57	0.95	[-32.5   0. ]	0	0	
179	2.981	0.017	0	2.0	58	0.966	[-32.33333333   0.        ]	0	0	
180	2.997	0.016	0	2.0	59	0.983	[-32.16666667   0.        ]	0	0	
181	3.014	0.017	0	2.0	60	1.0	[-32.   0.]	0	0	
182	3.031	0.017	0	2.0	61	1.016	[-31.83333333   0.        ]	0	0	
183	3.05	0.019	0	2.0	62	1.035	[-31.66666667   0.        ]	0	0	
184	3.064	0.014	0	2.0	63	1.05	[-31.5   0. ]	0	0	
185	3.081	0.017	0	2.0	64	1.067	[-31.33333333   0.        ]	0	0	
186	3.097	0.016	0	2.0	65	1.083	[-31.16666667   0.        ]	0	0	
187	3.114	0.017	0	2.0	66	1.1	[-31.   0.]	0	0	
188	3.131	0.016	0	2.0	67	1.116	[-30.83333333   0.        ]	0	0	
189	3.15	0.019	0	2.0	68	1.136	[-30.66666667   0.        ]	0	0	
190	3.164	0.014	0	2.0	69	1.15	[-30.5   0. ]	0	0	
191	3.181	0.017	0	2.0	70	1.166	[-30.33333333   0.        ]	0	0	
192	3.197	0.017	0	2.0	71	1.183	[-30.16666667   0.        ]	0	0	
193	3.214	0.017	0	2.0	72	1.2	[-30.   0.]	0	0	
194	3.231	0.017	0	2.0	73	1.216	[-29.83333333   0.        ]	0	0	
195	3.25	0.019	0	2.0	74	1.235	[-29.66666667   0.        ]	0	0	
196	3.264	0.015	0	2.0	75	1.25	[-29.5   0. ]	0	0	
197	3.281	0.017	0	2.0	76	1.267	[-29.33333333   0.        ]	0	0	
198	3.297	0.016	0	2.0	77	1.282	[-29.16666667   0.        ]	0	0	
199	3.314	0.017	0	2.0	78	1.3	[-29.   0.]	0	0	
200	3.33	0.016	0	2.0	79	1.316	[-28.83333333   0.        ]	0	0	
201	3.349	0.019	0	2.0	80	1.335	[-28.66666667   0.        ]	0	0	
202	3.364	0.014	0	2.0	81	1.349	[-28.5   0. ]	0	0	
203	3.38	0.017	0	2.0	82	1.366	[-28.33333333   0.        ]	0	0	
204	3.397	0.017	0	2.0	83	1.383	[-28.16666667   0.        ]	0	0	
205	3.414	0.017	0	2.0	84	1.399	[-28.   0.]	0	0	
206	3.43	0.017	0	2.0	85	1.416	[-27.83333333   0.        ]	0	0	
207	3.45	0.02	0	2.0	86	1.436	[-27.66666667   0.        ]	0	0	
208	3.464	0.014	0	2.0	87	1.45	[-27.5   0. ]	0	0	
209	3.481	0.017	0	2.0	88	1.467	[-27.33333333   0.        ]	0	0	
210	3.497	0.016	0	2.0	89	1.483	[-27.16666667   0.        ]	0	0	
211	3.514	0.016	0	2.0	90	1.499	[-27.   0.]	0	0	
212	3.53	0.017	0	2.0	91	1.516	[-26.83333333   0.        ]	0	0	
213	3.547	0.016	0	2.0	92	1.533	[-26.66666667   0.        ]	0	0	
214	3.565	0.018	0	2.0	93	1.551	[-26.5   0. ]	0	0	
215	3.581	0.016	0	2.0	94	1.567	[-26.33333333   0.        ]	0	0	
216	3.597	0.016	0	2.0	95	1.583	[-26.16666667   0.        ]	0	0	
217	3.614	0.017	0	2.0	96	1.6	[-26.   0.]	0	0	
218	3.631	0.017	0	2.0	97	1.616	[-25.83333333   0.        ]	0	0	
219	3.648	0.017	0	2.0	98	1.633	[-25.66666667   0.        ]	0	0	
220	3.666	0.018	0	2.0	99	1.651	[-25.5   0. ]	0	0	
221	3.681	0.015	0	2.0	100	1.666	[-25.33333333   0.        ]	0	0	
222	3.698	0.017	0	2.0	101	1.684	[-25.16666667   0.        ]	0	0	
223	3.714	0.016	0	2.0	102	1.7	[-25.   0.]	0	0	
224	3.731	0.017	0	2.0	103	1.717	[-24.83333333   0.        ]	0	0	
225	3.747	0.016	0	2.0	104	1.733	[-24.66666667   0.        ]	0	0	
226	3.767	0.019	0	2.0	105	1.752	[-24.5   0. ]	0	0	
227	3.781	0.014	0	2.0	106	1.767	[-24.33333333   0.        ]	0	0	
228	3.798	0.017	0	2.0	107	1.784	[-24.16666667   0.        ]	0	0	
229	3.814	0.016	0	2.0	108	1.799	[-24.   0.]	0	0	
230	3.831	0.017	0	2.0	109	1.817	[-23.83333333   0.        ]	0	0	
231	3.848	0.017	0	2.0	110	1.833	[-23.66666667   0.        ]	0	0	
232	3.867	0.019	0	2.0	111	1.852	[-23.5   0. ]	0	0	
233	3.881	0.014	0	2.0	112	1.867	[-23.33333333   0.        ]	0	0	
234	3.898	0.017	0	2.0	113	1.883	[-23.16666667   0.        ]	0	0	
235	3.914	0.017	0	2.0	114	1.9	[-23.   0.]	0	0	
236	3.931	0.017	0	2.0	115	1.917	[-22.83333333   0.        ]	0	0	
237	3.948	0.017	0	2.0	116	1.933	[-22.66666667   0.        ]	0	0	
238	3.966	0.019	0	2.0	117	1.952	[-22.5   0. ]	0	0	
239	3.981	0.015	0	2.0	118	1.967	[-22.33333333   0.        ]	0	0	
240	3.998	0.017	0	2.0	119	1.983	[-22.16666667   0.        ]	0	0	
241	4.014	0.016	0	2.0	120	2.0	[-22.   0.]	0	0	
242	4.031	0.017	0	2.0	121	2.017	[-21.83333333   0.        ]	0	0	
243	4.047	0.016	0	2.0	122	2.033	[-21.66666667   0.        ]	0	0	
244	4.067	0.02	0	2.0	123	2.053	[-21.5   0. ]	0	0	
245	4.081	0.014	0	2.0	124	2.066	[-21.33333333   0.        ]	0	0	
246	4.1	0.019	0	2.0	125	2.085	[-21.16666667   0.        ]	0	0	
247	4.115	0.016	0	2.0	126	2.101	[-21.   0.]	0	0	
248	4.132	0.017	0	2.0	127	2.118	[-20.83333333   0.        ]	0	0	
249	4.149	0.017	0	2.0	128	2.135	[-20.66666667   0.        ]	0	0	
250	4.168	0.019	0	2.0	129	2.154	[-20.5   0. ]	0	0	
251	4.182	0.014	0	2.0	130	2.168	[-20.33333333   0.        ]	0	0	
252	4.2	0.018	0	2.0	131	2.186	[-20.16666667   0.        ]	0	0	
253	4.216	0.017	0	2.0	132	2.202	[-20.   0.]	0	0	
254	4.233	0.016	0	2.0	133	2.219	[-19.83333333   0.        ]	0	0	
255	4.249	0.017	0	2.0	134	2.235	[-19.66666667   0.        ]	0	0	
256	4.266	0.017	0	2.0	135	2.252	[-19.5   0. ]	0	0	
257	4.285	0.018	0	2.0	136	2.27	[-19.33333333   0.        ]	0	0	
258	4.3	0.015	0	2.0	137	2.286	[-19.16666667   0.        ]	0	0	
259	4.316	0.016	0	2.0	138	2.302	[-19.   0.]	0	0	
260	4.333	0.017	0	2.0	139	2.319	[-18.83333333   0.        ]	0	0	
261	4.35	0.017	0	2.0	140	2.335	[-18.66666667   0.        ]	0	0	
262	4.366	0.017	0	2.0	141	2.352	[-18.5   0. ]	0	0	
263	4.385	0.019	0	2.0	142	2.371	[-18.33333333   0.        ]	0	0	
264	4.4	0.014	0	2.0	143	2.385	[-18.16666667   0.        ]	0	0	
265	4.416	0.017	0	2.0	144	2.402	[-18.   0.]	0	0	
266	4.433	0.017	0	2.0	145	2.419	[-17.83333333   0.        ]	0	0	
267	4.45	0.017	0	2.0	146	2.435	[-17.66666667   0.        ]	0	0	
268	4.466	0.017	0	2.0	147	2.452	[-17.5   0. ]	0	0	
269	4.485	0.019	0	2.0	148	2.471	[-17.33333333   0.        ]	0	0	
270	4.5	0.015	0	2.0	149	2.486	[-17.16666667   0.        ]	0	0	
271	4.516	0.016	0	2.0	150	2.502	[-17.   0.]	0	0	
272	4.533	0.017	0	2.0	151	2.519	[-16.83333333   0.        ]	0	0	
273	4.55	0.017	0	2.0	152	2.535	[-16.66666667   0.        ]	0	0	
274	4.566	0.017	0	2.0	153	2.552	[-16.5   0. ]	0	0	
275	4.585	0.019	0	2.0	154	2.571	[-16.33333333   0.        ]	0	0	
276	4.6	0.015	0	2.0	155	2.585	[-16.16666667   0.        ]	0	0	
277	4.616	0.016	0	2.0	156	2.602	[-16.   0.]	0	0	
278	4.633	0.017	0	2.0	157	2.619	[-15.83333333   0.        ]	0	0	
279	4.65	0.017	0	2.0	158	2.635	[-15.66666667   0.        ]	0	0	
280	4.666	0.017	0	2.0	159	2.652	[-15.5   0. ]	0	0	
281	4.685	0.018	0	2.0	160	2.67	[-15.33333333   0.        ]	0	0	
282	4.7	0.015	0	2.0	161	2.685	[-15.16666667   0.        ]	0	0	
283	4.716	0.016	0	2.0	162	2.701	[-15.   0.]	0	0	
284	4.733	0.017	0	2.0	163	2.719	[-14.83333333   0.        ]	0	0	
285	4.75	0.017	0	2.0	164	2.735	[-14.66666667   0.        ]	0	0	
286	4.766	0.017	0	2.0	165	2.752	[-14.5   0. ]	0	0	
287	4.783	0.017	0	2.0	166	2.769	[-14.33333333   0.        ]	0	0	
288	4.802	0.019	0	2.0	167	2.788	[-14.16666667   0.        ]	0	0	
289	4.816	0.014	0	2.0	168	2.802	[-14.   0.]	0	0	
290	4.833	0.017	0	2.0	169	2.819	[-13.83333333   0.        ]	0	0	
291	4.85	0.017	0	2.0	170	2.835	[-13.66666667   0.        ]	0	0	
292	4.866	0.017	0	2.0	171	2.852	[-13.5   0. ]	0	0	
293	4.883	0.017	0	2.0	172	2.869	[-13.33333333   0.        ]	0	0	
294	4.902	0.019	0	2.0	173	2.888	[-13.16666667   0.        ]	0	0	
295	4.917	0.015	0	2.0	174	2.902	[-13.   0.]	0	0	
296	4.933	0.017	0	2.0	175	2.919	[-12.83333333   0.        ]	0	0	
297	4.95	0.017	0	2.0	176	2.936	[-12.66666667   0.        ]	0	0	
298	4.966	0.017	0	2.0	177	2.952	[-12.5   0. ]	0	0	
299	4.983	0.017	0	2.0	178	2.969	[-12.33333333   0.        ]	0	0	
300	5.002	0.019	0	2.0	179	2.988	[-12.16666667   0.        ]	0	0	
301	5.016	0.014	0	2.0	180	3.002	[-12.   0.]	0	0	
302	5.033	0.017	0	2.0	181	3.019	[-11.83333333   0.        ]	0	0	
303	5.05	0.017	0	2.0	182	3.035	[-11.66666667   0.        ]	0	0	
304	5.066	0.017	0	2.0	183	3.052	[-11.5   0. ]	0	0	
305	5.083	0.017	0	2.0	184	3.069	[-11.33333333   0.        ]	0	0	
306	5.102	0.019	0	2.0	185	3.088	[-11.16666667   0.        ]	0	0	
307	5.117	0.015	0	2.0	186	3.102	[-11.   0.]	0	0	
308	5.133	0.017	0	2.0	187	3.119	[-10.83333333   0.        ]	0	0	
309	5.15	0.017	0	2.0	188	3.135	[-10.66666667   0.        ]	0	0	
310	5.167	0.017	0	2.0	189	3.152	[-10.5   0. ]	0	0	
311	5.183	0.017	0	2.0	190	3.169	[-10.33333333   0.        ]	0	0	
312	5.202	0.019	0	2.0	191	3.188	[-10.16666667   0.        ]	0	0	
313	5.217	0.015	0	2.0	192	3.202	[-10.   0.]	0	0	
314	5.233	0.017	0	2.0	193	3.219	[-9.83333333  0.        ]	0	0	
315	5.25	0.017	0	2.0	194	3.235	[-9.66666667  0.        ]	0	0	
316	5.267	0.017	0	2.0	195	3.253	[-9.5  0. ]	0	0	
317	5.283	0.016	0	2.0	196	3.269	[-9.33333333  0.        ]	0	0	
318	5.302	0.019	0	2.0	197	3.288	[-9.16666667  0.        ]	0	0	
319	5.317	0.015	0	2.0	198	3.302	[-9.  0.]	0	0	
320	5.333	0.017	0	2.0	199	3.319	[-8.83333333  0.        ]	0	0	
321	5.35	0.017	0	2.0	200	3.336	[-8.66666667  0.        ]	0	0	
322	5.367	0.017	0	2.0	201	3.352	[-8.5  0. ]	0	0	
323	5.383	0.017	0	2.0	202	3.369	[-8.33333333  0.        ]	0	0	
324	5.4	0.017	0	2.0	203	3.386	[-8.16666667  0.        ]	0	0	
325	5.419	0.019	0	2.0	204	3.405	[-8.  0.]	0	0	
326	5.433	0.014	0	2.0	205	3.419	[-7.83333333  0.        ]	0	0	
327	5.45	0.017	0	2.0	206	3.436	[-7.66666667  0.        ]	0	0	
328	5.467	0.017	0	2.0	207	3.452	[-7.5  0. ]	0	0	
329	5.483	0.017	0	2.0	208	3.469	[-7.33333333  0.        ]	0	0	
330	5.5	0.017	0	2.0	209	3.486	[-7.16666667  0.        ]	0	0	
331	5.519	0.019	0	2.0	210	3.505	[-7.  0.]	0	0	
332	5.534	0.015	0	2.0	211	3.519	[-6.83333333  0.        ]	0	0	
333	5.55	0.017	0	2.0	212	3.536	[-6.66666667  0.        ]	0	0	
334	5.567	0.017	0	2.0	213	3.552	[-6.5  0. ]	0	0	
335	5.583	0.017	0	2.0	214	3.569	[-6.33333333  0.        ]	0	0	
336	5.6	0.017	0	2.0	215	3.586	[-6.16666667  0.        ]	0	0	
337	5.619	0.019	0	2.0	216	3.605	[-6.  0.]	0	0	
338	5.633	0.014	0	2.0	217	3.619	[-5.83333333  0.        ]	0	0	
339	5.65	0.017	0	2.0	218	3.636	[-5.66666667  0.        ]	0	0	
340	5.667	0.017	0	2.0	219	3.652	[-5.5  0. ]	0	0	
341	5.683	0.017	0	2.0	220	3.669	[-5.33333333  0.        ]	0	0	
342	5.7	0.017	0	2.0	221	3.686	[-5.16666667  0.        ]	0	0	
343	5.719	0.019	0	2.0	222	3.705	[-5.  0.]	0	0	
344	5.734	0.015	0	2.0	223	3.719	[-4.83333333  0.        ]	0	0	
345	5.75	0.016	0	2.0	224	3.736	[-4.66666667  0.        ]	0	0	
346	5.767	0.017	0	2.0	225	3.752	[-4.5  0. ]	0	0	
347	5.783	0.017	0	2.0	226	3.769	[-4.33333333  0.        ]	0	0	
348	5.8	0.017	0	2.0	227	3.786	[-4.16666667  0.        ]	0	0	
349	5.819	0.019	0	2.0	228	3.805	[-4.  0.]	0	0	
350	5.833	0.014	0	2.0	229	3.819	[-3.83333333  0.        ]	0	0	
351	5.85	0.017	0	2.0	230	3.836	[-3.66666667  0.        ]	0	0	
352	5.867	0.017	0	2.0	231	3.852	[-3.5  0. ]	0	0	
353	5.883	0.017	0	2.0	232	3.869	[-3.33333333  0.        ]	0	0	
354	5.9	0.017	0	2.0	233	3.886	[-3.16666667  0.        ]	0	0	
355	5.919	0.019	0	2.0	234	3.904	[-3.  0.]	0	0	
356	5.934	0.015	0	2.0	235	3.919	[-2.83333333  0.        ]	0	0	
357	5.95	0.017	0	2.0	236	3.936	[-2.66666667  0.        ]	0	0	
358	5.967	0.017	0	2.0	237	3.953	[-2.5  0. ]	0	0	
359	5.984	0.017	0	2.0	238	3.969	[-2.33333333  0.        ]	0	0	
360	6.0	0.017	0	2.0	239	3.986	[-2.16666667  0.        ]	0	0	
361	6.017	0.017	0	2.0	240	4.002	[-2.  0.]	0	0	
362	6.035	0.018	0	2.0	241	4.021	[-1.83333333  0.        ]	0	0	
363	6.05	0.015	0	2.0	242	4.035	[-1.66666667  0.        ]	0	0	
364	6.067	0.017	0	2.0	243	4.053	[-1.5  0. ]	0	0	
365	6.083	0.017	0	2.0	244	4.069	[-1.33333333  0.        ]	0	0	
366	6.1	0.017	0	2.0	245	4.086	[-1.16666667  0.        ]	0	0	
367	6.117	0.017	0	2.0	246	4.103	[-1.  0.]	0	0	
368	6.136	0.019	0	2.0	247	4.122	[-0.83333333  0.        ]	0	0	
369	6.15	0.014	0	2.0	248	4.136	[-0.66666667  0.        ]	0	0	
370	6.167	0.017	0	2.0	249	4.153	[-0.5  0. ]	0	0	
371	6.184	0.017	0	2.0	250	4.169	[-0.33333333  0.        ]	0	0	
372	6.2	0.017	0	2.0	251	4.186	[-0.16666667  0.        ]	0	0	
373	6.217	0.017	0	2.0	252	4.203	[-5.12367926e-14  0.00000000e+00]	0	0	
374	6.236	0.019	0	2.0	253	4.222	[0.16666667 0.        ]	0	0	
375	6.25	0.014	0	2.0	254	4.236	[0.33333333 0.        ]	0	0	
376	6.267	0.017	0	2.0	255	4.253	[0.5 0. ]	0	0	
377	6.284	0.017	0	2.0	256	4.269	[0.66666667 0.        ]	0	0	
378	6.3	0.017	0	2.0	257	4.286	[0.83333333 0.        ]	0	0	
379	6.317	0.017	0	2.0	258	4.303	[1. 0.]	0	0	
380	6.336	0.019	0	2.0	259	4.322	[1.16666667 0.        ]	0	0	
381	6.35	0.014	0	2.0	260	4.336	[1.33333333 0.        ]	0	0	
382	6.367	0.017	0	2.0	261	4.353	[1.5 0. ]	0	0	
383	6.384	0.017	0	2.0	262	4.369	[1.66666667 0.        ]	0	0	
384	6.4	0.017	0	2.0	263	4.386	[1.83333333 0.        ]	0	0	
385	6.417	0.017	0	2.0	264	4.403	[2. 0.]	0	0	
386	6.436	0.019	0	2.0	265	4.421	[2.16666667 0.        ]	0	0	
387	6.45	0.015	0	2.0	266	4.436	[2.33333333 0.        ]	0	0	
388	6.467	0.016	0	2.0	267	4.453	[2.5 0. ]	0	0	
389	6.484	0.017	0	2.0	268	4.469	[2.66666667 0.        ]	0	0	
390	6.5	0.017	0	2.0	269	4.486	[2.83333333 0.        ]	0	0	
391	6.517	0.017	0	2.0	270	4.503	[3. 0.]	0	0	
392	6.536	0.019	0	2.0	271	4.521	[3.16666667 0.        ]	0	0	
393	6.55	0.015	0	2.0	272	4.536	[3.33333333 0.        ]	0	0	
394	6.567	0.017	0	2.0	273	4.553	[3.5 0. ]	0	0	
395	6.584	0.017	0	2.0	274	4.569	[3.66666667 0.        ]	0	0	
396	6.6	0.017	0	2.0	275	4.586	[3.83333333 0.        ]	0	0	
397	6.617	0.017	0	2.0	276	4.603	[4. 0.]	0	0	
398	6.636	0.019	0	2.0	277	4.621	[4.16666667 0.        ]	0	0	
399	6.65	0.014	0	2.0	278	4.636	[4.33333333 0.        ]	0	0	
400	6.667	0.017	0	2.0	279	4.653	[4.5 0. ]	0	0	
401	6.684	0.017	0	2.0	280	4.669	[4.66666667 0.        ]	0	0	
402	6.7	0.017	0	2.0	281	4.686	[4.83333333 0.        ]	0	0	
403	6.717	0.017	0	2.0	282	4.703	[5. 0.]	0	0	
404	6.734	0.017	0	2.0	283	4.719	[5.16666667 0.        ]	0	0	
405	6.753	0.019	0	2.0	284	4.738	[5.33333333 0.        ]	0	0	
406	6.767	0.014	0	2.0	285	4.753	[5.5 0. ]	0	0	
407	6.783	0.016	0	2.0	286	4.769	[5.66666667 0.        ]	0	0	
408	6.8	0.017	0	2.0	287	4.786	[5.83333333 0.        ]	0	0	
409	6.817	0.017	0	2.0	288	4.803	[6. 0.]	0	0	
410	6.834	0.017	0	2.0	289	4.819	[6.16666667 0.        ]	0	0	
411	6.853	0.019	0	2.0	290	4.838	[6.33333333 0.        ]	0	0	
412	6.867	0.015	0	2.0	291	4.853	[6.5 0. ]	0	0	
413	6.884	0.017	0	2.0	292	4.869	[6.66666667 0.        ]	0	0	
414	6.9	0.017	0	2.0	293	4.886	[6.83333333 0.        ]	0	0	
415	6.917	0.017	0	2.0	294	4.903	[7. 0.]	0	0	
416	6.934	0.017	0	2.0	295	4.919	[7.16666667 0.        ]	0	0	
417	6.953	0.02	0	2.0	296	4.939	[7.33333333 0.        ]	0	0	
418	6.967	0.014	0	2.0	297	4.953	[7.5 0. ]	0	0	
419	6.984	0.017	0	2.0	298	4.97	[7.66666667 0.        ]	0	0	
420	7.001	0.017	0	2.0	299	4.986	[7.83333333 0.        ]	0	0	
421	7.017	0.017	0	2.0	300	5.003	[8. 0.]	0	0	
422	7.034	0.017	0	2.0	301	5.019	[8.16666667 0.        ]	0	0	
423	7.053	0.019	0	2.0	302	5.038	[8.33333333 0.        ]	0	0	
424	7.067	0.014	0	2.0	303	5.053	[8.5 0. ]	0	0	
425	7.084	0.017	0	2.0	304	5.07	[8.66666667 0.        ]	0	0	
426	7.101	0.017	0	2.0	305	5.086	[8.83333333 0.        ]	0	0	
427	7.117	0.017	0	2.0	306	5.103	[9. 0.]	0	0	
428	7.133	0.016	0	2.0	307	5.119	[9.16666667 0.        ]	0	0	
429	7.153	0.02	0	2.0	308	5.139	[9.33333333 0.        ]	0	0	
430	7.167	0.014	0	2.0	309	5.153	[9.5 0. ]	0	0	
431	7.184	0.017	0	2.0	310	5.17	[9.66666667 0.        ]	0	0	
432	7.201	0.016	0	2.0	311	5.186	[9.83333333 0.        ]	0	0	
433	7.217	0.017	0	2.0	312	5.203	[10.  0.]	0	0	
434	7.234	0.017	0	2.0	313	5.22	[10.16666667  0.        ]	0	0	
435	7.253	0.019	0	2.0	314	5.238	[10.33333333  0.        ]	0	0	
436	7.267	0.015	0	2.0	315	5.253	[10.5  0. ]	0	0	
437	7.284	0.017	0	2.0	316	5.27	[10.66666667  0.        ]	0	0	
438	7.301	0.016	0	2.0	317	5.286	[10.83333333  0.        ]	0	0	
439	7.317	0.016	0	2.0	318	5.302	[11.  0.]	0	0	
440	7.333	0.017	0	2.0	319	5.319	[11.16666667  0.        ]	0	0	
441	7.353	0.02	0	2.0	320	5.339	[11.33333333  0.        ]	0	0	
442	7.367	0.015	0	2.0	321	5.353	[11.5  0. ]	0	0	
443	7.384	0.017	0	2.0	322	5.37	[11.66666667  0.        ]	0	0	
444	7.401	0.017	0	2.0	323	5.386	[11.83333333  0.        ]	0	0	
445	7.417	0.017	0	2.0	324	5.403	[12.  0.]	0	0	
446	7.434	0.017	0	2.0	325	5.42	[12.16666667  0.        ]	0	0	
447	7.451	0.017	0	2.0	326	5.436	[12.33333333  0.        ]	0	0	
448	7.469	0.018	0	2.0	327	5.454	[12.5  0. ]	0	0	
449	7.484	0.015	0	2.0	328	5.469	[12.66666667  0.        ]	0	0	
450	7.501	0.017	0	2.0	329	5.486	[12.83333333  0.        ]	0	0	
451	7.517	0.017	0	2.0	330	5.503	[13.  0.]	0	0	
452	7.534	0.017	0	2.0	331	5.52	[13.16666667  0.        ]	0	0	
453	7.551	0.017	0	2.0	332	5.536	[13.33333333  0.        ]	0	0	
454	7.569	0.018	0	2.0	333	5.554	[13.5  0. ]	0	0	
455	7.583	0.015	0	2.0	334	5.569	[13.66666667  0.        ]	0	0	
456	7.6	0.017	0	2.0	335	5.586	[13.83333333  0.        ]	0	0	
457	7.617	0.017	0	2.0	336	5.603	[14.  0.]	0	0	
458	7.634	0.017	0	2.0	337	5.62	[14.16666667  0.        ]	0	0	
459	7.65	0.016	0	2.0	338	5.636	[14.33333333  0.        ]	0	0	
460	7.669	0.018	0	2.0	339	5.654	[14.5  0. ]	0	0	
461	7.683	0.015	0	2.0	340	5.669	[14.66666667  0.        ]	0	0	
462	7.7	0.017	0	2.0	341	5.686	[14.83333333  0.        ]	0	0	
463	7.717	0.017	0	2.0	342	5.702	[15.  0.]	0	0	
464	7.733	0.017	0	2.0	343	5.719	[15.16666667  0.        ]	0	0	
465	7.75	0.017	0	2.0	344	5.736	[15.33333333  0.        ]	0	0	
466	7.768	0.018	0	2.0	345	5.754	[15.5  0. ]	0	0	
467	7.784	0.015	0	2.0	346	5.769	[15.66666667  0.        ]	0	0	
468	7.8	0.016	0	2.0	347	5.786	[15.83333333  0.        ]	0	0	
469	7.817	0.017	0	2.0	348	5.802	[16.  0.]	0	0	
470	7.833	0.017	0	2.0	349	5.819	[16.16666667  0.        ]	0	0	
471	7.85	0.017	0	2.0	350	5.836	[16.33333333  0.        ]	0	0	
472	7.869	0.019	0	2.0	351	5.855	[16.5  0. ]	0	0	
473	7.884	0.015	0	2.0	352	5.87	[16.66666667  0.        ]	0	0	
474	7.9	0.016	0	2.0	353	5.886	[16.83333333  0.        ]	0	0	
475	7.917	0.016	0	2.0	354	5.903	[17.  0.]	0	0	
476	7.933	0.017	0	2.0	355	5.919	[17.16666667  0.        ]	0	0	
477	7.95	0.017	0	2.0	356	5.936	[17.33333333  0.        ]	0	0	
478	7.969	0.018	0	2.0	357	5.954	[17.5  0. ]	0	0	
479	7.983	0.015	0	2.0	358	5.969	[17.66666667  0.        ]	0	0	
480	8.0	0.017	0	2.0	359	5.986	[17.83333333  0.        ]	0	0	
481	8.017	0.017	0	2.0	360	6.003	[18.  0.]	0	0	
482	8.033	0.017	0	2.0	361	6.019	[18.16666667  0.        ]	0	0	
483	8.05	0.017	0	2.0	362	6.036	[18.33333333  0.        ]	0	0	
484	8.068	0.018	0	2.0	363	6.054	[18.5  0. ]	0	0	
485	8.084	0.015	0	2.0	364	6.069	[18.66666667  0.        ]	0	0	
486	8.1	0.017	0	2.0	365	6.086	[18.83333333  0.        ]	0	0	
487	8.118	0.017	0	2.0	366	6.103	[19.  0.]	0	0	
488	8.133	0.016	0	2.0	367	6.119	[19.16666667  0.        ]	0	0	
489	8.15	0.017	0	2.0	368	6.136	[19.33333333  0.        ]	0	0	
490	8.167	0.017	0	2.0	369	6.153	[19.5  0. ]	0	0	
491	8.187	0.019	0	2.0	370	6.172	[19.66666667  0.        ]	0	0	
492	8.201	0.014	0	2.0	371	6.187	[19.83333333  0.        ]	0	0	
493	8.217	0.016	0	2.0	372	6.203	[20.  0.]	0	0	
494	8.234	0.017	0	2.0	373	6.22	[20.16666667  0.        ]	0	0	
495	8.25	0.016	0	2.0	374	6.236	[20.33333333  0.        ]	0	0	
496	8.267	0.017	0	2.0	375	6.253	[20.5  0. ]	0	0	
497	8.285	0.018	0	2.0	376	6.271	[20.66666667  0.        ]	0	0	
498	8.3	0.015	0	2.0	377	6.286	[20.83333333  0.        ]	0	0	
499	8.318	0.017	0	2.0	378	6.303	[21.  0.]	0	0	
500	8.334	0.017	0	2.0	379	6.32	[21.16666667  0.        ]	0	0	
501	8.35	0.016	0	2.0	380	6.336	[21.33333333  0.        ]	0	0	
502	8.367	0.017	0	2.0	381	6.353	[21.5  0. ]	0	0	
503	8.387	0.019	0	2.0	382	6.372	[21.66666667  0.        ]	0	0	
504	8.401	0.014	0	2.0	383	6.387	[21.83333333  0.        ]	0	0	
505	8.418	0.017	0	2.0	384	6.404	[22.  0.]	0	0	
506	8.435	0.017	0	2.0	385	6.42	[22.16666667  0.        ]	0	0	
507	8.451	0.016	0	2.0	386	6.437	[22.33333333  0.        ]	0	0	
508	8.468	0.017	0	2.0	387	6.453	[22.5  0. ]	0	0	
509	8.486	0.019	0	2.0	388	6.472	[22.66666667  0.        ]	0	0	
510	8.501	0.015	0	2.0	389	6.487	[22.83333333  0.        ]	0	0	
511	8.518	0.017	0	2.0	390	6.503	[23.  0.]	0	0	
512	8.534	0.017	0	2.0	391	6.52	[23.16666667  0.        ]	0	0	
513	8.551	0.017	0	2.0	392	6.537	[23.33333333  0.        ]	0	0	
514	8.568	0.017	0	2.0	393	6.554	[23.5  0. ]	0	0	
515	8.586	0.018	0	2.0	394	6.572	[23.66666667  0.        ]	0	0	
516	8.601	0.015	0	2.0	395	6.587	[23.83333333  0.        ]	0	0	
517	8.618	0.017	0	2.0	396	6.604	[24.  0.]	0	0	
518	8.634	0.016	0	2.0	397	6.62	[24.16666667  0.        ]	0	0	
519	8.651	0.016	0	2.0	398	6.636	[24.33333333  0.        ]	0	0	
520	8.668	0.017	0	2.0	399	6.653	[24.5  0. ]	0	0	
521	8.687	0.019	0	2.0	400	6.673	[24.66666667  0.        ]	0	0	
522	8.701	0.014	0	2.0	401	6.687	[24.83333333  0.        ]	0	0	
523	8.718	0.017	0	2.0	402	6.704	[25.  0.]	0	0	
524	8.734	0.016	0	2.0	403	6.72	[25.16666667  0.        ]	0	0	
525	8.751	0.017	0	2.0	404	6.737	[25.33333333  0.        ]	0	0	
526	8.768	0.017	0	2.0	405	6.753	[25.5  0. ]	0	0	
527	8.784	0.017	0	2.0	406	6.77	[25.66666667  0.        ]	0	0	
528	8.803	0.019	0	2.0	407	6.789	[25.83333333  0.        ]	0	0	
529	8.818	0.014	0	2.0	408	6.804	[26.  0.]	0	0	
530	8.835	0.017	0	2.0	409	6.82	[26.16666667  0.        ]	0	0	
531	8.851	0.016	0	2.0	410	6.837	[26.33333333  0.        ]	0	0	
532	8.868	0.017	0	2.0	411	6.853	[26.5  0. ]	0	0	
533	8.884	0.017	0	2.0	412	6.87	[26.66666667  0.        ]	0	0	
534	8.904	0.019	0	2.0	413	6.889	[26.83333333  0.        ]	0	0	
535	8.918	0.014	0	2.0	414	6.904	[27.  0.]	0	0	
536	8.935	0.017	0	2.0	415	6.92	[27.16666667  0.        ]	0	0	
537	8.951	0.016	0	2.0	416	6.937	[27.33333333  0.        ]	0	0	
538	8.968	0.017	0	2.0	417	6.953	[27.5  0. ]	0	0	
539	8.984	0.017	0	2.0	418	6.97	[27.66666667  0.        ]	0	0	
540	9.003	0.019	0	2.0	419	6.989	[27.83333333  0.        ]	0	0	
541	9.018	0.015	0	2.0	420	7.004	[28.  0.]	0	0	
542	9.035	0.017	0	2.0	421	7.02	[28.16666667  0.        ]	0	0	
543	9.051	0.016	0	2.0	422	7.037	[28.33333333  0.        ]	0	0	
544	9.068	0.017	0	2.0	423	7.053	[28.5  0. ]	0	0	
545	9.084	0.017	0	2.0	424	7.07	[28.66666667  0.        ]	0	0	
546	9.106	0.021	0	2.0	425	7.091	[28.83333333  0.        ]	0	0	
547	9.12	0.014	0	2.0	426	7.105	[29.  0.]	0	0	
548	9.136	0.017	0	2.0	427	7.122	[29.16666667  0.        ]	0	0	
549	9.153	0.017	0	2.0	428	7.139	[29.33333333  0.        ]	0	0	
550	9.17	0.017	0	2.0	429	7.155	[29.5  0. ]	0	0	
551	9.186	0.017	0	2.0	430	7.172	[29.66666667  0.        ]	0	0	
552	9.205	0.019	0	2.0	431	7.191	[29.83333333  0.        ]	0	0	
553	9.22	0.014	0	2.0	432	7.206	[30.  0.]	0	0	
554	9.236	0.016	0	2.0	433	7.222	[30.16666667  0.        ]	0	0	
555	9.253	0.017	0	2.0	434	7.239	[30.33333333  0.        ]	0	0	
556	9.27	0.017	0	2.0	435	7.255	[30.5  0. ]	0	0	
557	9.287	0.017	0	2.0	436	7.273	[30.66666667  0.        ]	0	0	
558	9.304	0.017	0	2.0	437	7.29	[30.83333333  0.        ]	0	0	
559	9.32	0.015	0	2.0	438	7.305	[31.  0.]	0	0	
560	9.336	0.017	0	2.0	439	7.322	[31.16666667  0.        ]	0	0	
561	9.353	0.017	0	2.0	440	7.339	[31.33333333  0.        ]	0	0	
562	9.37	0.017	0	2.0	441	7.355	[31.5  0. ]	0	0	
563	9.386	0.017	0	2.0	442	7.372	[31.66666667  0.        ]	0	0	
564	9.405	0.019	0	2.0	443	7.391	[31.83333333  0.        ]	0	0	
565	9.42	0.014	0	2.0	444	7.405	[32.  0.]	0	0	
566	9.436	0.017	0	2.0	445	7.422	[32.16666667  0.        ]	0	0	
567	9.453	0.016	0	2.0	446	7.438	[32.33333333  0.        ]	0	0	
568	9.47	0.017	0	2.0	447	7.455	[32.5  0. ]	0	0	
569	9.487	0.017	0	2.0	448	7.472	[32.66666667  0.        ]	0	0	
570	9.503	0.017	0	2.0	449	7.489	[32.83333333  0.        ]	0	0	
571	9.522	0.019	0	2.0	450	7.508	[33.  0.]	0	0	
572	9.536	0.014	0	2.0	451	7.522	[33.16666667  0.        ]	0	0	
573	9.553	0.017	0	2.0	452	7.539	[33.33333333  0.        ]	0	0	
574	9.57	0.017	0	2.0	453	7.555	[33.5  0. ]	0	0	
575	9.586	0.017	0	2.0	454	7.572	[33.66666667  0.        ]	0	0	
576	9.603	0.017	0	2.0	455	7.589	[33.83333333  0.        ]	0	0	
577	9.622	0.019	0	2.0	456	7.608	[34.  0.]	0	0	
578	9.637	0.014	0	2.0	457	7.622	[34.16666667  0.        ]	0	0	
579	9.653	0.017	0	2.0	458	7.639	[34.33333333  0.        ]	0	0	
580	9.67	0.017	0	2.0	459	7.656	[34.5  0. ]	0	0	
581	9.686	0.017	0	2.0	460	7.672	[34.66666667  0.        ]	0	0	
582	9.703	0.017	0	2.0	461	7.689	[34.83333333  0.        ]	0	0	
583	9.722	0.019	0	2.0	462	7.708	[35.  0.]	0	0	
584	9.737	0.014	0	2.0	463	7.722	[35.16666667  0.        ]	0	0	
585	9.753	0.017	0	2.0	464	7.739	[35.33333333  0.        ]	0	0	
586	9.77	0.017	0	2.0	465	7.756	[35.5  0. ]	0	0	
587	9.787	0.017	0	2.0	466	7.772	[35.66666667  0.        ]	0	0	
588	9.803	0.017	0	2.0	467	7.789	[35.83333333  0.        ]	0	0	
589	9.822	0.018	0	2.0	468	7.807	[36.  0.]	0	0	
590	9.837	0.015	0	2.0	469	7.822	[36.16666667  0.        ]	0	0	
591	9.853	0.016	0	2.0	470	7.839	[36.33333333  0.        ]	0	0	
592	9.87	0.017	0	2.0	471	7.856	[36.5  0. ]	0	0	
593	9.887	0.017	0	2.0	472	7.872	[36.66666667  0.        ]	0	0	
594	9.903	0.017	0	2.0	473	7.889	[36.83333333  0.        ]	0	0	
595	9.922	0.019	0	2.0	474	7.908	[37.  0.]	0	0	
596	9.937	0.014	0	2.0	475	7.922	[37.16666667  0.        ]	0	0	
597	9.953	0.017	0	2.0	476	7.939	[37.33333333  0.        ]	0	0	
598	9.97	0.017	0	2.0	477	7.956	[37.5  0. ]	0	0	
599	9.987	0.017	0	2.0	478	7.972	[37.66666667  0.        ]	0	0	
600	10.003	0.017	0	2.0	479	7.989	[37.83333333  0.        ]	0	0	
601	10.023	0.02	0	2.0	480	8.009	[37.83333333  0.        ]	0	0	
602	10.035	0.011	0	3.0	1	0.011	[-41.83333333   0.        ]	0	0	
603	10.052	0.017	0	3.0	2	0.028	[-41.66666667   0.        ]	0	0	
604	10.07	0.018	0	3.0	3	0.046	[-41.5   0. ]	0	0	
605	10.086	0.016	0	3.0	4	0.063	[-41.33333333   0.        ]	0	0	
606	10.103	0.017	0	3.0	5	0.08	[-41.16666667   0.        ]	0	0	
607	10.12	0.017	0	3.0	6	0.096	[-41.   0.]	0	0	
608	10.14	0.02	0	3.0	7	0.116	[-40.83333333   0.        ]	0	0	
609	10.153	0.013	0	3.0	8	0.13	[-40.66666667   0.        ]	0	0	
610	10.17	0.017	0	3.0	9	0.146	[-40.5   0. ]	0	0	
611	10.186	0.017	0	3.0	10	0.163	[-40.33333333   0.        ]	0	0	
612	10.203	0.017	0	3.0	11	0.18	[-40.16666667   0.        ]	0	0	
613	10.22	0.017	0	3.0	12	0.196	[-40.   0.]	0	0	
614	10.24	0.02	0	3.0	13	0.216	[-39.83333333   0.        ]	0	0	
615	10.253	0.014	0	3.0	14	0.23	[-39.66666667   0.        ]	0	0	
616	10.27	0.017	0	3.0	15	0.246	[-39.5   0. ]	0	0	
617	10.287	0.017	0	3.0	16	0.263	[-39.33333333   0.        ]	0	0	
618	10.303	0.017	0	3.0	17	0.28	[-39.16666667   0.        ]	0	0	
619	10.32	0.017	0	3.0	18	0.296	[-39.   0.]	0	0	
620	10.34	0.02	0	3.0	19	0.316	[-38.83333333   0.        ]	0	0	
621	10.355	0.015	0	3.0	20	0.331	[-38.66666667   0.        ]	0	0	
622	10.37	0.015	0	3.0	21	0.346	[-38.5   0. ]	0	0	
623	10.387	0.017	0	3.0	22	0.363	[-38.33333333   0.        ]	0	0	
624	10.403	0.017	0	3.0	23	0.38	[-38.16666667   0.        ]	0	0	
625	10.42	0.017	0	3.0	24	0.396	[-38.   0.]	0	0	
626	10.44	0.02	0	3.0	25	0.416	[-37.83333333   0.        ]	0	0	
627	10.453	0.014	0	3.0	26	0.43	[-37.66666667   0.        ]	0	0	
628	10.47	0.017	0	3.0	27	0.446	[-37.5   0. ]	0	0	
629	10.487	0.017	0	3.0	28	0.463	[-37.33333333   0.        ]	0	0	
630	10.503	0.017	0	3.0	29	0.48	[-37.16666667   0.        ]	0	0	
631	10.52	0.017	0	3.0	30	0.496	[-37.   0.]	0	0	
632	10.54	0.02	0	3.0	31	0.516	[-36.83333333   0.        ]	0	0	
633	10.553	0.014	0	3.0	32	0.53	[-36.66666667   0.        ]	0	0	
634	10.57	0.017	0	3.0	33	0.547	[-36.5   0. ]	0	0	
635	10.587	0.016	0	3.0	34	0.563	[-36.33333333   0.        ]	0	0	
636	10.603	0.017	0	3.0	35	0.58	[-36.16666667   0.        ]	0	0	
637	10.62	0.017	0	3.0	36	0.596	[-36.   0.]	0	0	
638	10.639	0.019	0	3.0	37	0.616	[-35.83333333   0.        ]	0	0	
639	10.653	0.014	0	3.0	38	0.63	[-35.66666667   0.        ]	0	0	
640	10.67	0.017	0	3.0	39	0.646	[-35.5   0. ]	0	0	
641	10.687	0.017	0	3.0	40	0.663	[-35.33333333   0.        ]	0	0	
642	10.704	0.017	0	3.0	41	0.68	[-35.16666667   0.        ]	0	0	
643	10.72	0.016	0	3.0	42	0.696	[-35.   0.]	0	0	
644	10.737	0.017	0	3.0	43	0.713	[-34.83333333   0.        ]	0	0	
645	10.756	0.019	0	3.0	44	0.732	[-34.66666667   0.        ]	0	0	
646	10.77	0.014	0	3.0	45	0.746	[-34.5   0. ]	0	0	
647	10.788	0.018	0	3.0	46	0.764	[-34.33333333   0.        ]	0	0	
648	10.803	0.016	0	3.0	47	0.78	[-34.16666667   0.        ]	0	0	
649	10.82	0.017	0	3.0	48	0.796	[-34.   0.]	0	0	
650	10.837	0.017	0	3.0	49	0.813	[-33.83333333   0.        ]	0	0	
651	10.857	0.02	0	3.0	50	0.833	[-33.66666667   0.        ]	0	0	
652	10.87	0.013	0	3.0	51	0.846	[-33.5   0. ]	0	0	
653	10.887	0.017	0	3.0	52	0.863	[-33.33333333   0.        ]	0	0	
654	10.903	0.017	0	3.0	53	0.88	[-33.16666667   0.        ]	0	0	
655	10.92	0.017	0	3.0	54	0.897	[-33.   0.]	0	0	
656	10.937	0.017	0	3.0	55	0.913	[-32.83333333   0.        ]	0	0	
657	10.956	0.019	0	3.0	56	0.932	[-32.66666667   0.        ]	0	0	
658	10.97	0.014	0	3.0	57	0.947	[-32.5   0. ]	0	0	
659	10.988	0.017	0	3.0	58	0.964	[-32.33333333   0.        ]	0	0	
660	11.004	0.016	0	3.0	59	0.98	[-32.16666667   0.        ]	0	0	
661	11.02	0.017	0	3.0	60	0.996	[-32.   0.]	0	0	
662	11.037	0.017	0	3.0	61	1.013	[-31.83333333   0.        ]	0	0	
663	11.056	0.019	0	3.0	62	1.032	[-31.66666667   0.        ]	0	0	
664	11.07	0.014	0	3.0	63	1.047	[-31.5   0. ]	0	0	
665	11.087	0.017	0	3.0	64	1.063	[-31.33333333   0.        ]	0	0	
666	11.104	0.017	0	3.0	65	1.08	[-31.16666667   0.        ]	0	0	
667	11.12	0.017	0	3.0	66	1.097	[-31.   0.]	0	0	
668	11.137	0.017	0	3.0	67	1.113	[-30.83333333   0.        ]	0	0	
669	11.157	0.02	0	3.0	68	1.133	[-30.66666667   0.        ]	0	0	
670	11.17	0.013	0	3.0	69	1.147	[-30.5   0. ]	0	0	
671	11.187	0.017	0	3.0	70	1.163	[-30.33333333   0.        ]	0	0	
672	11.204	0.017	0	3.0	71	1.18	[-30.16666667   0.        ]	0	0	
673	11.22	0.017	0	3.0	72	1.197	[-30.   0.]	0	0	
674	11.237	0.017	0	3.0	73	1.213	[-29.83333333   0.        ]	0	0	
675	11.255	0.018	0	3.0	74	1.231	[-29.66666667   0.        ]	0	0	
676	11.273	0.018	0	3.0	75	1.249	[-29.5   0. ]	0	0	
677	11.287	0.014	0	3.0	76	1.263	[-29.33333333   0.        ]	0	0	
678	11.304	0.017	0	3.0	77	1.28	[-29.16666667   0.        ]	0	0	
679	11.32	0.017	0	3.0	78	1.297	[-29.   0.]	0	0	
680	11.337	0.017	0	3.0	79	1.313	[-28.83333333   0.        ]	0	0	
681	11.354	0.017	0	3.0	80	1.33	[-28.66666667   0.        ]	0	0	
682	11.374	0.02	0	3.0	81	1.35	[-28.5   0. ]	0	0	
683	11.387	0.013	0	3.0	82	1.363	[-28.33333333   0.        ]	0	0	
684	11.404	0.017	0	3.0	83	1.38	[-28.16666667   0.        ]	0	0	
685	11.42	0.016	0	3.0	84	1.397	[-28.   0.]	0	0	
686	11.437	0.017	0	3.0	85	1.413	[-27.83333333   0.        ]	0	0	
687	11.454	0.017	0	3.0	86	1.43	[-27.66666667   0.        ]	0	0	
688	11.474	0.02	0	3.0	87	1.45	[-27.5   0. ]	0	0	
689	11.487	0.013	0	3.0	88	1.463	[-27.33333333   0.        ]	0	0	
690	11.504	0.017	0	3.0	89	1.48	[-27.16666667   0.        ]	0	0	
691	11.52	0.017	0	3.0	90	1.497	[-27.   0.]	0	0	
692	11.537	0.017	0	3.0	91	1.513	[-26.83333333   0.        ]	0	0	
693	11.554	0.017	0	3.0	92	1.53	[-26.66666667   0.        ]	0	0	
694	11.573	0.019	0	3.0	93	1.549	[-26.5   0. ]	0	0	
695	11.587	0.014	0	3.0	94	1.563	[-26.33333333   0.        ]	0	0	
696	11.604	0.017	0	3.0	95	1.581	[-26.16666667   0.        ]	0	0	
697	11.62	0.016	0	3.0	96	1.597	[-26.   0.]	0	0	
698	11.637	0.017	0	3.0	97	1.613	[-25.83333333   0.        ]	0	0	
699	11.654	0.017	0	3.0	98	1.63	[-25.66666667   0.        ]	0	0	
700	11.674	0.02	0	3.0	99	1.65	[-25.5   0. ]	0	0	
701	11.687	0.014	0	3.0	100	1.663	[-25.33333333   0.        ]	0	0	
702	11.704	0.017	0	3.0	101	1.68	[-25.16666667   0.        ]	0	0	
703	11.72	0.017	0	3.0	102	1.697	[-25.   0.]	0	0	
704	11.737	0.017	0	3.0	103	1.713	[-24.83333333   0.        ]	0	0	
705	11.754	0.017	0	3.0	104	1.73	[-24.66666667   0.        ]	0	0	
706	11.77	0.017	0	3.0	105	1.747	[-24.5   0. ]	0	0	
707	11.79	0.02	0	3.0	106	1.767	[-24.33333333   0.        ]	0	0	
708	11.804	0.014	0	3.0	107	1.78	[-24.16666667   0.        ]	0	0	
709	11.82	0.017	0	3.0	108	1.797	[-24.   0.]	0	0	
710	11.837	0.017	0	3.0	109	1.813	[-23.83333333   0.        ]	0	0	
711	11.854	0.017	0	3.0	110	1.83	[-23.66666667   0.        ]	0	0	
712	11.87	0.017	0	3.0	111	1.847	[-23.5   0. ]	0	0	
713	11.891	0.02	0	3.0	112	1.867	[-23.33333333   0.        ]	0	0	
714	11.904	0.013	0	3.0	113	1.88	[-23.16666667   0.        ]	0	0	
715	11.921	0.017	0	3.0	114	1.897	[-23.   0.]	0	0	
716	11.937	0.016	0	3.0	115	1.913	[-22.83333333   0.        ]	0	0	
717	11.954	0.017	0	3.0	116	1.93	[-22.66666667   0.        ]	0	0	
718	11.97	0.017	0	3.0	117	1.947	[-22.5   0. ]	0	0	
719	11.99	0.02	0	3.0	118	1.967	[-22.33333333   0.        ]	0	0	
720	12.004	0.013	0	3.0	119	1.98	[-22.16666667   0.        ]	0	0	
721	12.021	0.017	0	3.0	120	1.997	[-22.   0.]	0	0	
722	12.038	0.017	0	3.0	121	2.014	[-21.83333333   0.        ]	0	0	
723	12.054	0.016	0	3.0	122	2.03	[-21.66666667   0.        ]	0	0	
724	12.071	0.017	0	3.0	123	2.047	[-21.5   0. ]	0	0	
725	12.09	0.019	0	3.0	124	2.066	[-21.33333333   0.        ]	0	0	
726	12.104	0.014	0	3.0	125	2.08	[-21.16666667   0.        ]	0	0	
727	12.121	0.017	0	3.0	126	2.097	[-21.   0.]	0	0	
728	12.137	0.017	0	3.0	127	2.114	[-20.83333333   0.        ]	0	0	
729	12.154	0.017	0	3.0	128	2.13	[-20.66666667   0.        ]	0	0	
730	12.171	0.017	0	3.0	129	2.147	[-20.5   0. ]	0	0	
731	12.191	0.02	0	3.0	130	2.167	[-20.33333333   0.        ]	0	0	
732	12.204	0.013	0	3.0	131	2.18	[-20.16666667   0.        ]	0	0	
733	12.221	0.017	0	3.0	132	2.197	[-20.   0.]	0	0	
734	12.237	0.016	0	3.0	133	2.214	[-19.83333333   0.        ]	0	0	
735	12.254	0.017	0	3.0	134	2.23	[-19.66666667   0.        ]	0	0	
736	12.27	0.017	0	3.0	135	2.247	[-19.5   0. ]	0	0	
737	12.287	0.017	0	3.0	136	2.264	[-19.33333333   0.        ]	0	0	
738	12.307	0.019	0	3.0	137	2.283	[-19.16666667   0.        ]	0	0	
739	12.321	0.014	0	3.0	138	2.297	[-19.   0.]	0	0	
740	12.337	0.016	0	3.0	139	2.314	[-18.83333333   0.        ]	0	0	
741	12.354	0.017	0	3.0	140	2.33	[-18.66666667   0.        ]	0	0	
742	12.371	0.017	0	3.0	141	2.347	[-18.5   0. ]	0	0	
743	12.387	0.017	0	3.0	142	2.364	[-18.33333333   0.        ]	0	0	
744	12.406	0.019	0	3.0	143	2.383	[-18.16666667   0.        ]	0	0	
745	12.421	0.014	0	3.0	144	2.397	[-18.   0.]	0	0	
746	12.437	0.017	0	3.0	145	2.414	[-17.83333333   0.        ]	0	0	
747	12.454	0.017	0	3.0	146	2.43	[-17.66666667   0.        ]	0	0	
748	12.471	0.017	0	3.0	147	2.447	[-17.5   0. ]	0	0	
749	12.487	0.017	0	3.0	148	2.464	[-17.33333333   0.        ]	0	0	
750	12.507	0.02	0	3.0	149	2.483	[-17.16666667   0.        ]	0	0	
751	12.521	0.014	0	3.0	150	2.497	[-17.   0.]	0	0	
752	12.537	0.017	0	3.0	151	2.514	[-16.83333333   0.        ]	0	0	
753	12.554	0.017	0	3.0	152	2.53	[-16.66666667   0.        ]	0	0	
754	12.571	0.017	0	3.0	153	2.547	[-16.5   0. ]	0	0	
755	12.587	0.017	0	3.0	154	2.564	[-16.33333333   0.        ]	0	0	
756	12.607	0.019	0	3.0	155	2.583	[-16.16666667   0.        ]	0	0	
757	12.621	0.014	0	3.0	156	2.597	[-16.   0.]	0	0	
758	12.637	0.017	0	3.0	157	2.614	[-15.83333333   0.        ]	0	0	
759	12.654	0.017	0	3.0	158	2.63	[-15.66666667   0.        ]	0	0	
760	12.671	0.017	0	3.0	159	2.647	[-15.5   0. ]	0	0	
761	12.687	0.017	0	3.0	160	2.664	[-15.33333333   0.        ]	0	0	
762	12.704	0.017	0	3.0	161	2.681	[-15.16666667   0.        ]	0	0	
763	12.724	0.019	0	3.0	162	2.7	[-15.   0.]	0	0	
764	12.737	0.014	0	3.0	163	2.714	[-14.83333333   0.        ]	0	0	
765	12.754	0.017	0	3.0	164	2.731	[-14.66666667   0.        ]	0	0	
766	12.771	0.017	0	3.0	165	2.747	[-14.5   0. ]	0	0	
767	12.787	0.016	0	3.0	166	2.764	[-14.33333333   0.        ]	0	0	
768	12.804	0.017	0	3.0	167	2.78	[-14.16666667   0.        ]	0	0	
769	12.823	0.019	0	3.0	168	2.8	[-14.   0.]	0	0	
770	12.839	0.015	0	3.0	169	2.815	[-13.83333333   0.        ]	0	0	
771	12.854	0.015	0	3.0	170	2.831	[-13.66666667   0.        ]	0	0	
772	12.871	0.017	0	3.0	171	2.847	[-13.5   0. ]	0	0	
773	12.887	0.017	0	3.0	172	2.864	[-13.33333333   0.        ]	0	0	
774	12.904	0.017	0	3.0	173	2.881	[-13.16666667   0.        ]	0	0	
775	12.924	0.019	0	3.0	174	2.9	[-13.   0.]	0	0	
776	12.937	0.014	0	3.0	175	2.914	[-12.83333333   0.        ]	0	0	
777	12.954	0.017	0	3.0	176	2.931	[-12.66666667   0.        ]	0	0	
778	12.971	0.017	0	3.0	177	2.947	[-12.5   0. ]	0	0	
779	12.987	0.017	0	3.0	178	2.964	[-12.33333333   0.        ]	0	0	
780	13.004	0.017	0	3.0	179	2.981	[-12.16666667   0.        ]	0	0	
781	13.024	0.019	0	3.0	180	3.0	[-12.   0.]	0	0	
782	13.038	0.014	0	3.0	181	3.014	[-11.83333333   0.        ]	0	0	
783	13.054	0.017	0	3.0	182	3.031	[-11.66666667   0.        ]	0	0	
784	13.071	0.017	0	3.0	183	3.047	[-11.5   0. ]	0	0	
785	13.087	0.017	0	3.0	184	3.064	[-11.33333333   0.        ]	0	0	
786	13.104	0.017	0	3.0	185	3.081	[-11.16666667   0.        ]	0	0	
787	13.123	0.019	0	3.0	186	3.1	[-11.   0.]	0	0	
788	13.138	0.014	0	3.0	187	3.114	[-10.83333333   0.        ]	0	0	
789	13.155	0.017	0	3.0	188	3.131	[-10.66666667   0.        ]	0	0	
790	13.171	0.016	0	3.0	189	3.147	[-10.5   0. ]	0	0	
791	13.188	0.017	0	3.0	190	3.164	[-10.33333333   0.        ]	0	0	
792	13.204	0.017	0	3.0	191	3.181	[-10.16666667   0.        ]	0	0	
793	13.221	0.017	0	3.0	192	3.197	[-10.   0.]	0	0	
794	13.241	0.02	0	3.0	193	3.217	[-9.83333333  0.        ]	0	0	
795	13.255	0.014	0	3.0	194	3.231	[-9.66666667  0.        ]	0	0	
796	13.271	0.016	0	3.0	195	3.247	[-9.5  0. ]	0	0	
797	13.288	0.017	0	3.0	196	3.264	[-9.33333333  0.        ]	0	0	
798	13.305	0.018	0	3.0	197	3.282	[-9.16666667  0.        ]	0	0	
799	13.321	0.016	0	3.0	198	3.297	[-9.  0.]	0	0	
800	13.341	0.02	0	3.0	199	3.317	[-8.83333333  0.        ]	0	0	
801	13.354	0.014	0	3.0	200	3.331	[-8.66666667  0.        ]	0	0	
802	13.371	0.017	0	3.0	201	3.347	[-8.5  0. ]	0	0	
803	13.387	0.016	0	3.0	202	3.364	[-8.33333333  0.        ]	0	0	
804	13.404	0.017	0	3.0	203	3.381	[-8.16666667  0.        ]	0	0	
805	13.421	0.017	0	3.0	204	3.397	[-8.  0.]	0	0	
806	13.441	0.02	0	3.0	205	3.417	[-7.83333333  0.        ]	0	0	
807	13.454	0.013	0	3.0	206	3.431	[-7.66666667  0.        ]	0	0	
808	13.472	0.018	0	3.0	207	3.448	[-7.5  0. ]	0	0	
809	13.488	0.016	0	3.0	208	3.464	[-7.33333333  0.        ]	0	0	
810	13.504	0.017	0	3.0	209	3.481	[-7.16666667  0.        ]	0	0	
811	13.521	0.017	0	3.0	210	3.497	[-7.  0.]	0	0	
812	13.541	0.02	0	3.0	211	3.517	[-6.83333333  0.        ]	0	0	
813	13.554	0.013	0	3.0	212	3.531	[-6.66666667  0.        ]	0	0	
814	13.571	0.017	0	3.0	213	3.548	[-6.5  0. ]	0	0	
815	13.588	0.017	0	3.0	214	3.564	[-6.33333333  0.        ]	0	0	
816	13.605	0.017	0	3.0	215	3.581	[-6.16666667  0.        ]	0	0	
817	13.621	0.016	0	3.0	216	3.597	[-6.  0.]	0	0	
818	13.641	0.02	0	3.0	217	3.618	[-5.83333333  0.        ]	0	0	
819	13.655	0.013	0	3.0	218	3.631	[-5.66666667  0.        ]	0	0	
820	13.671	0.016	0	3.0	219	3.647	[-5.5  0. ]	0	0	
821	13.688	0.017	0	3.0	220	3.664	[-5.33333333  0.        ]	0	0	
822	13.704	0.016	0	3.0	221	3.68	[-5.16666667  0.        ]	0	0	
823	13.721	0.017	0	3.0	222	3.697	[-5.  0.]	0	0	
824	13.74	0.019	0	3.0	223	3.717	[-4.83333333  0.        ]	0	0	
825	13.755	0.014	0	3.0	224	3.731	[-4.66666667  0.        ]	0	0	
826	13.771	0.017	0	3.0	225	3.748	[-4.5  0. ]	0	0	
827	13.789	0.018	0	3.0	226	3.765	[-4.33333333  0.        ]	0	0	
828	13.805	0.016	0	3.0	227	3.781	[-4.16666667  0.        ]	0	0	
829	13.821	0.017	0	3.0	228	3.798	[-4.  0.]	0	0	
830	13.841	0.02	0	3.0	229	3.817	[-3.83333333  0.        ]	0	0	
831	13.855	0.014	0	3.0	230	3.831	[-3.66666667  0.        ]	0	0	
832	13.871	0.016	0	3.0	231	3.848	[-3.5  0. ]	0	0	
833	13.888	0.016	0	3.0	232	3.864	[-3.33333333  0.        ]	0	0	
834	13.905	0.017	0	3.0	233	3.881	[-3.16666667  0.        ]	0	0	
835	13.921	0.017	0	3.0	234	3.898	[-3.  0.]	0	0	
836	13.938	0.017	0	3.0	235	3.914	[-2.83333333  0.        ]	0	0	
837	13.958	0.02	0	3.0	236	3.934	[-2.66666667  0.        ]	0	0	
838	13.971	0.013	0	3.0	237	3.948	[-2.5  0. ]	0	0	
839	13.988	0.017	0	3.0	238	3.964	[-2.33333333  0.        ]	0	0	
840	14.005	0.017	0	3.0	239	3.981	[-2.16666667  0.        ]	0	0	
841	14.021	0.017	0	3.0	240	3.998	[-2.  0.]	0	0	
842	14.039	0.018	0	3.0	241	4.015	[-1.83333333  0.        ]	0	0	
843	14.057	0.019	0	3.0	242	4.034	[-1.66666667  0.        ]	0	0	
844	14.071	0.014	0	3.0	243	4.048	[-1.5  0. ]	0	0	
845	14.088	0.017	0	3.0	244	4.064	[-1.33333333  0.        ]	0	0	
846	14.107	0.019	0	3.0	245	4.083	[-1.16666667  0.        ]	0	0	
847	14.123	0.016	0	3.0	246	4.1	[-1.  0.]	0	0	
848	14.14	0.016	0	3.0	247	4.116	[-0.83333333  0.        ]	0	0	
849	14.158	0.018	0	3.0	248	4.134	[-0.66666667  0.        ]	0	0	
850	14.173	0.016	0	3.0	249	4.15	[-0.5  0. ]	0	0	
851	14.191	0.017	0	3.0	250	4.167	[-0.33333333  0.        ]	0	0	
852	14.206	0.016	0	3.0	251	4.183	[-0.16666667  0.        ]	0	0	
853	14.223	0.017	0	3.0	252	4.2	[-5.12367926e-14  0.00000000e+00]	0	0	
854	14.241	0.017	0	3.0	253	4.217	[0.16666667 0.        ]	0	0	
855	14.258	0.018	0	3.0	254	4.234	[0.33333333 0.        ]	0	0	
856	14.274	0.016	0	3.0	255	4.25	[0.5 0. ]	0	0	
857	14.29	0.016	0	3.0	256	4.267	[0.66666667 0.        ]	0	0	
858	14.306	0.016	0	3.0	257	4.283	[0.83333333 0.        ]	0	0	
859	14.324	0.017	0	3.0	258	4.3	[1. 0.]	0	0	
860	14.341	0.017	0	3.0	259	4.317	[1.16666667 0.        ]	0	0	
861	14.358	0.017	0	3.0	260	4.334	[1.33333333 0.        ]	0	0	
862	14.373	0.015	0	3.0	261	4.35	[1.5 0. ]	0	0	
863	14.39	0.017	0	3.0	262	4.367	[1.66666667 0.        ]	0	0	
864	14.407	0.016	0	3.0	263	4.383	[1.83333333 0.        ]	0	0	
865	14.424	0.017	0	3.0	264	4.4	[2. 0.]	0	0	
866	14.44	0.016	0	3.0	265	4.416	[2.16666667 0.        ]	0	0	
867	14.459	0.019	0	3.0	266	4.435	[2.33333333 0.        ]	0	0	
868	14.474	0.015	0	3.0	267	4.45	[2.5 0. ]	0	0	
869	14.489	0.016	0	3.0	268	4.466	[2.66666667 0.        ]	0	0	
870	14.507	0.018	0	3.0	269	4.483	[2.83333333 0.        ]	0	0	
871	14.524	0.017	0	3.0	270	4.5	[3. 0.]	0	0	
872	14.541	0.017	0	3.0	271	4.517	[3.16666667 0.        ]	0	0	
873	14.56	0.019	0	3.0	272	4.536	[3.33333333 0.        ]	0	0	
874	14.571	0.011	0	3.0	273	4.548	[3.5 0. ]	0	0	
875	14.59	0.019	0	3.0	274	4.566	[3.66666667 0.        ]	0	0	
876	14.606	0.016	0	3.0	275	4.582	[3.83333333 0.        ]	0	0	
877	14.624	0.018	0	3.0	276	4.6	[4. 0.]	0	0	
878	14.64	0.016	0	3.0	277	4.616	[4.16666667 0.        ]	0	0	
879	14.656	0.016	0	3.0	278	4.632	[4.33333333 0.        ]	0	0	
880	14.675	0.019	0	3.0	279	4.651	[4.5 0. ]	0	0	
881	14.69	0.015	0	3.0	280	4.667	[4.66666667 0.        ]	0	0	
882	14.706	0.016	0	3.0	281	4.683	[4.83333333 0.        ]	0	0	
883	14.724	0.017	0	3.0	282	4.7	[5. 0.]	0	0	
884	14.74	0.016	0	3.0	283	4.716	[5.16666667 0.        ]	0	0	
885	14.757	0.017	0	3.0	284	4.733	[5.33333333 0.        ]	0	0	
886	14.775	0.018	0	3.0	285	4.751	[5.5 0. ]	0	0	
887	14.79	0.015	0	3.0	286	4.766	[5.66666667 0.        ]	0	0	
888	14.807	0.017	0	3.0	287	4.783	[5.83333333 0.        ]	0	0	
889	14.824	0.017	0	3.0	288	4.8	[6. 0.]	0	0	
890	14.84	0.016	0	3.0	289	4.816	[6.16666667 0.        ]	0	0	
891	14.857	0.017	0	3.0	290	4.833	[6.33333333 0.        ]	0	0	
892	14.875	0.018	0	3.0	291	4.851	[6.5 0. ]	0	0	
893	14.891	0.016	0	3.0	292	4.867	[6.66666667 0.        ]	0	0	
894	14.907	0.016	0	3.0	293	4.883	[6.83333333 0.        ]	0	0	
895	14.924	0.018	0	3.0	294	4.901	[7. 0.]	0	0	
896	14.94	0.015	0	3.0	295	4.916	[7.16666667 0.        ]	0	0	
897	14.957	0.017	0	3.0	296	4.933	[7.33333333 0.        ]	0	0	
898	14.975	0.018	0	3.0	297	4.951	[7.5 0. ]	0	0	
899	14.991	0.016	0	3.0	298	4.967	[7.66666667 0.        ]	0	0	
900	15.007	0.016	0	3.0	299	4.983	[7.83333333 0.        ]	0	0	
901	15.023	0.016	0	3.0	300	5.0	[8. 0.]	0	0	
902	15.04	0.017	0	3.0	301	5.017	[8.16666667 0.        ]	0	0	
903	15.056	0.016	0	3.0	302	5.033	[8.33333333 0.        ]	0	0	
904	15.075	0.019	0	3.0	303	5.051	[8.5 0. ]	0	0	
905	15.09	0.015	0	3.0	304	5.066	[8.66666667 0.        ]	0	0	
906	15.106	0.017	0	3.0	305	5.083	[8.83333333 0.        ]	0	0	
907	15.124	0.017	0	3.0	306	5.1	[9. 0.]	0	0	
908	15.14	0.016	0	3.0	307	5.116	[9.16666667 0.        ]	0	0	
909	15.156	0.017	0	3.0	308	5.132	[9.33333333 0.        ]	0	0	
910	15.175	0.019	0	3.0	309	5.151	[9.5 0. ]	0	0	
911	15.188	0.014	0	3.0	310	5.165	[9.66666667 0.        ]	0	0	
912	15.206	0.018	0	3.0	311	5.183	[9.83333333 0.        ]	0	0	
913	15.223	0.017	0	3.0	312	5.2	[10.  0.]	0	0	
914	15.24	0.017	0	3.0	313	5.217	[10.16666667  0.        ]	0	0	
915	15.256	0.016	0	3.0	314	5.232	[10.33333333  0.        ]	0	0	
916	15.275	0.019	0	3.0	315	5.252	[10.5  0. ]	0	0	
917	15.288	0.013	0	3.0	316	5.265	[10.66666667  0.        ]	0	0	
918	15.308	0.02	0	3.0	317	5.284	[10.83333333  0.        ]	0	0	
919	15.323	0.015	0	3.0	318	5.3	[11.  0.]	0	0	
920	15.34	0.016	0	3.0	319	5.316	[11.16666667  0.        ]	0	0	
921	15.357	0.017	0	3.0	320	5.333	[11.33333333  0.        ]	0	0	
922	15.373	0.016	0	3.0	321	5.349	[11.5  0. ]	0	0	
923	15.391	0.019	0	3.0	322	5.368	[11.66666667  0.        ]	0	0	
924	15.407	0.016	0	3.0	323	5.383	[11.83333333  0.        ]	0	0	
925	15.423	0.016	0	3.0	324	5.399	[12.  0.]	0	0	
926	15.441	0.018	0	3.0	325	5.418	[12.16666667  0.        ]	0	0	
927	15.457	0.015	0	3.0	326	5.433	[12.33333333  0.        ]	0	0	
928	15.472	0.016	0	3.0	327	5.449	[12.5  0. ]	0	0	
929	15.491	0.019	0	3.0	328	5.468	[12.66666667  0.        ]	0	0	
930	15.507	0.015	0	3.0	329	5.483	[12.83333333  0.        ]	0	0	
931	15.524	0.017	0	3.0	330	5.5	[13.  0.]	0	0	
932	15.541	0.017	0	3.0	331	5.517	[13.16666667  0.        ]	0	0	
933	15.557	0.016	0	3.0	332	5.533	[13.33333333  0.        ]	0	0	
934	15.574	0.017	0	3.0	333	5.55	[13.5  0. ]	0	0	
935	15.592	0.018	0	3.0	334	5.568	[13.66666667  0.        ]	0	0	
936	15.607	0.015	0	3.0	335	5.583	[13.83333333  0.        ]	0	0	
937	15.624	0.017	0	3.0	336	5.6	[14.  0.]	0	0	
938	15.64	0.017	0	3.0	337	5.617	[14.16666667  0.        ]	0	0	
939	15.657	0.017	0	3.0	338	5.634	[14.33333333  0.        ]	0	0	
940	15.674	0.017	0	3.0	339	5.651	[14.5  0. ]	0	0	
941	15.691	0.017	0	3.0	340	5.668	[14.66666667  0.        ]	0	0	
942	15.707	0.016	0	3.0	341	5.684	[14.83333333  0.        ]	0	0	
943	15.724	0.017	0	3.0	342	5.701	[15.  0.]	0	0	
944	15.74	0.015	0	3.0	343	5.716	[15.16666667  0.        ]	0	0	
945	15.757	0.017	0	3.0	344	5.734	[15.33333333  0.        ]	0	0	
946	15.774	0.017	0	3.0	345	5.75	[15.5  0. ]	0	0	
947	15.792	0.018	0	3.0	346	5.768	[15.66666667  0.        ]	0	0	
948	15.807	0.015	0	3.0	347	5.784	[15.83333333  0.        ]	0	0	
949	15.824	0.016	0	3.0	348	5.8	[16.  0.]	0	0	
950	15.841	0.017	0	3.0	349	5.817	[16.16666667  0.        ]	0	0	
951	15.857	0.016	0	3.0	350	5.833	[16.33333333  0.        ]	0	0	
952	15.875	0.018	0	3.0	351	5.851	[16.5  0. ]	0	0	
953	15.894	0.019	0	3.0	352	5.87	[16.66666667  0.        ]	0	0	
954	15.905	0.011	0	3.0	353	5.882	[16.83333333  0.        ]	0	0	
955	15.925	0.019	0	3.0	354	5.901	[17.  0.]	0	0	
956	15.94	0.016	0	3.0	355	5.917	[17.16666667  0.        ]	0	0	
957	15.958	0.017	0	3.0	356	5.934	[17.33333333  0.        ]	0	0	
958	15.974	0.016	0	3.0	357	5.95	[17.5  0. ]	0	0	
959	15.991	0.017	0	3.0	358	5.967	[17.66666667  0.        ]	0	0	
960	16.008	0.017	0	3.0	359	5.985	[17.83333333  0.        ]	0	0	
961	16.025	0.016	0	3.0	360	6.001	[18.  0.]	0	0	
962	16.041	0.016	0	3.0	361	6.017	[18.16666667  0.        ]	0	0	
963	16.057	0.016	0	3.0	362	6.033	[18.33333333  0.        ]	0	0	
964	16.074	0.017	0	3.0	363	6.051	[18.5  0. ]	0	0	
965	16.091	0.016	0	3.0	364	6.067	[18.66666667  0.        ]	0	0	
966	16.108	0.018	0	3.0	365	6.085	[18.83333333  0.        ]	0	0	
967	16.123	0.015	0	3.0	366	6.1	[19.  0.]	0	0	
968	16.141	0.017	0	3.0	367	6.117	[19.16666667  0.        ]	0	0	
969	16.156	0.016	0	3.0	368	6.133	[19.33333333  0.        ]	0	0	
970	16.174	0.018	0	3.0	369	6.15	[19.5  0. ]	0	0	
971	16.191	0.017	0	3.0	370	6.168	[19.66666667  0.        ]	0	0	
972	16.208	0.017	0	3.0	371	6.185	[19.83333333  0.        ]	0	0	
973	16.224	0.016	0	3.0	372	6.201	[20.  0.]	0	0	
974	16.24	0.016	0	3.0	373	6.216	[20.16666667  0.        ]	0	0	
975	16.258	0.018	0	3.0	374	6.234	[20.33333333  0.        ]	0	0	
976	16.274	0.016	0	3.0	375	6.25	[20.5  0. ]	0	0	
977	16.291	0.017	0	3.0	376	6.267	[20.66666667  0.        ]	0	0	
978	16.309	0.018	0	3.0	377	6.285	[20.83333333  0.        ]	0	0	
979	16.325	0.016	0	3.0	378	6.301	[21.  0.]	0	0	
980	16.341	0.016	0	3.0	379	6.317	[21.16666667  0.        ]	0	0	
981	16.358	0.017	0	3.0	380	6.334	[21.33333333  0.        ]	0	0	
982	16.374	0.017	0	3.0	381	6.351	[21.5  0. ]	0	0	
983	16.39	0.016	0	3.0	382	6.366	[21.66666667  0.        ]	0	0	
984	16.408	0.018	0	3.0	383	6.385	[21.83333333  0.        ]	0	0	
985	16.424	0.016	0	3.0	384	6.4	[22.  0.]	0	0	
986	16.441	0.017	0	3.0	385	6.417	[22.16666667  0.        ]	0	0	
987	16.458	0.017	0	3.0	386	6.434	[22.33333333  0.        ]	0	0	
988	16.474	0.016	0	3.0	387	6.451	[22.5  0. ]	0	0	
989	16.49	0.016	0	3.0	388	6.467	[22.66666667  0.        ]	0	0	
990	16.509	0.019	0	3.0	389	6.485	[22.83333333  0.        ]	0	0	
991	16.525	0.016	0	3.0	390	6.501	[23.  0.]	0	0	
992	16.541	0.016	0	3.0	391	6.517	[23.16666667  0.        ]	0	0	
993	16.558	0.017	0	3.0	392	6.534	[23.33333333  0.        ]	0	0	
994	16.574	0.016	0	3.0	393	6.55	[23.5  0. ]	0	0	
995	16.591	0.017	0	3.0	394	6.567	[23.66666667  0.        ]	0	0	
996	16.608	0.017	0	3.0	395	6.584	[23.83333333  0.        ]	0	0	
997	16.625	0.018	0	3.0	396	6.602	[24.  0.]	0	0	
998	16.641	0.016	0	3.0	397	6.617	[24.16666667  0.        ]	0	0	
999	16.657	0.016	0	3.0	398	6.633	[24.33333333  0.        ]	0	0	
1000	16.675	0.018	0	3.0	399	6.651	[24.5  0. ]	0	0	
1001	16.69	0.015	0	3.0	400	6.666	[24.66666667  0.        ]	0	0	
1002	16.707	0.017	0	3.0	401	6.683	[24.83333333  0.        ]	0	0	
1003	16.726	0.019	0	3.0	402	6.702	[25.  0.]	0	0	
1004	16.74	0.015	0	3.0	403	6.717	[25.16666667  0.        ]	0	0	
1005	16.757	0.017	0	3.0	404	6.733	[25.33333333  0.        ]	0	0	
1006	16.774	0.017	0	3.0	405	6.751	[25.5  0. ]	0	0	
1007	16.789	0.015	0	3.0	406	6.766	[25.66666667  0.        ]	0	0	
1008	16.808	0.018	0	3.0	407	6.784	[25.83333333  0.        ]	0	0	
1009	16.825	0.018	0	3.0	408	6.802	[26.  0.]	0	0	
1010	16.841	0.016	0	3.0	409	6.818	[26.16666667  0.        ]	0	0	
1011	16.858	0.016	0	3.0	410	6.834	[26.33333333  0.        ]	0	0	
1012	16.874	0.016	0	3.0	411	6.85	[26.5  0. ]	0	0	
1013	16.892	0.018	0	3.0	412	6.868	[26.66666667  0.        ]	0	0	
1014	16.907	0.016	0	3.0	413	6.884	[26.83333333  0.        ]	0	0	
1015	16.925	0.018	0	3.0	414	6.902	[27.  0.]	0	0	
1016	16.94	0.015	0	3.0	415	6.916	[27.16666667  0.        ]	0	0	
1017	16.958	0.018	0	3.0	416	6.934	[27.33333333  0.        ]	0	0	
1018	16.974	0.016	0	3.0	417	6.951	[27.5  0. ]	0	0	
1019	16.99	0.016	0	3.0	418	6.967	[27.66666667  0.        ]	0	0	
1020	17.007	0.017	0	3.0	419	6.984	[27.83333333  0.        ]	0	0	
1021	17.026	0.018	0	3.0	420	7.002	[28.  0.]	0	0	
1022	17.04	0.015	0	3.0	421	7.017	[28.16666667  0.        ]	0	0	
1023	17.056	0.015	0	3.0	422	7.032	[28.33333333  0.        ]	0	0	
1024	17.075	0.019	0	3.0	423	7.051	[28.5  0. ]	0	0	
1025	17.091	0.016	0	3.0	424	7.067	[28.66666667  0.        ]	0	0	
1026	17.108	0.018	0	3.0	425	7.085	[28.83333333  0.        ]	0	0	
1027	17.124	0.015	0	3.0	426	7.1	[29.  0.]	0	0	
1028	17.142	0.018	0	3.0	427	7.118	[29.16666667  0.        ]	0	0	
1029	17.157	0.015	0	3.0	428	7.133	[29.33333333  0.        ]	0	0	
1030	17.174	0.017	0	3.0	429	7.151	[29.5  0. ]	0	0	
1031	17.191	0.016	0	3.0	430	7.167	[29.66666667  0.        ]	0	0	
1032	17.208	0.017	0	3.0	431	7.184	[29.83333333  0.        ]	0	0	
1033	17.224	0.016	0	3.0	432	7.2	[30.  0.]	0	0	
1034	17.242	0.019	0	3.0	433	7.219	[30.16666667  0.        ]	0	0	
1035	17.258	0.015	0	3.0	434	7.234	[30.33333333  0.        ]	0	0	
1036	17.275	0.017	0	3.0	435	7.251	[30.5  0. ]	0	0	
1037	17.291	0.016	0	3.0	436	7.268	[30.66666667  0.        ]	0	0	
1038	17.307	0.016	0	3.0	437	7.284	[30.83333333  0.        ]	0	0	
1039	17.324	0.016	0	3.0	438	7.3	[31.  0.]	0	0	
1040	17.343	0.019	0	3.0	439	7.319	[31.16666667  0.        ]	0	0	
1041	17.358	0.015	0	3.0	440	7.334	[31.33333333  0.        ]	0	0	
1042	17.374	0.016	0	3.0	441	7.35	[31.5  0. ]	0	0	
1043	17.39	0.016	0	3.0	442	7.367	[31.66666667  0.        ]	0	0	
1044	17.408	0.017	0	3.0	443	7.384	[31.83333333  0.        ]	0	0	
1045	17.424	0.016	0	3.0	444	7.4	[32.  0.]	0	0	
1046	17.442	0.018	0	3.0	445	7.418	[32.16666667  0.        ]	0	0	
1047	17.458	0.016	0	3.0	446	7.434	[32.33333333  0.        ]	0	0	
1048	17.475	0.017	0	3.0	447	7.451	[32.5  0. ]	0	0	
1049	17.491	0.017	0	3.0	448	7.468	[32.66666667  0.        ]	0	0	
1050	17.508	0.017	0	3.0	449	7.485	[32.83333333  0.        ]	0	0	
1051	17.524	0.015	0	3.0	450	7.5	[33.  0.]	0	0	
1052	17.542	0.019	0	3.0	451	7.518	[33.16666667  0.        ]	0	0	
1053	17.557	0.015	0	3.0	452	7.533	[33.33333333  0.        ]	0	0	
1054	17.575	0.018	0	3.0	453	7.552	[33.5  0. ]	0	0	
1055	17.591	0.015	0	3.0	454	7.567	[33.66666667  0.        ]	0	0	
1056	17.608	0.017	0	3.0	455	7.584	[33.83333333  0.        ]	0	0	
1057	17.624	0.017	0	3.0	456	7.601	[34.  0.]	0	0	
1058	17.642	0.018	0	3.0	457	7.619	[34.16666667  0.        ]	0	0	
1059	17.659	0.016	0	3.0	458	7.635	[34.33333333  0.        ]	0	0	
1060	17.674	0.015	0	3.0	459	7.65	[34.5  0. ]	0	0	
1061	17.691	0.017	0	3.0	460	7.668	[34.66666667  0.        ]	0	0	
1062	17.708	0.017	0	3.0	461	7.684	[34.83333333  0.        ]	0	0	
1063	17.725	0.017	0	3.0	462	7.701	[35.  0.]	0	0	
1064	17.74	0.015	0	3.0	463	7.717	[35.16666667  0.        ]	0	0	
1065	17.759	0.019	0	3.0	464	7.735	[35.33333333  0.        ]	0	0	
1066	17.774	0.015	0	3.0	465	7.75	[35.5  0. ]	0	0	
1067	17.791	0.017	0	3.0	466	7.768	[35.66666667  0.        ]	0	0	
1068	17.808	0.017	0	3.0	467	7.785	[35.83333333  0.        ]	0	0	
1069	17.824	0.016	0	3.0	468	7.801	[36.  0.]	0	0	
1070	17.842	0.017	0	3.0	469	7.818	[36.16666667  0.        ]	0	0	
1071	17.859	0.017	0	3.0	470	7.835	[36.33333333  0.        ]	0	0	
1072	17.875	0.016	0	3.0	471	7.851	[36.5  0. ]	0	0	
1073	17.892	0.017	0	3.0	472	7.868	[36.66666667  0.        ]	0	0	
1074	17.907	0.015	0	3.0	473	7.884	[36.83333333  0.        ]	0	0	
1075	17.925	0.018	0	3.0	474	7.901	[37.  0.]	0	0	
1076	17.941	0.016	0	3.0	475	7.918	[37.16666667  0.        ]	0	0	
1077	17.959	0.018	0	3.0	476	7.935	[37.33333333  0.        ]	0	0	
1078	17.974	0.015	0	3.0	477	7.95	[37.5  0. ]	0	0	
1079	17.991	0.017	0	3.0	478	7.967	[37.66666667  0.        ]	0	0	
1080	18.007	0.017	0	3.0	479	7.984	[37.83333333  0.        ]	0	0	
1081	18.024	0.017	0	3.0	480	8.0	[37.83333333  0.        ]	0	0	
