sample_num	sample_time	sampling_interval	imaging_frame	frame_time	stimulus_epoch	stim_frame	epoch_time	stim_info1	stim_info2	stim_info3	
1	0.011	0.011	0	1.0	1	0.011	0	0	0	
2	0.028	0.017	0	1.0	2	0.028	0	0	0	
3	0.043	0.016	0	1.0	3	0.043	0	0	0	
4	0.059	0.015	0	1.0	4	0.059	0	0	0	
5	0.076	0.017	0	1.0	5	0.076	0	0	0	
6	0.096	0.02	0	1.0	6	0.096	0	0	0	
7	0.108	0.013	0	1.0	7	0.108	0	0	0	
8	0.126	0.017	0	1.0	8	0.126	0	0	0	
9	0.142	0.017	0	1.0	9	0.142	0	0	0	
10	0.159	0.017	0	1.0	10	0.159	0	0	0	
11	0.176	0.017	0	1.0	11	0.176	0	0	0	
12	0.192	0.017	0	1.0	12	0.192	0	0	0	
13	0.211	0.019	0	1.0	13	0.211	0	0	0	
14	0.225	0.014	0	1.0	14	0.225	0	0	0	
15	0.242	0.017	0	1.0	15	0.242	0	0	0	
16	0.259	0.017	0	1.0	16	0.259	0	0	0	
17	0.276	0.017	0	1.0	17	0.276	0	0	0	
18	0.293	0.017	0	1.0	18	0.293	0	0	0	
19	0.312	0.019	0	1.0	19	0.312	0	0	0	
20	0.325	0.014	0	1.0	20	0.325	0	0	0	
21	0.343	0.017	0	1.0	21	0.343	0	0	0	
22	0.359	0.017	0	1.0	22	0.359	0	0	0	
23	0.376	0.017	0	1.0	23	0.376	0	0	0	
24	0.393	0.017	0	1.0	24	0.393	0	0	0	
25	0.411	0.018	0	1.0	25	0.411	0	0	0	
26	0.425	0.014	0	1.0	26	0.425	0	0	0	
27	0.443	0.018	0	1.0	27	0.443	0	0	0	
28	0.459	0.016	0	1.0	28	0.459	0	0	0	
29	0.476	0.017	0	1.0	29	0.476	0	0	0	
30	0.493	0.017	0	1.0	30	0.493	0	0	0	
31	0.512	0.019	0	1.0	31	0.512	0	0	0	
32	0.525	0.014	0	1.0	32	0.525	0	0	0	
33	0.543	0.017	0	1.0	33	0.543	0	0	0	
34	0.56	0.017	0	1.0	34	0.56	0	0	0	
35	0.576	0.016	0	1.0	35	0.576	0	0	0	
36	0.593	0.017	0	1.0	36	0.593	0	0	0	
37	0.611	0.019	0	1.0	37	0.611	0	0	0	
38	0.626	0.014	0	1.0	38	0.626	0	0	0	
39	0.643	0.017	0	1.0	39	0.643	0	0	0	
40	0.659	0.017	0	1.0	40	0.659	0	0	0	
41	0.676	0.016	0	1.0	41	0.676	0	0	0	
42	0.693	0.017	0	1.0	42	0.693	0	0	0	
43	0.712	0.019	0	1.0	43	0.712	0	0	0	
44	0.726	0.014	0	1.0	44	0.726	0	0	0	
45	0.743	0.017	0	1.0	45	0.743	0	0	0	
46	0.759	0.017	0	1.0	46	0.759	0	0	0	
47	0.776	0.016	0	1.0	47	0.776	0	0	0	
48	0.793	0.017	0	1.0	48	0.793	0	0	0	
49	0.813	0.02	0	1.0	49	0.813	0	0	0	
50	0.826	0.013	0	1.0	50	0.826	0	0	0	
51	0.843	0.018	0	1.0	51	0.843	0	0	0	
52	0.859	0.016	0	1.0	52	0.859	0	0	0	
53	0.876	0.017	0	1.0	53	0.876	0	0	0	
54	0.893	0.017	0	1.0	54	0.893	0	0	0	
55	0.91	0.017	0	1.0	55	0.91	0	0	0	
56	0.928	0.019	0	1.0	56	0.928	0	0	0	
57	0.942	0.014	0	1.0	57	0.942	0	0	0	
58	0.96	0.017	0	1.0	58	0.96	0	0	0	
59	0.976	0.017	0	1.0	59	0.976	0	0	0	
60	0.993	0.017	0	1.0	60	0.993	0	0	0	
61	1.01	0.017	0	1.0	61	1.01	0	0	0	
62	1.029	0.02	0	1.0	62	1.029	0	0	0	
63	1.043	0.014	0	1.0	63	1.043	0	0	0	
64	1.06	0.017	0	1.0	64	1.06	0	0	0	
65	1.076	0.017	0	1.0	65	1.076	0	0	0	
66	1.095	0.018	0	1.0	66	1.095	0	0	0	
67	1.109	0.014	0	1.0	67	1.109	0	0	0	
68	1.128	0.019	0	1.0	68	1.128	0	0	0	
69	1.142	0.014	0	1.0	69	1.142	0	0	0	
70	1.159	0.017	0	1.0	70	1.16	0	0	0	
71	1.176	0.017	0	1.0	71	1.176	0	0	0	
72	1.193	0.017	0	1.0	72	1.193	0	0	0	
73	1.21	0.017	0	1.0	73	1.21	0	0	0	
74	1.228	0.018	0	1.0	74	1.228	0	0	0	
75	1.242	0.014	0	1.0	75	1.242	0	0	0	
76	1.26	0.017	0	1.0	76	1.26	0	0	0	
77	1.276	0.017	0	1.0	77	1.276	0	0	0	
78	1.293	0.017	0	1.0	78	1.293	0	0	0	
79	1.309	0.016	0	1.0	79	1.309	0	0	0	
80	1.329	0.02	0	1.0	80	1.329	0	0	0	
81	1.343	0.014	0	1.0	81	1.343	0	0	0	
82	1.36	0.017	0	1.0	82	1.36	0	0	0	
83	1.376	0.016	0	1.0	83	1.376	0	0	0	
84	1.393	0.017	0	1.0	84	1.393	0	0	0	
85	1.41	0.017	0	1.0	85	1.41	0	0	0	
86	1.426	0.016	0	1.0	86	1.426	0	0	0	
87	1.445	0.019	0	1.0	87	1.445	0	0	0	
88	1.459	0.014	0	1.0	88	1.459	0	0	0	
89	1.476	0.017	0	1.0	89	1.476	0	0	0	
90	1.493	0.017	0	1.0	90	1.493	0	0	0	
91	1.509	0.016	0	1.0	91	1.509	0	0	0	
92	1.527	0.018	0	1.0	92	1.527	0	0	0	
93	1.545	0.018	0	1.0	93	1.545	0	0	0	
94	1.559	0.014	0	1.0	94	1.559	0	0	0	
95	1.577	0.018	0	1.0	95	1.577	0	0	0	
96	1.593	0.016	0	1.0	96	1.593	0	0	0	
97	1.61	0.018	0	1.0	97	1.61	0	0	0	
98	1.626	0.016	0	1.0	98	1.626	0	0	0	
99	1.646	0.02	0	1.0	99	1.646	0	0	0	
100	1.659	0.014	0	1.0	100	1.659	0	0	0	
101	1.677	0.017	0	1.0	101	1.677	0	0	0	
102	1.693	0.016	0	1.0	102	1.693	0	0	0	
103	1.71	0.017	0	1.0	103	1.71	0	0	0	
104	1.727	0.017	0	1.0	104	1.727	0	0	0	
105	1.745	0.018	0	1.0	105	1.745	0	0	0	
106	1.759	0.014	0	1.0	106	1.759	0	0	0	
107	1.777	0.018	0	1.0	107	1.777	0	0	0	
108	1.793	0.016	0	1.0	108	1.793	0	0	0	
109	1.81	0.017	0	1.0	109	1.81	0	0	0	
110	1.826	0.017	0	1.0	110	1.826	0	0	0	
111	1.846	0.019	0	1.0	111	1.846	0	0	0	
112	1.859	0.014	0	1.0	112	1.859	0	0	0	
113	1.877	0.017	0	1.0	113	1.877	0	0	0	
114	1.893	0.017	0	1.0	114	1.893	0	0	0	
115	1.91	0.016	0	1.0	115	1.91	0	0	0	
116	1.926	0.017	0	1.0	116	1.926	0	0	0	
117	1.943	0.016	0	1.0	117	1.943	0	0	0	
118	1.962	0.019	0	1.0	118	1.962	0	0	0	
119	1.976	0.014	0	1.0	119	1.976	0	0	0	
120	1.994	0.018	0	1.0	120	1.994	0	0	0	
121	2.009	0.016	0	1.0	121	2.009	0	0	0	
122	2.027	0.018	0	2.0	1	0.017	[57.83333333  0.        ]	0	0	
123	2.043	0.016	0	2.0	2	0.034	[57.83333333  0.        ]	0	0	
124	2.062	0.019	0	2.0	3	0.053	[57.83333333  0.        ]	0	0	
125	2.076	0.014	0	2.0	4	0.067	[57.83333333  0.        ]	0	0	
126	2.094	0.017	0	2.0	5	0.084	[57.83333333  0.        ]	0	0	
127	2.111	0.017	0	2.0	6	0.101	[57.83333333  0.        ]	0	0	
128	2.127	0.017	0	2.0	7	0.117	[57.83333333  0.        ]	0	0	
129	2.144	0.017	0	2.0	8	0.134	[57.83333333  0.        ]	0	0	
130	2.162	0.018	0	2.0	9	0.153	[57.83333333  0.        ]	0	0	
131	2.176	0.014	0	2.0	10	0.167	[57.83333333  0.        ]	0	0	
132	2.194	0.018	0	2.0	11	0.184	[57.83333333  0.        ]	0	0	
133	2.21	0.016	0	2.0	12	0.2	[57.83333333  0.        ]	0	0	
134	2.227	0.017	0	2.0	13	0.217	[57.83333333  0.        ]	0	0	
135	2.243	0.016	0	2.0	14	0.234	[57.83333333  0.        ]	0	0	
136	2.262	0.018	0	2.0	15	0.252	[57.83333333  0.        ]	0	0	
137	2.276	0.014	0	2.0	16	0.266	[57.83333333  0.        ]	0	0	
138	2.294	0.017	0	2.0	17	0.284	[57.83333333  0.        ]	0	0	
139	2.31	0.017	0	2.0	18	0.301	[57.83333333  0.        ]	0	0	
140	2.327	0.017	0	2.0	19	0.317	[57.83333333  0.        ]	0	0	
141	2.343	0.016	0	2.0	20	0.334	[57.83333333  0.        ]	0	0	
142	2.36	0.017	0	2.0	21	0.351	[57.83333333  0.        ]	0	0	
143	2.378	0.018	0	2.0	22	0.368	[57.83333333  0.        ]	0	0	
144	2.393	0.015	0	2.0	23	0.384	[57.83333333  0.        ]	0	0	
145	2.411	0.017	0	2.0	24	0.401	[57.83333333  0.        ]	0	0	
146	2.427	0.017	0	2.0	25	0.417	[57.83333333  0.        ]	0	0	
147	2.444	0.017	0	2.0	26	0.434	[57.83333333  0.        ]	0	0	
148	2.46	0.016	0	2.0	27	0.45	[57.83333333  0.        ]	0	0	
149	2.479	0.019	0	2.0	28	0.47	[57.83333333  0.        ]	0	0	
150	2.493	0.014	0	2.0	29	0.483	[57.83333333  0.        ]	0	0	
151	2.511	0.018	0	2.0	30	0.501	[57.83333333  0.        ]	0	0	
152	2.527	0.017	0	2.0	31	0.517	[57.83333333  0.        ]	0	0	
153	2.544	0.017	0	2.0	32	0.534	[57.83333333  0.        ]	0	0	
154	2.56	0.016	0	2.0	33	0.55	[57.83333333  0.        ]	0	0	
155	2.58	0.02	0	2.0	34	0.57	[57.83333333  0.        ]	0	0	
156	2.593	0.013	0	2.0	35	0.583	[57.83333333  0.        ]	0	0	
157	2.611	0.018	0	2.0	36	0.601	[57.83333333  0.        ]	0	0	
158	2.627	0.017	0	2.0	37	0.617	[57.83333333  0.        ]	0	0	
159	2.644	0.017	0	2.0	38	0.634	[57.83333333  0.        ]	0	0	
160	2.66	0.016	0	2.0	39	0.651	[57.83333333  0.        ]	0	0	
161	2.68	0.019	0	2.0	40	0.67	[57.83333333  0.        ]	0	0	
162	2.693	0.013	0	2.0	41	0.683	[57.83333333  0.        ]	0	0	
163	2.711	0.018	0	2.0	42	0.701	[57.83333333  0.        ]	0	0	
164	2.727	0.017	0	2.0	43	0.718	[57.83333333  0.        ]	0	0	
165	2.744	0.017	0	2.0	44	0.734	[57.83333333  0.        ]	0	0	
166	2.76	0.016	0	2.0	45	0.75	[57.83333333  0.        ]	0	0	
167	2.78	0.02	0	2.0	46	0.77	[57.83333333  0.        ]	0	0	
168	2.793	0.013	0	2.0	47	0.783	[57.83333333  0.        ]	0	0	
169	2.811	0.018	0	2.0	48	0.801	[57.83333333  0.        ]	0	0	
170	2.827	0.017	0	2.0	49	0.818	[57.83333333  0.        ]	0	0	
171	2.844	0.017	0	2.0	50	0.834	[57.83333333  0.        ]	0	0	
172	2.861	0.017	0	2.0	51	0.851	[57.83333333  0.        ]	0	0	
173	2.877	0.017	0	2.0	52	0.868	[57.83333333  0.        ]	0	0	
174	2.895	0.018	0	2.0	53	0.885	[57.83333333  0.        ]	0	0	
175	2.91	0.015	0	2.0	54	0.9	[57.83333333  0.        ]	0	0	
176	2.927	0.017	0	2.0	55	0.918	[57.83333333  0.        ]	0	0	
177	2.944	0.017	0	2.0	56	0.934	[57.83333333  0.        ]	0	0	
178	2.96	0.016	0	2.0	57	0.95	[57.83333333  0.        ]	0	0	
179	2.977	0.017	0	2.0	58	0.968	[57.83333333  0.        ]	0	0	
180	2.996	0.019	0	2.0	59	0.987	[57.83333333  0.        ]	0	0	
181	3.01	0.014	0	2.0	60	1.0	[57.83333333  0.        ]	0	0	
182	3.028	0.017	0	2.0	61	1.018	[57.83333333  0.        ]	0	0	
183	3.043	0.016	0	2.0	62	1.034	[57.83333333  0.        ]	0	0	
184	3.061	0.017	0	2.0	63	1.051	[57.83333333  0.        ]	0	0	
185	3.077	0.017	0	2.0	64	1.068	[57.83333333  0.        ]	0	0	
186	3.096	0.019	0	2.0	65	1.086	[57.83333333  0.        ]	0	0	
187	3.11	0.014	0	2.0	66	1.1	[57.83333333  0.        ]	0	0	
188	3.128	0.018	0	2.0	67	1.118	[57.83333333  0.        ]	0	0	
189	3.144	0.016	0	2.0	68	1.134	[57.83333333  0.        ]	0	0	
190	3.161	0.017	0	2.0	69	1.151	[57.83333333  0.        ]	0	0	
191	3.177	0.016	0	2.0	70	1.168	[57.83333333  0.        ]	0	0	
192	3.197	0.019	0	2.0	71	1.187	[57.83333333  0.        ]	0	0	
193	3.21	0.013	0	2.0	72	1.2	[57.83333333  0.        ]	0	0	
194	3.228	0.018	0	2.0	73	1.218	[57.83333333  0.        ]	0	0	
195	3.244	0.016	0	2.0	74	1.234	[57.83333333  0.        ]	0	0	
196	3.261	0.017	0	2.0	75	1.251	[57.83333333  0.        ]	0	0	
197	3.277	0.016	0	2.0	76	1.268	[57.83333333  0.        ]	0	0	
198	3.296	0.018	0	2.0	77	1.286	[57.83333333  0.        ]	0	0	
199	3.31	0.014	0	2.0	78	1.3	[57.83333333  0.        ]	0	0	
200	3.328	0.018	0	2.0	79	1.318	[57.83333333  0.        ]	0	0	
201	3.344	0.016	0	2.0	80	1.334	[57.83333333  0.        ]	0	0	
202	3.361	0.017	0	2.0	81	1.351	[57.83333333  0.        ]	0	0	
203	3.378	0.017	0	2.0	82	1.368	[57.83333333  0.        ]	0	0	
204	3.394	0.016	0	2.0	83	1.384	[57.83333333  0.        ]	0	0	
205	3.412	0.018	0	2.0	84	1.403	[57.83333333  0.        ]	0	0	
206	3.427	0.014	0	2.0	85	1.417	[57.83333333  0.        ]	0	0	
207	3.444	0.018	0	2.0	86	1.435	[57.83333333  0.        ]	0	0	
208	3.46	0.016	0	2.0	87	1.451	[57.83333333  0.        ]	0	0	
209	3.478	0.017	0	2.0	88	1.468	[57.83333333  0.        ]	0	0	
210	3.494	0.017	0	2.0	89	1.484	[57.83333333  0.        ]	0	0	
211	3.513	0.019	0	2.0	90	1.503	[57.83333333  0.        ]	0	0	
212	3.527	0.014	0	2.0	91	1.517	[57.83333333  0.        ]	0	0	
213	3.545	0.018	0	2.0	92	1.535	[57.83333333  0.        ]	0	0	
214	3.56	0.016	0	2.0	93	1.551	[57.83333333  0.        ]	0	0	
215	3.577	0.017	0	2.0	94	1.568	[57.83333333  0.        ]	0	0	
216	3.594	0.017	0	2.0	95	1.585	[57.83333333  0.        ]	0	0	
217	3.613	0.019	0	2.0	96	1.603	[57.83333333  0.        ]	0	0	
218	3.627	0.014	0	2.0	97	1.617	[57.83333333  0.        ]	0	0	
219	3.645	0.018	0	2.0	98	1.635	[57.83333333  0.        ]	0	0	
220	3.661	0.016	0	2.0	99	1.651	[57.83333333  0.        ]	0	0	
221	3.677	0.017	0	2.0	100	1.668	[57.83333333  0.        ]	0	0	
222	3.694	0.017	0	2.0	101	1.684	[57.83333333  0.        ]	0	0	
223	3.711	0.017	0	2.0	102	1.702	[57.83333333  0.        ]	0	0	
224	3.727	0.015	0	2.0	103	1.717	[57.83333333  0.        ]	0	0	
225	3.745	0.018	0	2.0	104	1.735	[57.83333333  0.        ]	0	0	
226	3.761	0.016	0	2.0	105	1.751	[57.83333333  0.        ]	0	0	
227	3.778	0.017	0	2.0	106	1.768	[57.83333333  0.        ]	0	0	
228	3.794	0.017	0	2.0	107	1.785	[57.83333333  0.        ]	0	0	
229	3.814	0.019	0	2.0	108	1.804	[57.83333333  0.        ]	0	0	
230	3.827	0.013	0	2.0	109	1.817	[57.83333333  0.        ]	0	0	
231	3.845	0.018	0	2.0	110	1.835	[57.83333333  0.        ]	0	0	
232	3.86	0.016	0	2.0	111	1.851	[57.83333333  0.        ]	0	0	
233	3.878	0.017	0	2.0	112	1.868	[57.83333333  0.        ]	0	0	
234	3.894	0.016	0	2.0	113	1.884	[57.83333333  0.        ]	0	0	
235	3.911	0.017	0	2.0	114	1.901	[57.83333333  0.        ]	0	0	
236	3.929	0.018	0	2.0	115	1.92	[57.83333333  0.        ]	0	0	
237	3.944	0.014	0	2.0	116	1.934	[57.83333333  0.        ]	0	0	
238	3.961	0.018	0	2.0	117	1.952	[57.83333333  0.        ]	0	0	
239	3.977	0.016	0	2.0	118	1.968	[57.83333333  0.        ]	0	0	
240	3.994	0.017	0	2.0	119	1.985	[57.83333333  0.        ]	0	0	
241	4.011	0.017	0	2.0	120	2.001	[57.83333333  0.        ]	0	0	
242	4.029	0.018	0	2.0	121	2.02	[57.83333333  0.        ]	0	0	
243	4.044	0.014	0	2.0	122	2.034	[57.83333333  0.        ]	0	0	
244	4.061	0.018	0	2.0	123	2.052	[57.83333333  0.        ]	0	0	
245	4.077	0.016	0	2.0	124	2.068	[57.83333333  0.        ]	0	0	
246	4.094	0.017	0	2.0	125	2.085	[57.83333333  0.        ]	0	0	
247	4.111	0.017	0	2.0	126	2.101	[57.83333333  0.        ]	0	0	
248	4.13	0.019	0	2.0	127	2.12	[57.83333333  0.        ]	0	0	
249	4.143	0.014	0	2.0	128	2.134	[57.83333333  0.        ]	0	0	
250	4.161	0.018	0	2.0	129	2.152	[57.83333333  0.        ]	0	0	
251	4.178	0.017	0	2.0	130	2.168	[57.83333333  0.        ]	0	0	
252	4.194	0.017	0	2.0	131	2.185	[57.83333333  0.        ]	0	0	
253	4.211	0.017	0	2.0	132	2.201	[57.83333333  0.        ]	0	0	
254	4.23	0.019	0	2.0	133	2.221	[57.83333333  0.        ]	0	0	
255	4.244	0.013	0	2.0	134	2.234	[57.83333333  0.        ]	0	0	
256	4.261	0.017	0	2.0	135	2.252	[57.83333333  0.        ]	0	0	
257	4.277	0.016	0	2.0	136	2.268	[57.83333333  0.        ]	0	0	
258	4.295	0.017	0	2.0	137	2.285	[57.83333333  0.        ]	0	0	
259	4.311	0.017	0	2.0	138	2.301	[57.83333333  0.        ]	0	0	
260	4.33	0.019	0	2.0	139	2.32	[57.83333333  0.        ]	0	0	
261	4.343	0.013	0	2.0	140	2.334	[57.83333333  0.        ]	0	0	
262	4.361	0.018	0	2.0	141	2.352	[57.83333333  0.        ]	0	0	
263	4.377	0.016	0	2.0	142	2.368	[57.83333333  0.        ]	0	0	
264	4.395	0.017	0	2.0	143	2.385	[57.83333333  0.        ]	0	0	
265	4.411	0.017	0	2.0	144	2.401	[57.83333333  0.        ]	0	0	
266	4.428	0.017	0	2.0	145	2.418	[57.83333333  0.        ]	0	0	
267	4.446	0.018	0	2.0	146	2.436	[57.83333333  0.        ]	0	0	
268	4.463	0.017	0	2.0	147	2.453	[57.83333333  0.        ]	0	0	
269	4.479	0.017	0	2.0	148	2.47	[57.83333333  0.        ]	0	0	
270	4.496	0.017	0	2.0	149	2.487	[57.83333333  0.        ]	0	0	
271	4.513	0.017	0	2.0	150	2.503	[57.83333333  0.        ]	0	0	
272	4.529	0.016	0	2.0	151	2.519	[57.83333333  0.        ]	0	0	
273	4.549	0.02	0	2.0	152	2.539	[57.83333333  0.        ]	0	0	
274	4.562	0.013	0	2.0	153	2.552	[57.83333333  0.        ]	0	0	
275	4.58	0.018	0	2.0	154	2.57	[57.83333333  0.        ]	0	0	
276	4.596	0.017	0	2.0	155	2.587	[57.83333333  0.        ]	0	0	
277	4.613	0.017	0	2.0	156	2.603	[57.83333333  0.        ]	0	0	
278	4.629	0.016	0	2.0	157	2.619	[57.83333333  0.        ]	0	0	
279	4.649	0.019	0	2.0	158	2.639	[57.83333333  0.        ]	0	0	
280	4.662	0.013	0	2.0	159	2.652	[57.83333333  0.        ]	0	0	
281	4.68	0.017	0	2.0	160	2.67	[57.83333333  0.        ]	0	0	
282	4.696	0.017	0	2.0	161	2.687	[57.83333333  0.        ]	0	0	
283	4.713	0.017	0	2.0	162	2.703	[57.83333333  0.        ]	0	0	
284	4.73	0.017	0	2.0	163	2.72	[57.83333333  0.        ]	0	0	
285	4.748	0.019	0	2.0	164	2.738	[57.83333333  0.        ]	0	0	
286	4.762	0.014	0	2.0	165	2.753	[57.83333333  0.        ]	0	0	
287	4.78	0.017	0	2.0	166	2.77	[57.83333333  0.        ]	0	0	
288	4.796	0.017	0	2.0	167	2.787	[57.83333333  0.        ]	0	0	
289	4.813	0.017	0	2.0	168	2.803	[57.83333333  0.        ]	0	0	
290	4.83	0.017	0	2.0	169	2.82	[57.83333333  0.        ]	0	0	
291	4.849	0.019	0	2.0	170	2.839	[57.83333333  0.        ]	0	0	
292	4.862	0.013	0	2.0	171	2.852	[57.83333333  0.        ]	0	0	
293	4.88	0.017	0	2.0	172	2.87	[57.83333333  0.        ]	0	0	
294	4.896	0.017	0	2.0	173	2.887	[57.83333333  0.        ]	0	0	
295	4.913	0.017	0	2.0	174	2.903	[57.83333333  0.        ]	0	0	
296	4.93	0.017	0	2.0	175	2.92	[57.83333333  0.        ]	0	0	
297	4.949	0.019	0	2.0	176	2.939	[57.83333333  0.        ]	0	0	
298	4.962	0.013	0	2.0	177	2.952	[57.83333333  0.        ]	0	0	
299	4.98	0.017	0	2.0	178	2.97	[57.83333333  0.        ]	0	0	
300	4.997	0.017	0	2.0	179	2.987	[57.83333333  0.        ]	0	0	
301	5.013	0.016	0	2.0	180	3.003	[57.83333333  0.        ]	0	0	
302	5.029	0.016	0	2.0	181	3.02	[57.83333333  0.        ]	0	0	
303	5.046	0.017	0	2.0	182	3.037	[57.83333333  0.        ]	0	0	
304	5.065	0.018	0	2.0	183	3.055	[57.83333333  0.        ]	0	0	
305	5.079	0.015	0	2.0	184	3.07	[57.83333333  0.        ]	0	0	
306	5.096	0.017	0	2.0	185	3.087	[57.83333333  0.        ]	0	0	
307	5.113	0.017	0	2.0	186	3.103	[57.83333333  0.        ]	0	0	
308	5.129	0.016	0	2.0	187	3.12	[57.83333333  0.        ]	0	0	
309	5.146	0.017	0	2.0	188	3.137	[57.83333333  0.        ]	0	0	
310	5.165	0.019	0	2.0	189	3.156	[57.83333333  0.        ]	0	0	
311	5.179	0.014	0	2.0	190	3.169	[57.83333333  0.        ]	0	0	
312	5.196	0.017	0	2.0	191	3.187	[57.83333333  0.        ]	0	0	
313	5.213	0.017	0	2.0	192	3.203	[57.83333333  0.        ]	0	0	
314	5.229	0.016	0	2.0	193	3.22	[57.83333333  0.        ]	0	0	
315	5.246	0.017	0	2.0	194	3.237	[57.83333333  0.        ]	0	0	
316	5.265	0.018	0	2.0	195	3.255	[57.83333333  0.        ]	0	0	
317	5.279	0.014	0	2.0	196	3.269	[57.83333333  0.        ]	0	0	
318	5.297	0.017	0	2.0	197	3.287	[57.83333333  0.        ]	0	0	
319	5.314	0.017	0	2.0	198	3.304	[57.83333333  0.        ]	0	0	
320	5.329	0.016	0	2.0	199	3.32	[57.83333333  0.        ]	0	0	
321	5.346	0.017	0	2.0	200	3.337	[57.83333333  0.        ]	0	0	
322	5.366	0.019	0	2.0	201	3.356	[57.83333333  0.        ]	0	0	
323	5.379	0.013	0	2.0	202	3.369	[57.83333333  0.        ]	0	0	
324	5.396	0.017	0	2.0	203	3.387	[57.83333333  0.        ]	0	0	
325	5.413	0.017	0	2.0	204	3.403	[57.83333333  0.        ]	0	0	
326	5.43	0.017	0	2.0	205	3.42	[57.83333333  0.        ]	0	0	
327	5.446	0.016	0	2.0	206	3.437	[57.83333333  0.        ]	0	0	
328	5.465	0.019	0	2.0	207	3.456	[57.83333333  0.        ]	0	0	
329	5.479	0.014	0	2.0	208	3.469	[57.83333333  0.        ]	0	0	
330	5.496	0.017	0	2.0	209	3.487	[57.83333333  0.        ]	0	0	
331	5.513	0.017	0	2.0	210	3.504	[57.83333333  0.        ]	0	0	
332	5.53	0.017	0	2.0	211	3.52	[57.83333333  0.        ]	0	0	
333	5.546	0.016	0	2.0	212	3.537	[57.83333333  0.        ]	0	0	
334	5.563	0.017	0	2.0	213	3.554	[57.83333333  0.        ]	0	0	
335	5.581	0.018	0	2.0	214	3.572	[57.83333333  0.        ]	0	0	
336	5.596	0.015	0	2.0	215	3.586	[57.83333333  0.        ]	0	0	
337	5.613	0.017	0	2.0	216	3.604	[57.83333333  0.        ]	0	0	
338	5.63	0.017	0	2.0	217	3.62	[57.83333333  0.        ]	0	0	
339	5.647	0.017	0	2.0	218	3.637	[57.83333333  0.        ]	0	0	
340	5.663	0.017	0	2.0	219	3.654	[57.83333333  0.        ]	0	0	
341	5.682	0.018	0	2.0	220	3.672	[57.83333333  0.        ]	0	0	
342	5.696	0.014	0	2.0	221	3.686	[57.83333333  0.        ]	0	0	
343	5.713	0.017	0	2.0	222	3.704	[57.83333333  0.        ]	0	0	
344	5.73	0.017	0	2.0	223	3.72	[57.83333333  0.        ]	0	0	
345	5.747	0.017	0	2.0	224	3.737	[57.83333333  0.        ]	0	0	
346	5.763	0.017	0	2.0	225	3.754	[57.83333333  0.        ]	0	0	
347	5.782	0.018	0	2.0	226	3.772	[57.83333333  0.        ]	0	0	
348	5.796	0.014	0	2.0	227	3.786	[57.83333333  0.        ]	0	0	
349	5.813	0.017	0	2.0	228	3.804	[57.83333333  0.        ]	0	0	
350	5.83	0.017	0	2.0	229	3.82	[57.83333333  0.        ]	0	0	
351	5.847	0.017	0	2.0	230	3.837	[57.83333333  0.        ]	0	0	
352	5.863	0.017	0	2.0	231	3.854	[57.83333333  0.        ]	0	0	
353	5.882	0.018	0	2.0	232	3.872	[57.83333333  0.        ]	0	0	
354	5.896	0.014	0	2.0	233	3.886	[57.83333333  0.        ]	0	0	
355	5.913	0.017	0	2.0	234	3.904	[57.83333333  0.        ]	0	0	
356	5.93	0.017	0	2.0	235	3.92	[57.83333333  0.        ]	0	0	
357	5.947	0.017	0	2.0	236	3.937	[57.83333333  0.        ]	0	0	
358	5.963	0.017	0	2.0	237	3.954	[57.83333333  0.        ]	0	0	
359	5.982	0.019	0	2.0	238	3.973	[57.83333333  0.        ]	0	0	
360	5.996	0.014	0	2.0	239	3.986	[57.83333333  0.        ]	0	0	
361	6.013	0.017	0	2.0	240	4.004	[57.83333333  0.        ]	0	0	
362	6.03	0.017	0	2.0	241	4.02	[57.83333333  0.        ]	0	0	
363	6.047	0.017	0	2.0	242	4.037	[57.83333333  0.        ]	0	0	
364	6.063	0.016	0	2.0	243	4.053	[57.83333333  0.        ]	0	0	
365	6.08	0.017	0	2.0	244	4.07	[57.83333333  0.        ]	0	0	
366	6.099	0.018	0	2.0	245	4.089	[57.83333333  0.        ]	0	0	
367	6.113	0.015	0	2.0	246	4.104	[57.83333333  0.        ]	0	0	
368	6.13	0.017	0	2.0	247	4.121	[57.83333333  0.        ]	0	0	
369	6.146	0.016	0	2.0	248	4.137	[57.83333333  0.        ]	0	0	
370	6.163	0.017	0	2.0	249	4.154	[57.83333333  0.        ]	0	0	
371	6.18	0.017	0	2.0	250	4.17	[57.83333333  0.        ]	0	0	
372	6.199	0.019	0	2.0	251	4.189	[57.83333333  0.        ]	0	0	
373	6.213	0.013	0	2.0	252	4.203	[57.83333333  0.        ]	0	0	
374	6.23	0.018	0	2.0	253	4.221	[57.83333333  0.        ]	0	0	
375	6.247	0.017	0	2.0	254	4.237	[57.83333333  0.        ]	0	0	
376	6.263	0.017	0	2.0	255	4.254	[57.83333333  0.        ]	0	0	
377	6.28	0.017	0	2.0	256	4.27	[57.83333333  0.        ]	0	0	
378	6.299	0.019	0	2.0	257	4.289	[57.83333333  0.        ]	0	0	
379	6.313	0.014	0	2.0	258	4.303	[57.83333333  0.        ]	0	0	
380	6.33	0.018	0	2.0	259	4.321	[57.83333333  0.        ]	0	0	
381	6.347	0.017	0	2.0	260	4.337	[57.83333333  0.        ]	0	0	
382	6.363	0.016	0	2.0	261	4.353	[57.83333333  0.        ]	0	0	
383	6.38	0.018	0	2.0	262	4.371	[57.83333333  0.        ]	0	0	
384	6.399	0.018	0	2.0	263	4.389	[57.83333333  0.        ]	0	0	
385	6.413	0.014	0	2.0	264	4.403	[57.83333333  0.        ]	0	0	
386	6.43	0.017	0	2.0	265	4.421	[57.83333333  0.        ]	0	0	
387	6.447	0.017	0	2.0	266	4.437	[57.83333333  0.        ]	0	0	
388	6.463	0.016	0	2.0	267	4.454	[57.83333333  0.        ]	0	0	
389	6.48	0.017	0	2.0	268	4.471	[57.83333333  0.        ]	0	0	
390	6.499	0.019	0	2.0	269	4.489	[57.83333333  0.        ]	0	0	
391	6.513	0.014	0	2.0	270	4.503	[57.83333333  0.        ]	0	0	
392	6.53	0.018	0	2.0	271	4.521	[57.83333333  0.        ]	0	0	
393	6.547	0.017	0	2.0	272	4.537	[57.83333333  0.        ]	0	0	
394	6.564	0.017	0	2.0	273	4.554	[57.83333333  0.        ]	0	0	
395	6.58	0.017	0	2.0	274	4.571	[57.83333333  0.        ]	0	0	
396	6.6	0.02	0	2.0	275	4.59	[57.83333333  0.        ]	0	0	
397	6.613	0.013	0	2.0	276	4.603	[57.83333333  0.        ]	0	0	
398	6.63	0.018	0	2.0	277	4.621	[57.83333333  0.        ]	0	0	
399	6.647	0.017	0	2.0	278	4.637	[57.83333333  0.        ]	0	0	
400	6.663	0.016	0	2.0	279	4.653	[57.83333333  0.        ]	0	0	
401	6.68	0.017	0	2.0	280	4.671	[57.83333333  0.        ]	0	0	
402	6.697	0.017	0	2.0	281	4.687	[57.83333333  0.        ]	0	0	
403	6.715	0.018	0	2.0	282	4.706	[57.83333333  0.        ]	0	0	
404	6.73	0.014	0	2.0	283	4.72	[57.83333333  0.        ]	0	0	
405	6.747	0.018	0	2.0	284	4.738	[57.83333333  0.        ]	0	0	
406	6.763	0.016	0	2.0	285	4.754	[57.83333333  0.        ]	0	0	
407	6.78	0.017	0	2.0	286	4.771	[57.83333333  0.        ]	0	0	
408	6.797	0.017	0	2.0	287	4.787	[57.83333333  0.        ]	0	0	
409	6.816	0.019	0	2.0	288	4.806	[57.83333333  0.        ]	0	0	
410	6.83	0.014	0	2.0	289	4.82	[57.83333333  0.        ]	0	0	
411	6.847	0.018	0	2.0	290	4.838	[57.83333333  0.        ]	0	0	
412	6.863	0.016	0	2.0	291	4.854	[57.83333333  0.        ]	0	0	
413	6.88	0.017	0	2.0	292	4.871	[57.83333333  0.        ]	0	0	
414	6.897	0.017	0	2.0	293	4.887	[57.83333333  0.        ]	0	0	
415	6.916	0.019	0	2.0	294	4.906	[57.83333333  0.        ]	0	0	
416	6.929	0.014	0	2.0	295	4.92	[57.83333333  0.        ]	0	0	
417	6.947	0.018	0	2.0	296	4.938	[57.83333333  0.        ]	0	0	
418	6.963	0.016	0	2.0	297	4.954	[57.83333333  0.        ]	0	0	
419	6.98	0.017	0	2.0	298	4.971	[57.83333333  0.        ]	0	0	
420	6.997	0.017	0	2.0	299	4.987	[57.83333333  0.        ]	0	0	
421	7.015	0.018	0	2.0	300	5.006	[57.83333333  0.        ]	0	0	
422	7.03	0.014	0	2.0	301	5.02	[57.83333333  0.        ]	0	0	
423	7.047	0.018	0	2.0	302	5.038	[57.83333333  0.        ]	0	0	
424	7.064	0.016	0	2.0	303	5.054	[57.83333333  0.        ]	0	0	
425	7.08	0.017	0	2.0	304	5.071	[57.83333333  0.        ]	0	0	
426	7.097	0.017	0	2.0	305	5.087	[57.83333333  0.        ]	0	0	
427	7.116	0.019	0	2.0	306	5.106	[57.83333333  0.        ]	0	0	
428	7.13	0.014	0	2.0	307	5.12	[57.83333333  0.        ]	0	0	
429	7.147	0.018	0	2.0	308	5.138	[57.83333333  0.        ]	0	0	
430	7.164	0.016	0	2.0	309	5.154	[57.83333333  0.        ]	0	0	
431	7.18	0.017	0	2.0	310	5.171	[57.83333333  0.        ]	0	0	
432	7.197	0.017	0	2.0	311	5.187	[57.83333333  0.        ]	0	0	
433	7.218	0.021	0	2.0	312	5.208	[57.83333333  0.        ]	0	0	
434	7.23	0.012	0	2.0	313	5.22	[57.83333333  0.        ]	0	0	
435	7.247	0.018	0	2.0	314	5.238	[57.83333333  0.        ]	0	0	
436	7.264	0.017	0	2.0	315	5.254	[57.83333333  0.        ]	0	0	
437	7.28	0.017	0	2.0	316	5.271	[57.83333333  0.        ]	0	0	
438	7.297	0.017	0	2.0	317	5.288	[57.83333333  0.        ]	0	0	
439	7.313	0.016	0	2.0	318	5.304	[57.83333333  0.        ]	0	0	
440	7.332	0.019	0	2.0	319	5.323	[57.83333333  0.        ]	0	0	
441	7.346	0.014	0	2.0	320	5.337	[57.83333333  0.        ]	0	0	
442	7.364	0.017	0	2.0	321	5.354	[57.83333333  0.        ]	0	0	
443	7.38	0.017	0	2.0	322	5.371	[57.83333333  0.        ]	0	0	
444	7.397	0.017	0	2.0	323	5.388	[57.83333333  0.        ]	0	0	
445	7.414	0.017	0	2.0	324	5.404	[57.83333333  0.        ]	0	0	
446	7.432	0.018	0	2.0	325	5.423	[57.83333333  0.        ]	0	0	
447	7.447	0.015	0	2.0	326	5.437	[57.83333333  0.        ]	0	0	
448	7.464	0.017	0	2.0	327	5.455	[57.83333333  0.        ]	0	0	
449	7.48	0.016	0	2.0	328	5.471	[57.83333333  0.        ]	0	0	
450	7.497	0.017	0	2.0	329	5.487	[57.83333333  0.        ]	0	0	
451	7.514	0.017	0	2.0	330	5.504	[57.83333333  0.        ]	0	0	
452	7.532	0.018	0	2.0	331	5.523	[57.83333333  0.        ]	0	0	
453	7.547	0.014	0	2.0	332	5.537	[57.83333333  0.        ]	0	0	
454	7.564	0.018	0	2.0	333	5.555	[57.83333333  0.        ]	0	0	
455	7.58	0.016	0	2.0	334	5.57	[57.83333333  0.        ]	0	0	
456	7.597	0.017	0	2.0	335	5.588	[57.83333333  0.        ]	0	0	
457	7.614	0.017	0	2.0	336	5.604	[57.83333333  0.        ]	0	0	
458	7.632	0.018	0	2.0	337	5.623	[57.83333333  0.        ]	0	0	
459	7.647	0.014	0	2.0	338	5.637	[57.83333333  0.        ]	0	0	
460	7.664	0.018	0	2.0	339	5.655	[57.83333333  0.        ]	0	0	
461	7.68	0.016	0	2.0	340	5.671	[57.83333333  0.        ]	0	0	
462	7.697	0.017	0	2.0	341	5.688	[57.83333333  0.        ]	0	0	
463	7.714	0.017	0	2.0	342	5.704	[57.83333333  0.        ]	0	0	
464	7.732	0.018	0	2.0	343	5.723	[57.83333333  0.        ]	0	0	
465	7.747	0.014	0	2.0	344	5.737	[57.83333333  0.        ]	0	0	
466	7.764	0.018	0	2.0	345	5.755	[57.83333333  0.        ]	0	0	
467	7.78	0.016	0	2.0	346	5.771	[57.83333333  0.        ]	0	0	
468	7.797	0.017	0	2.0	347	5.788	[57.83333333  0.        ]	0	0	
469	7.814	0.017	0	2.0	348	5.804	[57.83333333  0.        ]	0	0	
470	7.833	0.019	0	2.0	349	5.823	[57.83333333  0.        ]	0	0	
471	7.847	0.013	0	2.0	350	5.837	[57.83333333  0.        ]	0	0	
472	7.864	0.018	0	2.0	351	5.855	[57.83333333  0.        ]	0	0	
473	7.88	0.016	0	2.0	352	5.871	[57.83333333  0.        ]	0	0	
474	7.897	0.017	0	2.0	353	5.888	[57.83333333  0.        ]	0	0	
475	7.914	0.017	0	2.0	354	5.904	[57.83333333  0.        ]	0	0	
476	7.931	0.017	0	2.0	355	5.921	[57.83333333  0.        ]	0	0	
477	7.95	0.019	0	2.0	356	5.94	[57.83333333  0.        ]	0	0	
478	7.963	0.014	0	2.0	357	5.954	[57.83333333  0.        ]	0	0	
479	7.981	0.017	0	2.0	358	5.971	[57.83333333  0.        ]	0	0	
480	7.997	0.017	0	2.0	359	5.988	[57.83333333  0.        ]	0	0	
481	8.014	0.017	0	2.0	360	6.004	[57.83333333  0.        ]	0	0	
482	8.031	0.017	0	2.0	361	6.021	[57.83333333  0.        ]	0	0	
483	8.049	0.018	0	2.0	362	6.039	[57.83333333  0.        ]	0	0	
484	8.063	0.015	0	2.0	363	6.054	[57.83333333  0.        ]	0	0	
485	8.081	0.018	0	2.0	364	6.072	[57.83333333  0.        ]	0	0	
486	8.097	0.016	0	2.0	365	6.087	[57.83333333  0.        ]	0	0	
487	8.114	0.017	0	2.0	366	6.105	[57.83333333  0.        ]	0	0	
488	8.131	0.017	0	2.0	367	6.121	[57.83333333  0.        ]	0	0	
489	8.149	0.018	0	2.0	368	6.139	[57.83333333  0.        ]	0	0	
490	8.163	0.014	0	2.0	369	6.154	[57.83333333  0.        ]	0	0	
491	8.181	0.018	0	2.0	370	6.172	[57.83333333  0.        ]	0	0	
492	8.197	0.016	0	2.0	371	6.187	[57.83333333  0.        ]	0	0	
493	8.214	0.017	0	2.0	372	6.205	[57.83333333  0.        ]	0	0	
494	8.231	0.016	0	2.0	373	6.221	[57.83333333  0.        ]	0	0	
495	8.249	0.018	0	2.0	374	6.239	[57.83333333  0.        ]	0	0	
496	8.263	0.014	0	2.0	375	6.254	[57.83333333  0.        ]	0	0	
497	8.281	0.018	0	2.0	376	6.272	[57.83333333  0.        ]	0	0	
498	8.297	0.016	0	2.0	377	6.287	[57.83333333  0.        ]	0	0	
499	8.314	0.017	0	2.0	378	6.305	[57.83333333  0.        ]	0	0	
500	8.331	0.017	0	2.0	379	6.322	[57.83333333  0.        ]	0	0	
501	8.35	0.018	0	2.0	380	6.34	[57.83333333  0.        ]	0	0	
502	8.363	0.014	0	2.0	381	6.354	[57.83333333  0.        ]	0	0	
503	8.381	0.018	0	2.0	382	6.372	[57.83333333  0.        ]	0	0	
504	8.397	0.016	0	2.0	383	6.388	[57.83333333  0.        ]	0	0	
505	8.414	0.017	0	2.0	384	6.405	[57.83333333  0.        ]	0	0	
506	8.431	0.017	0	2.0	385	6.421	[57.83333333  0.        ]	0	0	
507	8.451	0.02	0	2.0	386	6.441	[57.83333333  0.        ]	0	0	
508	8.463	0.013	0	2.0	387	6.454	[57.83333333  0.        ]	0	0	
509	8.481	0.018	0	2.0	388	6.472	[57.83333333  0.        ]	0	0	
510	8.497	0.016	0	2.0	389	6.488	[57.83333333  0.        ]	0	0	
511	8.515	0.017	0	2.0	390	6.505	[57.83333333  0.        ]	0	0	
512	8.531	0.016	0	2.0	391	6.521	[57.83333333  0.        ]	0	0	
513	8.548	0.017	0	2.0	392	6.538	[57.83333333  0.        ]	0	0	
514	8.566	0.018	0	2.0	393	6.556	[57.83333333  0.        ]	0	0	
515	8.581	0.015	0	2.0	394	6.571	[57.83333333  0.        ]	0	0	
516	8.598	0.017	0	2.0	395	6.588	[57.83333333  0.        ]	0	0	
517	8.614	0.017	0	2.0	396	6.605	[57.83333333  0.        ]	0	0	
518	8.631	0.017	0	2.0	397	6.621	[57.83333333  0.        ]	0	0	
519	8.648	0.017	0	2.0	398	6.638	[57.83333333  0.        ]	0	0	
520	8.666	0.019	0	2.0	399	6.657	[57.83333333  0.        ]	0	0	
521	8.681	0.014	0	2.0	400	6.671	[57.83333333  0.        ]	0	0	
522	8.698	0.017	0	2.0	401	6.688	[57.83333333  0.        ]	0	0	
523	8.714	0.017	0	2.0	402	6.705	[57.83333333  0.        ]	0	0	
524	8.731	0.017	0	2.0	403	6.721	[57.83333333  0.        ]	0	0	
525	8.748	0.017	0	2.0	404	6.738	[57.83333333  0.        ]	0	0	
526	8.767	0.019	0	2.0	405	6.757	[57.83333333  0.        ]	0	0	
527	8.78	0.013	0	2.0	406	6.77	[57.83333333  0.        ]	0	0	
528	8.798	0.018	0	2.0	407	6.788	[57.83333333  0.        ]	0	0	
529	8.814	0.017	0	2.0	408	6.805	[57.83333333  0.        ]	0	0	
530	8.831	0.017	0	2.0	409	6.821	[57.83333333  0.        ]	0	0	
531	8.848	0.017	0	2.0	410	6.838	[57.83333333  0.        ]	0	0	
532	8.866	0.018	0	2.0	411	6.856	[57.83333333  0.        ]	0	0	
533	8.88	0.014	0	2.0	412	6.87	[57.83333333  0.        ]	0	0	
534	8.898	0.018	0	2.0	413	6.889	[57.83333333  0.        ]	0	0	
535	8.914	0.016	0	2.0	414	6.904	[57.83333333  0.        ]	0	0	
536	8.931	0.017	0	2.0	415	6.922	[57.83333333  0.        ]	0	0	
537	8.948	0.017	0	2.0	416	6.938	[57.83333333  0.        ]	0	0	
538	8.967	0.019	0	2.0	417	6.957	[57.83333333  0.        ]	0	0	
539	8.98	0.013	0	2.0	418	6.971	[57.83333333  0.        ]	0	0	
540	8.998	0.018	0	2.0	419	6.989	[57.83333333  0.        ]	0	0	
541	9.014	0.016	0	2.0	420	7.004	[57.83333333  0.        ]	0	0	
542	9.031	0.017	0	2.0	421	7.022	[57.83333333  0.        ]	0	0	
543	9.047	0.016	0	2.0	422	7.038	[57.83333333  0.        ]	0	0	
544	9.064	0.017	0	2.0	423	7.055	[57.83333333  0.        ]	0	0	
545	9.083	0.018	0	2.0	424	7.073	[57.83333333  0.        ]	0	0	
546	9.097	0.015	0	2.0	425	7.087	[57.83333333  0.        ]	0	0	
547	9.115	0.018	0	2.0	426	7.105	[57.83333333  0.        ]	0	0	
548	9.131	0.017	0	2.0	427	7.121	[57.83333333  0.        ]	0	0	
549	9.147	0.016	0	2.0	428	7.138	[57.83333333  0.        ]	0	0	
550	9.164	0.017	0	2.0	429	7.155	[57.83333333  0.        ]	0	0	
551	9.184	0.019	0	2.0	430	7.174	[57.83333333  0.        ]	0	0	
552	9.197	0.013	0	2.0	431	7.187	[57.83333333  0.        ]	0	0	
553	9.215	0.018	0	2.0	432	7.205	[57.83333333  0.        ]	0	0	
554	9.231	0.017	0	2.0	433	7.221	[57.83333333  0.        ]	0	0	
555	9.248	0.017	0	2.0	434	7.238	[57.83333333  0.        ]	0	0	
556	9.265	0.017	0	2.0	435	7.255	[57.83333333  0.        ]	0	0	
557	9.284	0.019	0	2.0	436	7.274	[57.83333333  0.        ]	0	0	
558	9.297	0.013	0	2.0	437	7.287	[57.83333333  0.        ]	0	0	
559	9.315	0.018	0	2.0	438	7.305	[57.83333333  0.        ]	0	0	
560	9.331	0.016	0	2.0	439	7.321	[57.83333333  0.        ]	0	0	
561	9.348	0.017	0	2.0	440	7.338	[57.83333333  0.        ]	0	0	
562	9.365	0.017	0	2.0	441	7.355	[57.83333333  0.        ]	0	0	
563	9.384	0.019	0	2.0	442	7.374	[57.83333333  0.        ]	0	0	
564	9.397	0.013	0	2.0	443	7.387	[57.83333333  0.        ]	0	0	
565	9.415	0.018	0	2.0	444	7.405	[57.83333333  0.        ]	0	0	
566	9.431	0.016	0	2.0	445	7.422	[57.83333333  0.        ]	0	0	
567	9.448	0.017	0	2.0	446	7.438	[57.83333333  0.        ]	0	0	
568	9.466	0.018	0	2.0	447	7.457	[57.83333333  0.        ]	0	0	
569	9.486	0.019	0	2.0	448	7.476	[57.83333333  0.        ]	0	0	
570	9.499	0.013	0	2.0	449	7.489	[57.83333333  0.        ]	0	0	
571	9.516	0.018	0	2.0	450	7.507	[57.83333333  0.        ]	0	0	
572	9.533	0.017	0	2.0	451	7.523	[57.83333333  0.        ]	0	0	
573	9.55	0.017	0	2.0	452	7.54	[57.83333333  0.        ]	0	0	
574	9.567	0.017	0	2.0	453	7.557	[57.83333333  0.        ]	0	0	
575	9.585	0.018	0	2.0	454	7.575	[57.83333333  0.        ]	0	0	
576	9.599	0.014	0	2.0	455	7.589	[57.83333333  0.        ]	0	0	
577	9.616	0.017	0	2.0	456	7.607	[57.83333333  0.        ]	0	0	
578	9.632	0.016	0	2.0	457	7.623	[57.83333333  0.        ]	0	0	
579	9.65	0.018	0	2.0	458	7.64	[57.83333333  0.        ]	0	0	
580	9.666	0.016	0	2.0	459	7.656	[57.83333333  0.        ]	0	0	
581	9.687	0.022	0	2.0	460	7.678	[57.83333333  0.        ]	0	0	
582	9.699	0.011	0	2.0	461	7.689	[57.83333333  0.        ]	0	0	
583	9.716	0.018	0	2.0	462	7.707	[57.83333333  0.        ]	0	0	
584	9.733	0.017	0	2.0	463	7.723	[57.83333333  0.        ]	0	0	
585	9.749	0.016	0	2.0	464	7.739	[57.83333333  0.        ]	0	0	
586	9.766	0.017	0	2.0	465	7.757	[57.83333333  0.        ]	0	0	
587	9.783	0.017	0	2.0	466	7.773	[57.83333333  0.        ]	0	0	
588	9.802	0.019	0	2.0	467	7.793	[57.83333333  0.        ]	0	0	
589	9.815	0.013	0	2.0	468	7.806	[57.83333333  0.        ]	0	0	
590	9.833	0.018	0	2.0	469	7.824	[57.83333333  0.        ]	0	0	
591	9.849	0.016	0	2.0	470	7.84	[57.83333333  0.        ]	0	0	
592	9.866	0.017	0	2.0	471	7.857	[57.83333333  0.        ]	0	0	
593	9.883	0.017	0	2.0	472	7.873	[57.83333333  0.        ]	0	0	
594	9.901	0.018	0	2.0	473	7.892	[57.83333333  0.        ]	0	0	
595	9.916	0.014	0	2.0	474	7.906	[57.83333333  0.        ]	0	0	
596	9.933	0.017	0	2.0	475	7.923	[57.83333333  0.        ]	0	0	
597	9.95	0.017	0	2.0	476	7.94	[57.83333333  0.        ]	0	0	
598	9.966	0.016	0	2.0	477	7.957	[57.83333333  0.        ]	0	0	
599	9.983	0.017	0	2.0	478	7.973	[57.83333333  0.        ]	0	0	
600	10.002	0.018	0	2.0	479	7.992	[57.83333333  0.        ]	0	0	
601	10.016	0.014	0	2.0	480	8.006	[57.83333333  0.        ]	0	0	
602	10.034	0.018	0	2.0	481	8.024	[57.83333333  0.        ]	0	0	
603	10.05	0.016	0	2.0	482	8.04	[57.83333333  0.        ]	0	0	
604	10.066	0.016	0	2.0	483	8.056	[57.83333333  0.        ]	0	0	
605	10.083	0.017	0	2.0	484	8.074	[57.83333333  0.        ]	0	0	
606	10.101	0.018	0	2.0	485	8.092	[57.83333333  0.        ]	0	0	
607	10.116	0.014	0	2.0	486	8.106	[57.83333333  0.        ]	0	0	
608	10.133	0.017	0	2.0	487	8.124	[57.83333333  0.        ]	0	0	
609	10.149	0.016	0	2.0	488	8.14	[57.83333333  0.        ]	0	0	
610	10.166	0.017	0	2.0	489	8.157	[57.83333333  0.        ]	0	0	
611	10.183	0.017	0	2.0	490	8.174	[57.83333333  0.        ]	0	0	
612	10.202	0.018	0	2.0	491	8.192	[57.83333333  0.        ]	0	0	
613	10.216	0.014	0	2.0	492	8.206	[57.83333333  0.        ]	0	0	
614	10.233	0.017	0	2.0	493	8.224	[57.83333333  0.        ]	0	0	
615	10.25	0.017	0	2.0	494	8.24	[57.83333333  0.        ]	0	0	
616	10.266	0.016	0	2.0	495	8.257	[57.83333333  0.        ]	0	0	
617	10.283	0.017	0	2.0	496	8.274	[57.83333333  0.        ]	0	0	
618	10.303	0.02	0	2.0	497	8.293	[57.83333333  0.        ]	0	0	
619	10.316	0.013	0	2.0	498	8.306	[57.83333333  0.        ]	0	0	
620	10.333	0.018	0	2.0	499	8.324	[57.83333333  0.        ]	0	0	
621	10.35	0.017	0	2.0	500	8.34	[57.83333333  0.        ]	0	0	
622	10.366	0.016	0	2.0	501	8.356	[57.83333333  0.        ]	0	0	
623	10.383	0.017	0	2.0	502	8.374	[57.83333333  0.        ]	0	0	
624	10.4	0.017	0	2.0	503	8.39	[57.83333333  0.        ]	0	0	
625	10.419	0.019	0	2.0	504	8.409	[57.83333333  0.        ]	0	0	
626	10.433	0.014	0	2.0	505	8.423	[57.83333333  0.        ]	0	0	
627	10.45	0.018	0	2.0	506	8.44	[57.83333333  0.        ]	0	0	
628	10.466	0.016	0	2.0	507	8.457	[57.83333333  0.        ]	0	0	
629	10.483	0.017	0	2.0	508	8.474	[57.83333333  0.        ]	0	0	
630	10.5	0.017	0	2.0	509	8.49	[57.83333333  0.        ]	0	0	
631	10.518	0.018	0	2.0	510	8.509	[57.83333333  0.        ]	0	0	
632	10.533	0.014	0	2.0	511	8.523	[57.83333333  0.        ]	0	0	
633	10.55	0.018	0	2.0	512	8.541	[57.83333333  0.        ]	0	0	
634	10.566	0.016	0	2.0	513	8.556	[57.83333333  0.        ]	0	0	
635	10.583	0.017	0	2.0	514	8.574	[57.83333333  0.        ]	0	0	
636	10.6	0.017	0	2.0	515	8.59	[57.83333333  0.        ]	0	0	
637	10.619	0.019	0	2.0	516	8.609	[57.83333333  0.        ]	0	0	
638	10.633	0.014	0	2.0	517	8.623	[57.83333333  0.        ]	0	0	
639	10.651	0.018	0	2.0	518	8.641	[57.83333333  0.        ]	0	0	
640	10.666	0.016	0	2.0	519	8.657	[57.83333333  0.        ]	0	0	
641	10.683	0.017	0	2.0	520	8.674	[57.83333333  0.        ]	0	0	
642	10.7	0.017	0	2.0	521	8.69	[57.83333333  0.        ]	0	0	
643	10.718	0.018	0	2.0	522	8.709	[57.83333333  0.        ]	0	0	
644	10.733	0.015	0	2.0	523	8.723	[57.83333333  0.        ]	0	0	
645	10.75	0.017	0	2.0	524	8.741	[57.83333333  0.        ]	0	0	
646	10.766	0.016	0	2.0	525	8.757	[57.83333333  0.        ]	0	0	
647	10.783	0.017	0	2.0	526	8.774	[57.83333333  0.        ]	0	0	
648	10.8	0.017	0	2.0	527	8.791	[57.83333333  0.        ]	0	0	
649	10.819	0.019	0	2.0	528	8.809	[57.83333333  0.        ]	0	0	
650	10.833	0.014	0	2.0	529	8.823	[57.83333333  0.        ]	0	0	
651	10.85	0.017	0	2.0	530	8.84	[57.83333333  0.        ]	0	0	
652	10.866	0.016	0	2.0	531	8.856	[57.83333333  0.        ]	0	0	
653	10.883	0.017	0	2.0	532	8.874	[57.83333333  0.        ]	0	0	
654	10.9	0.016	0	2.0	533	8.89	[57.83333333  0.        ]	0	0	
655	10.919	0.019	0	2.0	534	8.91	[57.83333333  0.        ]	0	0	
656	10.932	0.013	0	2.0	535	8.923	[57.83333333  0.        ]	0	0	
657	10.95	0.018	0	2.0	536	8.941	[57.83333333  0.        ]	0	0	
658	10.967	0.017	0	2.0	537	8.957	[57.83333333  0.        ]	0	0	
659	10.984	0.017	0	2.0	538	8.974	[57.83333333  0.        ]	0	0	
660	11.0	0.017	0	2.0	539	8.991	[57.83333333  0.        ]	0	0	
661	11.017	0.017	0	2.0	540	9.007	[57.83333333  0.        ]	0	0	
662	11.035	0.018	0	2.0	541	9.025	[57.83333333  0.        ]	0	0	
663	11.05	0.014	0	2.0	542	9.04	[57.83333333  0.        ]	0	0	
664	11.067	0.018	0	2.0	543	9.057	[57.83333333  0.        ]	0	0	
665	11.083	0.016	0	2.0	544	9.074	[57.83333333  0.        ]	0	0	
666	11.1	0.017	0	2.0	545	9.091	[57.83333333  0.        ]	0	0	
667	11.117	0.017	0	2.0	546	9.107	[57.83333333  0.        ]	0	0	
668	11.135	0.018	0	2.0	547	9.126	[57.83333333  0.        ]	0	0	
669	11.15	0.014	0	2.0	548	9.14	[57.83333333  0.        ]	0	0	
670	11.167	0.018	0	2.0	549	9.157	[57.83333333  0.        ]	0	0	
671	11.183	0.016	0	2.0	550	9.174	[57.83333333  0.        ]	0	0	
672	11.2	0.017	0	2.0	551	9.191	[57.83333333  0.        ]	0	0	
673	11.217	0.017	0	2.0	552	9.207	[57.83333333  0.        ]	0	0	
674	11.236	0.019	0	2.0	553	9.226	[57.83333333  0.        ]	0	0	
675	11.249	0.014	0	2.0	554	9.24	[57.83333333  0.        ]	0	0	
676	11.267	0.018	0	2.0	555	9.258	[57.83333333  0.        ]	0	0	
677	11.283	0.016	0	2.0	556	9.273	[57.83333333  0.        ]	0	0	
678	11.3	0.017	0	2.0	557	9.291	[57.83333333  0.        ]	0	0	
679	11.317	0.017	0	2.0	558	9.307	[57.83333333  0.        ]	0	0	
680	11.336	0.019	0	2.0	559	9.326	[57.83333333  0.        ]	0	0	
681	11.349	0.014	0	2.0	560	9.34	[57.83333333  0.        ]	0	0	
682	11.367	0.018	0	2.0	561	9.357	[57.83333333  0.        ]	0	0	
683	11.383	0.016	0	2.0	562	9.374	[57.83333333  0.        ]	0	0	
684	11.4	0.017	0	2.0	563	9.391	[57.83333333  0.        ]	0	0	
685	11.417	0.017	0	2.0	564	9.407	[57.83333333  0.        ]	0	0	
686	11.436	0.019	0	2.0	565	9.426	[57.83333333  0.        ]	0	0	
687	11.449	0.013	0	2.0	566	9.44	[57.83333333  0.        ]	0	0	
688	11.467	0.018	0	2.0	567	9.458	[57.83333333  0.        ]	0	0	
689	11.483	0.016	0	2.0	568	9.473	[57.83333333  0.        ]	0	0	
690	11.5	0.017	0	2.0	569	9.491	[57.83333333  0.        ]	0	0	
691	11.517	0.017	0	2.0	570	9.507	[57.83333333  0.        ]	0	0	
692	11.534	0.017	0	2.0	571	9.524	[57.83333333  0.        ]	0	0	
693	11.552	0.018	0	2.0	572	9.542	[57.83333333  0.        ]	0	0	
694	11.566	0.014	0	2.0	573	9.557	[57.83333333  0.        ]	0	0	
695	11.584	0.017	0	2.0	574	9.574	[57.83333333  0.        ]	0	0	
696	11.6	0.017	0	2.0	575	9.591	[57.83333333  0.        ]	0	0	
697	11.617	0.017	0	2.0	576	9.607	[57.83333333  0.        ]	0	0	
698	11.634	0.017	0	2.0	577	9.624	[57.83333333  0.        ]	0	0	
699	11.653	0.019	0	2.0	578	9.643	[57.83333333  0.        ]	0	0	
700	11.666	0.014	0	2.0	579	9.657	[57.83333333  0.        ]	0	0	
701	11.684	0.017	0	2.0	580	9.674	[57.83333333  0.        ]	0	0	
702	11.701	0.017	0	2.0	581	9.691	[57.83333333  0.        ]	0	0	
703	11.717	0.017	0	2.0	582	9.708	[57.83333333  0.        ]	0	0	
704	11.733	0.016	0	2.0	583	9.724	[57.83333333  0.        ]	0	0	
705	11.752	0.019	0	2.0	584	9.742	[57.83333333  0.        ]	0	0	
706	11.766	0.014	0	2.0	585	9.757	[57.83333333  0.        ]	0	0	
707	11.784	0.017	0	2.0	586	9.774	[57.83333333  0.        ]	0	0	
708	11.8	0.017	0	2.0	587	9.791	[57.83333333  0.        ]	0	0	
709	11.817	0.017	0	2.0	588	9.807	[57.83333333  0.        ]	0	0	
710	11.833	0.016	0	2.0	589	9.824	[57.83333333  0.        ]	0	0	
711	11.853	0.019	0	2.0	590	9.843	[57.83333333  0.        ]	0	0	
712	11.866	0.013	0	2.0	591	9.857	[57.83333333  0.        ]	0	0	
713	11.884	0.017	0	2.0	592	9.874	[57.83333333  0.        ]	0	0	
714	11.9	0.017	0	2.0	593	9.891	[57.83333333  0.        ]	0	0	
715	11.917	0.017	0	2.0	594	9.908	[57.83333333  0.        ]	0	0	
716	11.934	0.016	0	2.0	595	9.924	[57.83333333  0.        ]	0	0	
717	11.952	0.018	0	2.0	596	9.942	[57.83333333  0.        ]	0	0	
718	11.966	0.014	0	2.0	597	9.957	[57.83333333  0.        ]	0	0	
719	11.984	0.018	0	2.0	598	9.975	[57.83333333  0.        ]	0	0	
720	12.0	0.016	0	2.0	599	9.99	[57.83333333  0.        ]	0	0	
721	12.017	0.017	0	2.0	600	10.008	[57.83333333  0.        ]	0	0	
